-2147483648 -2147483648 data/trees_headpose/tree_002.txt
100 10 5000 30 30000 1 48 1 data/trees_headpose ./data/Cropped_HBO_Data_4view.txt
1 0
0 0 0 1 0 29 15 19 18 31 30 16 14 -0.967693 -7 1 2
1 1 0 1 0 15 11 15 12 6 19 13 20 -0.652199 7 3 4
2 1 0 1 0 10 28 18 13 8 12 17 19 -0.815665 17 5 6
3 2 0 1 0 0 28 12 17 1 16 19 20 -0.425271 -6 7 8
4 2 0 1 0 4 31 14 13 5 29 12 15 -0.575666 2 9 10
5 2 0 1 0 11 30 13 15 17 9 13 14 -1.29344 -14 11 12
6 2 0 1 0 27 31 13 14 25 15 19 12 -0.546538 1 13 14
7 3 0 1 0 29 15 19 18 12 9 13 19 -0.247326 43 15 16
8 3 0 1 0 10 16 15 12 16 3 16 15 -0.429491 -12 17 18
9 3 0 1 0 24 11 12 12 35 28 19 12 -0.68736 39 19 20
10 3 0 1 0 16 30 13 19 10 31 14 12 -0.311746 -29 21 22
11 3 0 1 0 10 32 14 13 7 30 16 17 -0.717385 9 23 24
12 3 0 1 0 6 27 19 12 2 20 13 20 -1.27108 -7 25 26
13 3 0 1 0 0 28 17 13 4 27 17 13 -0.366735 3 27 28
14 3 0 1 0 2 11 18 17 28 7 18 12 -0.747786 5 29 30
15 4 0 1 0 29 10 17 13 27 0 15 13 -0.217819 -21 31 32
16 4 0 1 0 2 22 15 17 1 26 20 14 -0.21342 7 33 34
17 4 0 1 0 20 15 18 19 16 32 15 17 -0.59955 -36 35 36
18 4 0 1 0 32 26 18 15 16 13 18 12 -0.364298 3 37 38
19 4 0 1 0 1 29 16 14 4 23 16 13 -0.536493 6 39 40
20 4 0 1 0 6 17 17 13 7 25 12 12 -0.883926 -10 41 42
21 4 0 1 0 21 10 15 17 27 11 19 16 -0.0276498 49 43 44
22 4 0 1 0 27 34 13 20 29 30 15 12 -0.261222 -6 45 46
23 4 0 1 0 18 15 17 18 15 11 17 13 -0.324137 47 47 48
24 4 0 1 0 0 26 12 18 12 11 18 13 -0.573874 -73 49 50
25 4 0 1 0 15 0 13 15 5 10 16 18 -0.719669 -3 51 52
26 4 0 1 0 17 31 12 20 10 30 17 20 -1.26796 -17 53 54
27 4 0 1 0 19 6 13 19 12 26 17 13 -0.308022 -1 55 56
28 4 0 1 0 16 28 13 13 11 21 17 12 -0.377644 19 57 58
29 4 0 1 0 19 15 17 15 17 30 15 17 -0.519122 -15 59 60
30 4 0 1 0 20 23 14 19 16 8 13 17 -0.393673 -12 61 62
31 5 1 0 8 1 4 0 1 0 7 0 
32 5 0 1 0 18 30 16 16 21 9 16 12 -0.192182 29 63 64
33 5 0 1 0 21 13 18 17 4 21 14 12 -0 19 65 66
34 5 0 1 0 23 20 13 14 2 1 13 17 -0 68 67 68
35 5 0 1 0 23 3 19 12 0 27 19 12 -0.382979 28 69 70
36 5 0 1 0 35 29 18 12 17 3 15 20 -0.300241 -21 71 72
37 5 0 1 0 5 27 18 17 1 28 18 15 -0.860379 21 73 74
38 5 0 1 0 21 32 15 17 11 25 19 20 -0.206742 74 75 76
39 5 0 1 0 13 27 20 12 11 15 19 17 -0.422407 22 77 78
40 5 0 1 0 16 8 15 15 10 32 12 17 -0.52262 -31 79 80
41 5 0 1 0 0 29 17 12 10 24 19 12 -0.567425 -38 81 82
42 5 0 1 0 22 34 13 14 17 16 19 13 -0.719847 -6 83 84
43 5 0 1 0 21 32 12 15 17 16 14 14 -0.016129 32 85 86
44 5 1 0 4 1 4 4 0 0 0 355 
45 5 0 1 0 19 5 14 15 26 20 17 12 -0.375772 -16 87 88
46 5 0 1 0 20 25 16 13 26 34 12 20 -0.190466 -25 89 90
47 5 0 1 0 24 7 20 14 29 10 17 16 -0.21043 4 91 92
48 5 1 0 3 1 4 0 0 0 3 439 
49 5 0 1 0 18 19 17 12 11 29 18 16 -0.264753 22 93 94
50 5 0 1 0 30 29 16 14 20 11 19 14 -0.133333 -43 95 96
51 5 0 1 0 17 4 14 12 3 4 18 16 -0.563447 46 97 98
52 5 1 0 8 1 4 1 0 0 7 456 
53 5 0 1 0 4 26 16 17 9 6 12 13 -0.347983 -15 99 100
54 5 0 1 0 13 10 17 19 27 21 13 19 -1.21845 -6 101 102
55 5 0 1 0 1 16 15 16 0 29 17 19 -0.218231 -3 103 104
56 5 0 1 0 26 19 14 16 30 23 14 17 -1.02138 26 105 106
57 5 0 1 0 27 32 12 18 7 25 13 20 -0 -9 107 108
58 5 0 1 0 10 13 18 17 11 8 17 19 -0.0634921 16 109 110
59 5 0 1 0 19 12 16 18 23 2 17 20 -0.336769 -4 111 112
60 5 0 1 0 4 12 17 20 21 4 16 18 -0.295503 -4 113 114
61 5 0 1 0 24 30 16 16 20 23 19 15 -0.153043 -14 115 116
62 5 0 1 0 14 3 16 17 28 23 12 19 -0.25182 -25 117 118
63 6 0 1 0 10 31 15 20 11 21 15 12 -0.294142 1 119 120
64 6 0 1 0 22 11 19 17 24 9 20 12 -0.149776 -10 121 122
65 6 1 0 2 1 4 0 0 2 0 49 
66 6 1 0 9 1 4 0 0 0 9 50 
67 6 1 0 14 1 4 0 0 14 0 51 
68 6 1 0 10 1 4 0 10 0 0 52 
69 6 0 1 0 23 16 17 12 17 19 14 20 -0.117593 4 123 124
70 6 1 0 15 1 4 0 0 0 15 57 
71 6 1 0 5 1 4 0 1 0 4 58 
72 6 0 1 0 11 27 18 20 32 27 18 12 -0.0857026 -10 125 126
73 6 0 1 0 10 21 12 19 17 14 17 12 -0.684886 0 127 128
74 6 0 1 0 24 2 16 17 0 5 20 18 -0.520427 -1 129 130
75 6 0 1 0 29 1 13 16 20 3 12 14 -0.194421 -27 131 132
76 6 0 1 0 2 4 12 15 18 10 18 15 -0.0587436 3 133 134
77 6 0 1 0 18 21 14 12 22 26 17 13 -0.284787 11 135 136
78 6 0 1 0 8 28 19 19 25 25 13 12 -0.872863 26 137 138
79 6 0 1 0 25 16 17 19 24 23 13 19 -0.91026 -9 139 140
80 6 0 1 0 24 15 16 12 22 10 18 16 -0.233764 21 141 142
81 6 0 1 0 29 7 18 13 28 28 12 16 -0.271541 -39 143 144
82 6 0 1 0 19 20 18 14 8 35 12 15 -0.121457 -15 145 146
83 6 0 1 0 10 26 19 18 6 14 19 14 -0.0740741 18 147 148
84 6 0 1 0 28 25 13 17 30 16 16 14 -0.622465 10 149 150
85 6 1 0 29 1 4 0 0 0 29 353 
86 6 1 0 2 1 4 0 0 1 1 354 
87 6 0 1 0 34 24 17 12 8 4 14 17 -0.252966 93 151 152
88 6 0 1 0 14 22 14 15 23 33 14 13 -0.212761 -29 153 154
89 6 0 1 0 25 9 14 14 32 11 14 15 -0.548152 22 155 156
90 6 0 1 0 10 25 18 13 13 6 19 19 -0.146334 45 157 158
91 6 0 1 0 13 15 13 20 6 19 16 19 -0.166667 26 159 160
92 6 0 1 0 22 3 18 14 8 30 16 12 -0.12296 -6 161 162
93 6 1 0 3 1 4 0 1 0 2 440 
94 6 0 1 0 23 34 13 18 5 21 19 19 -0 59 163 164
95 6 1 0 13 1 4 0 0 0 13 443 
96 6 1 0 2 1 4 0 1 0 1 444 
97 6 0 1 0 12 23 12 17 19 25 12 16 -0.501169 -33 165 166
98 6 1 0 4 1 4 0 0 0 4 455 
99 6 1 0 5 1 4 3 2 0 0 457 
100 6 0 1 0 16 10 19 20 18 19 12 15 -0.146684 7 167 168
101 6 0 1 0 20 9 15 18 18 33 14 19 -0.528831 -11 169 170
102 6 0 1 0 0 27 15 14 1 23 17 14 -1.17727 3 171 172
103 6 0 1 0 28 12 14 19 28 33 14 16 -0.191403 -7 173 174
104 6 0 1 0 4 6 20 14 4 24 18 15 -0.317158 -8 175 176
105 6 0 1 0 28 7 18 18 17 34 13 16 -0.644444 -43 177 178
106 6 0 1 0 15 5 18 20 10 1 17 18 -0.467807 54 179 180
107 6 1 0 8 1 4 0 0 0 8 546 
108 6 1 0 3 1 4 0 0 3 0 547 
109 6 1 0 39 1 4 39 0 0 0 548 
110 6 1 0 3 1 4 0 1 0 2 549 
111 6 0 1 0 30 23 15 15 26 1 20 18 -0.180556 6 181 182
112 6 0 1 0 2 29 18 16 3 30 17 19 -0.217275 -7 183 184
113 6 0 1 0 7 16 19 14 1 16 16 14 -0.0416667 44 185 186
114 6 1 0 7 1 4 0 0 5 2 568 
115 6 1 0 2 1 4 0 2 0 0 569 
116 6 0 1 0 33 3 13 13 15 17 20 19 -0.0869565 -27 187 188
117 6 0 1 0 33 3 13 13 15 17 20 19 -0 -65 189 190
118 6 0 1 0 34 21 13 12 31 5 12 16 -0.172967 11 191 192
119 7 0 1 0 5 19 20 14 2 17 12 20 -0.290799 9 193 194
120 7 0 1 0 3 14 18 17 28 32 13 16 -0.0275253 -46 195 196
121 7 1 0 5 1 4 0 0 0 5 9 
122 7 0 1 0 13 8 20 12 5 2 13 19 -0.140013 11 197 198
123 7 0 1 0 26 27 18 12 5 31 15 19 -0.0355556 -50 199 200
124 7 1 0 5 1 4 4 1 0 0 56 
125 7 1 0 8 1 4 1 1 5 1 59 
126 7 0 1 0 34 33 13 12 28 32 14 14 -0.00979996 -27 201 202
127 7 0 1 0 18 15 18 19 18 33 14 14 -0.590636 -28 203 204
128 7 0 1 0 11 31 13 13 1 10 14 20 -0.538101 58 205 206
129 7 0 1 0 27 15 15 18 21 5 16 12 -0.261466 -17 207 208
130 7 0 1 0 6 25 12 13 9 13 20 17 -0.386769 -22 209 210
131 7 0 1 0 29 26 16 18 22 2 20 14 -0.347755 34 211 212
132 7 0 1 0 29 32 13 18 32 35 12 15 -0.168533 19 213 214
133 7 0 1 0 34 5 18 13 0 16 19 19 -0 14 215 216
134 7 1 0 5 1 4 0 0 4 1 217 
135 7 0 1 0 31 21 12 16 22 0 13 19 -0.217023 -26 217 218
136 7 0 1 0 15 4 16 18 17 1 18 13 -0.489034 -1 219 220
137 7 0 1 0 6 31 16 12 16 28 16 18 -0.748663 -21 221 222
138 7 0 1 0 16 31 13 19 23 7 19 16 -0.218644 93 223 224
139 7 0 1 0 30 31 12 17 23 25 20 18 -0.721623 13 225 226
140 7 0 1 0 8 9 12 16 3 0 16 20 -0 54 227 228
141 7 0 1 0 22 25 14 19 30 33 13 15 -0.190287 12 229 230
142 7 0 1 0 18 5 19 20 18 4 17 16 -0.135747 -15 231 232
143 7 1 0 8 1 4 0 7 0 1 331 
144 7 0 1 0 15 28 17 15 17 21 17 19 -0.178335 -2 233 234
145 7 1 0 6 1 4 0 0 0 6 337 
146 7 0 1 0 21 9 17 15 20 19 16 17 -0 -1 235 236
147 7 1 0 2 1 4 0 1 0 1 340 
148 7 1 0 25 1 4 25 0 0 0 341 
149 7 0 1 0 7 27 18 13 10 0 20 13 -0.722721 -6 237 238
150 7 0 1 0 31 13 17 15 24 4 14 19 -0.139245 -43 239 240
151 7 0 1 0 31 11 16 16 23 28 19 14 -0.186619 -51 241 242
152 7 0 1 0 28 4 18 12 28 2 17 18 -0.166667 -4 243 244
153 7 0 1 0 5 24 16 18 17 24 14 12 -0.153741 5 245 246
154 7 0 1 0 34 26 15 12 25 24 14 15 -0.0961403 -53 247 248
155 7 0 1 0 10 15 17 17 2 21 12 19 -0.12967 27 249 250
156 7 0 1 0 0 0 16 17 7 22 14 17 -0.290441 -106 251 252
157 7 0 1 0 7 32 14 14 17 26 14 14 -0.107936 37 253 254
158 7 0 1 0 7 24 14 16 13 17 15 12 -0.921986 -20 255 256
159 7 1 0 6 1 4 0 0 5 1 432 
160 7 1 0 8 1 4 2 6 0 0 433 
161 7 1 0 2 1 4 0 1 0 1 434 
162 7 0 1 0 12 17 14 19 14 21 12 18 -0.0847293 8 257 258
163 7 1 0 15 1 4 15 0 0 0 441 
164 7 1 0 4 1 4 0 4 0 0 442 
165 7 1 0 5 1 4 0 2 0 3 445 
166 7 0 1 0 12 34 13 18 13 22 20 20 -0.37553 4 259 260
167 7 0 1 0 23 24 20 17 23 31 15 20 -0.0424242 -2 261 262
168 7 1 0 3 1 4 1 2 0 0 460 
169 7 0 1 0 13 27 17 16 13 19 16 15 -0.0666667 2 263 264
170 7 0 1 0 10 14 19 20 11 26 17 20 -0.500529 -7 265 266
171 7 0 1 0 19 8 19 20 27 28 19 12 -1.05993 4 267 268
172 7 0 1 0 8 18 20 19 6 7 19 19 -0.42185 6 269 270
173 7 0 1 0 20 14 17 13 14 31 16 12 -0.681661 2 271 272
174 7 0 1 0 2 15 14 18 0 12 19 13 -0.0621454 -20 273 274
175 7 0 1 0 14 12 19 17 20 28 17 16 -0.102273 -10 275 276
176 7 1 0 7 1 4 0 0 1 6 537 
177 7 1 0 6 1 4 0 2 0 4 538 
178 7 0 1 0 27 21 17 13 28 34 13 16 -0.0619048 39 277 278
179 7 0 1 0 30 32 14 15 28 8 13 12 -0.130757 -13 279 280
180 7 1 0 8 1 4 6 0 0 2 545 
181 7 0 1 0 8 28 18 15 10 15 19 15 -0 50 281 282
182 7 0 1 0 8 21 13 16 1 31 12 13 -0 -24 283 284
183 7 0 1 0 5 14 18 19 14 1 14 14 -0.12797 -8 285 286
184 7 0 1 0 25 33 13 20 10 27 19 15 -0.208333 -52 287 288
185 7 1 0 14 1 4 14 0 0 0 566 
186 7 1 0 6 1 4 0 5 1 0 567 
187 7 1 0 21 1 4 0 0 0 21 570 
188 7 1 0 2 1 4 0 1 0 1 571 
189 7 1 0 3 1 4 0 0 0 3 572 
190 7 1 0 18 1 4 0 0 18 0 573 
191 7 0 1 0 0 27 13 19 13 31 14 19 -0.133904 -7 289 290
192 7 0 1 0 31 26 16 14 12 22 16 13 -0.0333333 -45 291 292
193 8 0 1 0 27 30 17 14 12 15 19 18 -0.0924479 -10 293 294
194 8 1 0 4 1 4 0 0 2 2 5 
195 8 1 0 6 1 4 0 5 1 0 6 
196 8 0 1 0 23 5 17 19 21 18 19 15 -0.00833333 -62 295 296
197 8 0 1 0 31 33 14 16 29 33 13 14 -0.143229 -8 297 298
198 8 0 1 0 0 26 13 20 0 31 15 16 -0.123886 -3 299 300
199 8 1 0 2 1 4 0 0 0 2 53 
200 8 0 1 0 4 24 14 20 26 12 12 15 -0.02 78 301 302
201 8 1 0 3 1 4 0 3 0 0 60 
202 8 0 1 0 27 4 19 12 23 32 12 20 -0.00510204 -87 303 304
203 8 0 1 0 27 23 20 16 27 14 18 18 -0.517007 11 305 306
204 8 0 1 0 20 22 14 18 17 31 14 20 -0.258957 -1 307 308
205 8 0 1 0 4 3 16 14 21 30 12 19 -0.537955 -4 309 310
206 8 0 1 0 29 27 19 13 21 0 20 17 -0.412381 13 311 312
207 8 1 0 7 1 4 0 0 0 7 102 
208 8 0 1 0 2 5 16 19 5 32 15 15 -0.17723 -101 313 314
209 8 1 0 2 1 4 2 0 0 0 109 
210 8 0 1 0 3 8 14 17 7 1 13 17 -0.251431 -11 315 316
211 8 0 1 0 11 27 18 18 1 21 13 19 -0.1 6 317 318
212 8 0 1 0 33 7 17 14 30 8 14 14 -0.188114 -4 319 320
213 8 0 1 0 25 17 17 12 22 23 20 20 -0.161027 5 321 322
214 8 0 1 0 2 6 19 20 26 28 19 18 -0.0138889 -121 323 324
215 8 1 0 54 1 4 0 54 0 0 215 
216 8 1 0 3 1 4 0 0 3 0 216 
217 8 0 1 0 1 31 13 17 28 6 19 15 -0 -11 325 326
218 8 0 1 0 3 31 16 14 4 0 14 19 -0.189991 26 327 328
219 8 0 1 0 26 14 20 16 28 27 12 12 -0.615873 0 329 330
220 8 0 1 0 5 23 17 12 3 27 18 16 -0.283741 -3 331 332
221 8 0 1 0 7 20 20 13 9 9 20 12 -0.581661 9 333 334
222 8 0 1 0 16 25 18 20 19 11 15 15 -0.0492611 22 335 336
223 8 0 1 0 29 31 16 17 23 27 17 20 -0.0199645 -16 337 338
224 8 0 1 0 31 14 13 16 11 20 19 18 -0.05 -128 339 340
225 8 0 1 0 23 26 17 19 17 4 17 17 -0.536147 74 341 342
226 8 1 0 7 1 4 0 0 0 7 313 
227 8 1 0 18 1 4 0 0 0 18 314 
228 8 1 0 3 1 4 0 0 3 0 315 
229 8 0 1 0 28 3 15 19 13 22 15 19 -0.123961 -17 343 344
230 8 0 1 0 19 8 19 16 30 31 14 14 -0.190476 11 345 346
231 8 1 0 4 1 4 0 0 4 0 328 
232 8 0 1 0 13 8 13 13 10 20 12 18 -0 -29 347 348
233 8 1 0 2 1 4 1 1 0 0 332 
234 8 0 1 0 26 8 19 15 30 26 17 17 -0.144583 1 349 350
235 8 1 0 3 1 4 0 3 0 0 338 
236 8 1 0 10 1 4 10 0 0 0 339 
237 8 0 1 0 22 8 17 12 20 24 15 19 -0 30 351 352
238 8 0 1 0 23 9 14 15 21 29 18 14 -0.449322 -8 353 354
239 8 1 0 5 1 4 0 0 0 5 348 
240 8 0 1 0 19 19 12 20 34 8 19 13 -0.101628 49 355 356
241 8 0 1 0 10 12 13 19 19 12 20 17 -0.133241 -50 357 358
242 8 0 1 0 23 6 14 18 28 16 14 14 -0 -40 359 360
243 8 1 0 2 1 4 1 0 1 0 366 
244 8 1 0 10 1 4 0 0 0 10 367 
245 8 0 1 0 28 29 18 19 26 27 19 12 -0.0533333 -17 361 362
246 8 1 0 7 1 4 0 0 6 1 371 
247 8 1 0 7 1 4 0 6 0 1 372 
248 8 0 1 0 20 32 15 12 12 28 14 17 -0.0492689 -11 363 364
249 8 0 1 0 30 29 12 14 8 21 18 19 -0 15 365 366
250 8 1 0 5 1 4 1 4 0 0 379 
251 8 1 0 2 1 4 0 0 0 2 380 
252 8 0 1 0 26 23 20 12 20 15 20 20 -0.0583333 24 367 368
253 8 0 1 0 10 22 20 12 35 32 12 12 -0.097288 108 369 370
254 8 1 0 3 1 4 0 0 0 3 423 
255 8 1 0 13 1 4 13 0 0 0 424 
256 8 0 1 0 10 20 20 13 0 29 16 19 -0.479815 -3 371 372
257 8 0 1 0 22 13 16 14 23 32 12 16 -0.0280483 7 373 374
258 8 1 0 2 1 4 1 0 0 1 438 
259 8 0 1 0 15 13 14 18 7 28 17 12 -0.346417 23 375 376
260 8 0 1 0 22 2 14 18 2 1 17 17 -0.058887 3 377 378
261 8 1 0 5 1 4 0 2 2 1 458 
262 8 1 0 61 1 4 0 0 0 61 459 
263 8 1 0 6 1 4 1 0 5 0 461 
264 8 1 0 44 1 4 0 0 0 44 462 
265 8 1 0 7 1 4 4 3 0 0 463 
266 8 0 1 0 11 24 19 14 15 28 19 16 -0.242857 -16 379 380
267 8 0 1 0 9 1 12 15 6 10 20 14 -0.65152 -1 381 382
268 8 0 1 0 4 10 15 18 15 2 12 13 -0.44419 -10 383 384
269 8 0 1 0 2 23 13 18 5 5 13 14 -0.11203 -5 385 386
270 8 0 1 0 27 7 18 18 10 26 20 17 -0.141414 -38 387 388
271 8 0 1 0 27 35 12 20 15 29 18 14 -0.559012 -48 389 390
272 8 0 1 0 27 29 15 17 20 12 17 20 -0.0518519 -11 391 392
273 8 1 0 2 1 4 2 0 0 0 510 
274 8 0 1 0 20 9 20 13 17 0 15 20 -0.0566285 -5 393 394
275 8 1 0 5 1 4 5 0 0 0 534 
276 8 0 1 0 3 2 14 17 34 24 17 13 -0 -2 395 396
277 8 0 1 0 2 33 12 13 27 27 19 20 -0 -35 397 398
278 8 1 0 2 1 4 0 0 0 2 541 
279 8 0 1 0 4 16 20 15 3 23 16 14 -0 6 399 400
280 8 1 0 2 1 4 1 1 0 0 544 
281 8 1 0 15 1 4 0 15 0 0 550 
282 8 1 0 3 1 4 0 0 3 0 551 
283 8 1 0 12 1 4 0 0 12 0 552 
284 8 1 0 6 1 4 0 0 0 6 553 
285 8 1 0 4 1 4 1 2 0 1 554 
286 8 0 1 0 4 19 19 19 9 34 13 17 -0.079992 -25 401 402
287 8 1 0 5 1 4 0 0 0 5 562 
288 8 0 1 0 15 8 15 13 27 6 15 20 -0.0601852 9 403 404
289 8 0 1 0 18 22 20 13 15 11 16 13 -0.0826327 9 405 406
290 8 1 0 6 1 4 0 1 3 2 577 
291 8 1 0 2 1 4 1 1 0 0 578 
292 8 1 0 13 1 4 13 0 0 0 579 
293 9 1 0 8 1 4 8 0 0 0 1 
294 9 0 1 0 17 32 12 20 8 4 12 20 -0.0397727 24 407 408
295 9 1 0 2 1 4 1 1 0 0 7 
296 9 1 0 58 1 4 58 0 0 0 8 
297 9 0 1 0 4 31 13 14 11 4 19 20 -0.025 29 409 410
298 9 1 0 16 1 4 0 0 16 0 12 
299 9 0 1 0 19 33 12 15 11 18 20 12 -0.175478 28 411 412
300 9 0 1 0 12 2 17 14 18 6 15 13 -0.103738 -27 413 414
301 9 1 0 23 1 4 0 0 23 0 54 
302 9 1 0 2 1 4 0 1 1 0 55 
303 9 1 0 2 1 4 1 1 0 0 61 
304 9 1 0 96 1 4 96 0 0 0 62 
305 9 1 0 7 1 4 1 0 0 6 63 
306 9 0 1 0 18 24 20 13 20 26 16 14 -0.255782 7 415 416
307 9 0 1 0 28 28 19 18 19 13 20 12 -0.11629 3 417 418
308 9 1 0 7 1 4 1 3 2 1 73 
309 9 0 1 0 19 30 17 18 4 7 12 20 -0.315034 51 419 420
310 9 1 0 5 1 4 0 0 2 3 82 
311 9 1 0 10 1 4 0 0 0 10 83 
312 9 0 1 0 15 8 19 17 28 26 19 19 -0.296937 -17 421 422
313 9 0 1 0 11 8 16 17 2 25 16 16 -0.126263 -60 423 424
314 9 0 1 0 4 12 12 20 0 1 19 17 -0.0973046 5 425 426
315 9 1 0 2 1 4 2 0 0 0 110 
316 9 0 1 0 22 9 12 13 29 29 14 12 -0.179697 -46 427 428
317 9 1 0 2 1 4 1 0 1 0 117 
318 9 1 0 18 1 4 18 0 0 0 118 
319 9 0 1 0 26 14 20 12 20 24 15 20 -0.0414079 -32 429 430
320 9 1 0 8 1 4 2 5 1 0 122 
321 9 0 1 0 27 12 14 12 0 31 12 13 -0.125556 16 431 432
322 9 0 1 0 18 32 14 16 22 11 17 16 -0.973823 31 433 434
323 9 1 0 2 1 4 0 0 1 1 213 
324 9 1 0 34 1 4 0 0 0 34 214 
325 9 1 0 10 1 4 0 10 0 0 218 
326 9 1 0 11 1 4 0 0 0 11 219 
327 9 0 1 0 0 12 17 16 2 20 19 16 -0.153448 -21 435 436
328 9 0 1 0 4 24 18 16 2 23 16 20 -0.277999 12 437 438
329 9 0 1 0 12 27 12 16 7 18 13 18 -0.205128 20 439 440
330 9 1 0 6 1 4 0 0 0 6 272 
331 9 0 1 0 22 16 20 15 20 18 13 19 -0.186776 -6 441 442
332 9 0 1 0 14 28 13 18 7 21 18 20 -0.246032 -7 443 444
333 9 0 1 0 19 31 12 20 24 34 12 17 -0.228494 -7 445 446
334 9 0 1 0 0 18 16 19 1 18 20 15 -0.882727 -1 447 448
335 9 1 0 22 1 4 22 0 0 0 298 
336 9 1 0 7 1 4 0 5 2 0 299 
337 9 1 0 3 1 4 0 3 0 0 300 
338 9 0 1 0 15 21 19 19 25 3 18 17 -0.0108696 34 449 450
339 9 1 0 2 1 4 1 1 0 0 303 
340 9 1 0 8 1 4 0 8 0 0 304 
341 9 0 1 0 18 5 19 15 19 27 13 20 -0.32132 -18 451 452
342 9 0 1 0 32 31 15 13 30 4 12 14 -0.15 105 453 454
343 9 0 1 0 17 23 18 18 23 33 13 16 -0.0849164 -28 455 456
344 9 1 0 4 1 4 1 1 0 2 324 
345 9 0 1 0 25 22 20 20 0 25 16 18 -0 23 457 458
346 9 1 0 2 1 4 0 0 0 2 327 
347 9 1 0 3 1 4 3 0 0 0 329 
348 9 1 0 10 1 4 0 10 0 0 330 
349 9 1 0 7 1 4 0 3 0 4 333 
350 9 0 1 0 6 11 17 18 3 15 17 13 -0.0656473 53 459 460
351 9 1 0 12 1 4 0 12 0 0 342 
352 9 1 0 4 1 4 4 0 0 0 343 
353 9 0 1 0 11 0 15 13 5 16 13 18 -0.107639 -31 461 462
354 9 1 0 5 1 4 2 3 0 0 347 
355 9 1 0 3 1 4 0 1 0 2 349 
356 9 0 1 0 19 3 12 19 18 9 12 20 -0.0329496 -51 463 464
357 9 1 0 3 1 4 0 0 0 3 356 
358 9 0 1 0 23 27 20 12 16 25 12 14 -0.104742 -2 465 466
359 9 1 0 2 1 4 0 2 0 0 364 
360 9 1 0 11 1 4 11 0 0 0 365 
361 9 0 1 0 5 21 17 17 0 0 12 13 -0 4 467 468
362 9 1 0 5 1 4 5 0 0 0 370 
363 9 1 0 2 1 4 1 0 0 1 373 
364 9 0 1 0 10 17 14 16 13 3 15 12 -0.00666575 -29 469 470
365 9 1 0 3 1 4 0 0 0 3 377 
366 9 1 0 18 1 4 0 0 18 0 378 
367 9 0 1 0 10 27 16 20 6 3 17 20 -0.025 -6 471 472
368 9 0 1 0 17 24 15 19 3 16 17 17 -0.0416667 50 473 474
369 9 0 1 0 20 5 13 12 34 9 20 13 -0.0897209 23 475 476
370 9 1 0 3 1 4 0 0 0 3 422 
371 9 0 1 0 24 17 19 13 3 28 13 19 -0.167582 -4 477 478
372 9 0 1 0 13 3 19 20 33 15 20 12 -0.0793651 17 479 480
373 9 0 1 0 23 15 18 14 30 10 13 15 -0.0522876 38 481 482
374 9 1 0 134 1 4 134 0 0 0 437 
375 9 0 1 0 3 22 17 17 17 9 15 12 -0.263305 -5 483 484
376 9 0 1 0 26 27 20 20 24 31 13 18 -0.10646 -18 485 486
377 9 0 1 0 16 4 16 15 13 31 16 20 -0 -16 487 488
378 9 1 0 4 1 4 0 0 1 3 454 
379 9 1 0 6 1 4 0 0 0 6 464 
380 9 0 1 0 7 31 12 12 28 7 13 19 -0.047619 -12 489 490
381 9 0 1 0 30 30 15 15 30 26 14 16 -0.468263 -2 491 492
382 9 0 1 0 12 28 15 19 10 25 20 16 -0.302 14 493 494
383 9 0 1 0 23 16 17 15 12 32 14 19 -0 -21 495 496
384 9 0 1 0 22 23 13 15 23 31 13 20 -0.163743 3 497 498
385 9 1 0 5 1 4 3 2 0 0 484 
386 9 0 1 0 15 14 12 16 25 5 15 17 -0.0357143 24 499 500
387 9 1 0 3 1 4 1 1 0 1 487 
388 9 1 0 30 1 4 30 0 0 0 488 
389 9 0 1 0 8 22 19 13 11 4 14 13 -0.271531 -14 501 502
390 9 0 1 0 6 26 15 20 24 33 13 12 -1.09022 -32 503 504
391 9 0 1 0 11 5 14 15 10 26 12 20 -0.0333333 -33 505 506
392 9 1 0 3 1 4 0 0 0 3 509 
393 9 1 0 3 1 4 0 3 0 0 511 
394 9 0 1 0 14 19 12 15 5 17 18 17 -0.0546275 82 507 508
395 9 1 0 2 1 4 0 0 2 0 535 
396 9 1 0 9 1 4 0 9 0 0 536 
397 9 1 0 2 1 4 0 2 0 0 539 
398 9 1 0 26 1 4 26 0 0 0 540 
399 9 1 0 59 1 4 0 0 0 59 542 
400 9 1 0 2 1 4 0 2 0 0 543 
401 9 0 1 0 12 18 14 17 10 12 20 19 -0.0336525 -3 509 510
402 9 1 0 2 1 4 0 1 1 0 561 
403 9 0 1 0 17 19 20 14 30 10 15 15 -0.0208333 -18 511 512
404 9 1 0 3 1 4 1 2 0 0 565 
405 9 1 0 7 1 4 0 4 0 3 574 
406 9 0 1 0 30 28 19 15 24 26 12 20 -0.016129 -26 513 514
407 10 1 0 2 1 4 0 0 2 0 2 
408 10 0 1 0 3 30 12 16 12 4 14 12 -0.0227273 21 515 516
409 10 1 0 27 1 4 0 27 0 0 10 
410 10 1 0 5 1 4 0 0 4 1 11 
411 10 0 1 0 30 27 19 12 16 26 16 18 -0 -52 517 518
412 10 0 1 0 19 31 13 15 19 22 18 13 -0.0847926 0 519 520
413 10 0 1 0 27 24 17 18 7 18 20 13 -0 -11 521 522
414 10 0 1 0 14 10 20 18 9 13 17 18 -0.0905559 17 523 524
415 10 0 1 0 5 28 14 19 1 25 20 18 -0.161012 25 525 526
416 10 1 0 7 1 4 7 0 0 0 68 
417 10 0 1 0 11 31 16 20 16 28 13 18 -0.0326877 -3 527 528
418 10 1 0 4 1 4 1 1 2 0 72 
419 10 0 1 0 11 3 20 14 23 35 12 13 -0.0510913 -59 529 530
420 10 0 1 0 34 23 20 13 28 27 19 17 -0.237374 -21 531 532
421 10 0 1 0 4 24 17 12 18 19 16 20 -0.147961 -24 533 534
422 10 0 1 0 14 29 15 13 20 6 15 19 -0.366258 44 535 536
423 10 1 0 2 1 4 0 1 1 0 103 
424 10 1 0 9 1 4 0 0 8 1 104 
425 10 1 0 7 1 4 0 1 6 0 105 
426 10 0 1 0 20 10 15 20 3 9 19 19 -0.0362264 7 537 538
427 10 0 1 0 3 1 15 12 0 20 16 18 -0.153846 -18 539 540
428 10 0 1 0 8 18 12 14 16 6 16 13 -0.103432 -16 541 542
429 10 1 0 2 1 4 0 0 0 2 119 
430 10 0 1 0 3 30 15 15 30 21 13 15 -0.0238095 59 543 544
431 10 0 1 0 11 26 13 20 19 19 12 12 -0.0899105 -13 545 546
432 10 0 1 0 12 34 12 17 5 29 15 16 -0.516839 42 547 548
433 10 0 1 0 17 16 12 16 14 27 14 17 -0.390947 1 549 550
434 10 0 1 0 30 15 13 15 23 29 14 17 -0.175824 -38 551 552
435 10 0 1 0 24 23 13 12 16 12 13 17 -0.0615385 9 553 554
436 10 0 1 0 4 32 13 13 6 14 14 14 -0.1314 10 555 556
437 10 0 1 0 28 27 14 19 23 24 14 13 -0.151479 -29 557 558
438 10 1 0 3 1 4 0 0 0 3 268 
439 10 0 1 0 19 23 15 16 15 15 19 18 -0 -1 559 560
440 10 1 0 2 1 4 0 0 0 2 271 
441 10 1 0 5 1 4 2 1 0 2 273 
442 10 0 1 0 33 32 15 12 26 31 13 13 -0.0405639 -40 561 562
443 10 1 0 3 1 4 0 0 2 1 278 
444 10 0 1 0 17 19 14 20 0 12 16 12 -0.137462 56 563 564
445 10 1 0 3 1 4 0 0 1 2 285 
446 10 0 1 0 16 1 18 16 23 25 15 17 -0.163294 4 565 566
447 10 1 0 6 1 4 3 3 0 0 292 
448 10 0 1 0 18 16 19 16 28 33 14 15 -0.665672 13 567 568
449 10 1 0 2 1 4 0 0 1 1 301 
450 10 1 0 44 1 4 0 0 0 44 302 
451 10 0 1 0 23 13 15 13 26 15 20 12 -0.210087 -1 569 570
452 10 1 0 2 1 4 0 0 0 2 310 
453 10 1 0 2 1 4 0 0 0 2 311 
454 10 1 0 8 1 4 0 2 6 0 312 
455 10 1 0 4 1 4 1 2 0 1 316 
456 10 0 1 0 25 0 12 19 30 24 12 16 -0.0562617 -107 571 572
457 10 1 0 4 1 4 4 0 0 0 325 
458 10 1 0 8 1 4 0 8 0 0 326 
459 10 0 1 0 8 26 19 14 11 27 14 14 -0.015748 -29 573 574
460 10 1 0 2 1 4 1 0 0 1 336 
461 10 1 0 4 1 4 0 4 0 0 344 
462 10 0 1 0 27 27 15 19 21 13 14 16 -0.0625 -15 575 576
463 10 1 0 3 1 4 0 1 0 2 350 
464 10 0 1 0 35 30 16 12 21 23 12 15 -0.00462963 -26 577 578
465 10 1 0 6 1 4 1 1 1 3 357 
466 10 0 1 0 8 14 20 17 20 18 17 14 -0.0493472 8 579 580
467 10 1 0 2 1 4 2 0 0 0 368 
468 10 1 0 28 1 4 0 28 0 0 369 
469 10 1 0 2 1 4 0 2 0 0 374 
470 10 0 1 0 24 25 16 15 29 33 13 13 -0.00340136 11 581 582
471 10 1 0 2 1 4 1 1 0 0 381 
472 10 1 0 18 1 4 18 0 0 0 382 
473 10 1 0 2 1 4 0 1 1 0 383 
474 10 1 0 10 1 4 0 10 0 0 384 
475 10 0 1 0 21 24 12 17 8 33 14 14 -0.357287 -49 583 584
476 10 0 1 0 22 28 12 19 6 25 16 14 -0.0461964 116 585 586
477 10 0 1 0 0 12 18 12 25 10 15 18 -0.0642857 -33 587 588
478 10 1 0 12 1 4 12 0 0 0 428 
479 10 0 1 0 16 25 20 18 20 31 12 18 -0 -13 589 590
480 10 1 0 9 1 4 0 0 0 9 431 
481 10 1 0 9 1 4 8 1 0 0 435 
482 10 1 0 8 1 4 0 8 0 0 436 
483 10 1 0 4 1 4 0 1 2 1 446 
484 10 0 1 0 22 28 17 19 23 35 12 15 -0 -5 591 592
485 10 1 0 2 1 4 0 1 0 1 449 
486 10 0 1 0 18 29 18 19 19 20 12 14 -0 -5 593 594
487 10 1 0 54 1 4 0 54 0 0 452 
488 10 1 0 3 1 4 3 0 0 0 453 
489 10 1 0 3 1 4 1 2 0 0 465 
490 10 1 0 11 1 4 0 0 11 0 466 
491 10 1 0 7 1 4 0 1 3 3 467 
492 10 0 1 0 17 10 13 20 19 15 16 16 -0.32246 -19 595 596
493 10 0 1 0 11 34 12 16 2 1 15 19 -0.0666667 23 597 598
494 10 0 1 0 15 16 16 19 22 7 15 18 -0 10 599 600
495 10 1 0 2 1 4 0 2 0 0 479 
496 10 1 0 10 1 4 10 0 0 0 480 
497 10 0 1 0 29 9 17 18 31 15 17 14 -0.233333 1 601 602
498 10 1 0 42 1 4 0 0 0 42 483 
499 10 1 0 12 1 4 0 0 12 0 485 
500 10 1 0 2 1 4 0 0 1 1 486 
501 10 1 0 4 1 4 1 3 0 0 489 
502 10 0 1 0 7 21 16 20 6 27 18 17 -0.245102 0 603 604
503 10 0 1 0 30 24 19 14 6 32 14 18 -0.0833333 11 605 606
504 10 0 1 0 20 9 16 14 1 23 19 19 -0.764461 17 607 608
505 10 1 0 13 1 4 13 0 0 0 507 
506 10 1 0 2 1 4 1 1 0 0 508 
507 10 0 1 0 12 18 19 12 21 12 14 15 -0.0504415 -84 609 610
508 10 1 0 2 1 4 1 0 0 1 533 
509 10 1 0 2 1 4 0 2 0 0 555 
510 10 0 1 0 1 18 16 17 17 20 14 14 -0.0268874 11 611 612
511 10 1 0 2 1 4 0 0 1 1 563 
512 10 1 0 22 1 4 0 0 22 0 564 
513 10 1 0 2 1 4 0 1 0 1 575 
514 10 1 0 122 1 4 0 122 0 0 576 
515 11 1 0 20 1 4 0 20 0 0 3 
516 11 1 0 2 1 4 1 1 0 0 4 
517 11 1 0 6 1 4 0 6 0 0 13 
518 11 1 0 25 1 4 25 0 0 0 14 
519 11 1 0 4 1 4 4 0 0 0 15 
520 11 0 1 0 27 30 17 19 22 27 16 17 -0.0311457 3 613 614
521 11 1 0 3 1 4 0 3 0 0 19 
522 11 1 0 11 1 4 11 0 0 0 20 
523 11 0 1 0 6 30 17 17 16 32 13 12 -0.0840974 -13 615 616
524 11 1 0 3 1 4 0 0 0 3 48 
525 11 0 1 0 11 11 18 18 25 12 18 19 -0.0581897 -3 617 618
526 11 1 0 3 1 4 0 0 2 1 67 
527 11 1 0 3 1 4 0 3 0 0 69 
528 11 0 1 0 0 32 12 14 19 14 17 15 -0 22 619 620
529 11 1 0 8 1 4 1 7 0 0 74 
530 11 0 1 0 29 26 19 13 2 3 20 15 -0.0178571 -11 621 622
531 11 0 1 0 19 33 14 15 34 26 18 13 -0.158333 48 623 624
532 11 1 0 9 1 4 0 0 9 0 81 
533 11 1 0 5 1 4 3 2 0 0 84 
534 11 0 1 0 2 28 13 18 3 28 17 19 -0.125839 1 625 626
535 11 1 0 9 1 4 8 1 0 0 94 
536 11 0 1 0 18 28 17 19 16 9 15 14 -0.285312 29 627 628
537 11 0 1 0 2 29 16 13 3 15 20 14 -0.0133333 27 629 630
538 11 1 0 3 1 4 3 0 0 0 108 
539 11 1 0 9 1 4 0 3 6 0 111 
540 11 1 0 4 1 4 0 0 0 4 112 
541 11 1 0 3 1 4 1 0 0 2 113 
542 11 0 1 0 1 26 19 17 9 21 14 17 -0.0188982 1 631 632
543 11 1 0 19 1 4 0 0 19 0 120 
544 11 1 0 2 1 4 0 1 1 0 121 
545 11 0 1 0 11 26 13 14 24 19 18 18 -0.109091 -10 633 634
546 11 0 1 0 1 27 18 14 4 15 15 17 -0.0805 0 635 636
547 11 0 1 0 22 32 13 20 22 10 20 15 -0.627708 24 637 638
548 11 0 1 0 7 18 13 17 28 5 17 12 -0.137401 -5 639 640
549 11 0 1 0 26 18 13 17 35 35 12 12 -0.0246914 5 641 642
550 11 1 0 9 1 4 0 2 2 5 209 
551 11 0 1 0 7 18 16 18 31 26 17 13 -0.153846 -69 643 644
552 11 1 0 8 1 4 0 0 0 8 212 
553 11 1 0 8 1 4 0 0 0 8 220 
554 11 1 0 5 1 4 1 4 0 0 221 
555 11 0 1 0 14 28 19 18 3 28 17 17 -0.115217 20 645 646
556 11 0 1 0 24 17 17 13 22 26 19 14 -0.101333 -27 647 648
557 11 0 1 0 16 15 17 18 11 9 20 19 -0.0560897 34 649 650
558 11 0 1 0 5 30 13 18 9 26 20 17 -0.106873 8 651 652
559 11 1 0 5 1 4 5 0 0 0 269 
560 11 1 0 8 1 4 0 8 0 0 270 
561 11 0 1 0 34 26 18 13 31 6 16 14 -0 18 653 654
562 11 0 1 0 30 33 14 16 20 27 12 17 -0.01875 -35 655 656
563 11 0 1 0 14 30 16 13 16 32 15 13 -0 -7 657 658
564 11 0 1 0 10 19 14 19 19 3 18 18 -0.093915 22 659 660
565 11 0 1 0 29 24 14 15 25 9 20 20 -0.120864 0 661 662
566 11 1 0 2 1 4 0 0 0 2 291 
567 11 0 1 0 1 32 15 20 11 14 15 12 -0.396525 33 663 664
568 11 1 0 7 1 4 1 5 0 1 297 
569 11 0 1 0 16 27 15 19 11 15 14 18 -0.0986842 32 665 666
570 11 0 1 0 32 30 17 15 24 27 18 18 -0 -31 667 668
571 11 1 0 2 1 4 0 1 1 0 317 
572 11 0 1 0 5 21 16 17 10 29 14 17 -0.0441786 -67 669 670
573 11 1 0 2 1 4 0 1 0 1 334 
574 11 1 0 125 1 4 0 0 0 125 335 
575 11 1 0 30 1 4 0 0 0 30 345 
576 11 1 0 2 1 4 0 1 0 1 346 
577 11 1 0 106 1 4 0 106 0 0 351 
578 11 1 0 2 1 4 1 1 0 0 352 
579 11 0 1 0 35 24 17 12 28 27 20 19 -0.0355068 -7 671 672
580 11 1 0 4 1 4 4 0 0 0 363 
581 11 1 0 145 1 4 145 0 0 0 375 
582 11 1 0 2 1 4 1 1 0 0 376 
583 11 1 0 4 1 4 0 1 0 3 385 
584 11 0 1 0 20 33 12 15 15 13 15 13 -0.306154 19 673 674
585 11 0 1 0 4 32 14 12 20 5 20 17 -0.0412623 -92 675 676
586 11 1 0 4 1 4 0 3 0 1 421 
587 11 1 0 4 1 4 0 0 4 0 425 
588 11 0 1 0 27 18 14 19 23 11 13 16 -0.05 -17 677 678
589 11 1 0 2 1 4 0 2 0 0 429 
590 11 1 0 10 1 4 0 0 10 0 430 
591 11 1 0 12 1 4 0 12 0 0 447 
592 11 1 0 5 1 4 5 0 0 0 448 
593 11 1 0 40 1 4 40 0 0 0 450 
594 11 1 0 3 1 4 0 3 0 0 451 
595 11 1 0 13 1 4 13 0 0 0 468 
596 11 0 1 0 0 23 19 18 4 15 17 13 -0.242196 6 679 680
597 11 0 1 0 23 30 15 19 30 17 19 14 -0 14 681 682
598 11 1 0 13 1 4 0 0 0 13 476 
599 11 1 0 2 1 4 2 0 0 0 477 
600 11 1 0 8 1 4 0 8 0 0 478 
601 11 1 0 8 1 4 0 0 6 2 481 
602 11 1 0 7 1 4 1 5 1 0 482 
603 11 0 1 0 23 29 16 12 27 16 13 15 -0.120371 83 683 684
604 11 0 1 0 24 13 18 18 27 31 16 16 -0.577176 -5 685 686
605 11 1 0 22 1 4 0 0 0 22 501 
606 11 1 0 2 1 4 0 1 0 1 502 
607 11 0 1 0 21 16 17 12 28 22 18 13 -0.201681 17 687 688
608 11 0 1 0 2 29 18 16 9 29 12 19 -0.133333 -32 689 690
609 11 1 0 2 1 4 1 0 0 1 512 
610 11 0 1 0 0 27 15 19 3 17 16 16 -0.0467234 -4 691 692
611 11 0 1 0 25 15 12 12 26 33 12 16 -0.0190138 -47 693 694
612 11 1 0 3 1 4 0 0 2 1 560 
613 12 0 1 0 14 15 17 13 15 22 18 19 -0.0172414 7 695 696
614 12 1 0 2 1 4 0 0 2 0 18 
615 12 0 1 0 27 23 16 20 33 27 15 14 -0.0577407 -34 697 698
616 12 0 1 0 18 3 14 17 4 0 13 19 -0.357143 -7 699 700
617 12 1 0 3 1 4 3 0 0 0 64 
618 12 0 1 0 10 6 16 17 22 3 12 12 -0.0229885 7 701 702
619 12 1 0 54 1 4 54 0 0 0 70 
620 12 1 0 2 1 4 0 2 0 0 71 
621 12 1 0 2 1 4 1 1 0 0 75 
622 12 1 0 26 1 4 26 0 0 0 76 
623 12 1 0 4 1 4 4 0 0 0 77 
624 12 0 1 0 20 31 16 14 26 29 14 16 -0.0470588 19 703 704
625 12 0 1 0 10 18 19 16 5 21 16 20 -0.0929184 12 705 706
626 12 0 1 0 35 27 19 12 0 26 13 20 -0.05 -43 707 708
627 12 1 0 7 1 4 0 0 5 2 95 
628 12 0 1 0 12 10 18 15 17 2 13 17 -0.204726 6 709 710
629 12 1 0 47 1 4 0 47 0 0 106 
630 12 1 0 3 1 4 0 1 2 0 107 
631 12 0 1 0 28 21 14 13 13 28 16 18 -0.00568182 -7 711 712
632 12 1 0 4 1 4 0 0 3 1 116 
633 12 1 0 5 1 4 0 3 2 0 123 
634 12 1 0 6 1 4 6 0 0 0 124 
635 12 0 1 0 21 31 14 20 26 32 12 19 -0.216525 10 713 714
636 12 0 1 0 19 13 15 18 23 19 12 20 -0.0648781 20 715 716
637 12 1 0 9 1 4 7 0 1 1 193 
638 12 0 1 0 26 22 20 15 21 34 12 12 -0.337157 -14 717 718
639 12 0 1 0 26 23 20 18 23 15 12 20 -0.0332288 77 719 720
640 12 0 1 0 19 19 12 18 21 22 16 15 -0.136054 -14 721 722
641 12 1 0 24 1 4 24 0 0 0 207 
642 12 1 0 3 1 4 0 1 2 0 208 
643 12 1 0 2 1 4 1 0 1 0 210 
644 12 1 0 11 1 4 0 0 11 0 211 
645 12 0 1 0 24 6 15 13 30 5 15 15 -0.2 17 723 724
646 12 0 1 0 14 10 14 19 25 31 16 15 -0.100225 4 725 726
647 12 1 0 5 1 4 0 3 2 0 258 
648 12 0 1 0 31 30 15 14 28 26 18 14 -0 -10 727 728
649 12 0 1 0 17 23 20 19 31 29 12 14 -0.0208333 30 729 730
650 12 1 0 2 1 4 1 1 0 0 263 
651 12 0 1 0 4 25 17 18 25 27 12 15 -0.0406743 -41 731 732
652 12 1 0 4 1 4 0 3 1 0 267 
653 12 1 0 12 1 4 0 12 0 0 274 
654 12 1 0 2 1 4 2 0 0 0 275 
655 12 1 0 8 1 4 5 3 0 0 276 
656 12 1 0 92 1 4 92 0 0 0 277 
657 12 1 0 4 1 4 0 4 0 0 279 
658 12 1 0 16 1 4 16 0 0 0 280 
659 12 1 0 2 1 4 0 1 0 1 281 
660 12 0 1 0 27 28 16 12 24 20 17 17 -0.0166465 -2 733 734
661 12 1 0 3 1 4 0 1 0 2 286 
662 12 0 1 0 28 22 13 13 26 14 20 15 -0.0781732 -2 735 736
663 12 0 1 0 2 22 16 15 0 31 13 12 -0.214719 22 737 738
664 12 1 0 2 1 4 1 1 0 0 296 
665 12 1 0 8 1 4 7 1 0 0 305 
666 12 0 1 0 28 17 18 18 21 18 18 20 -0 -12 739 740
667 12 1 0 2 1 4 0 2 0 0 308 
668 12 1 0 18 1 4 18 0 0 0 309 
669 12 1 0 7 1 4 2 5 0 0 318 
670 12 0 1 0 18 23 15 12 17 16 19 14 -0.0299461 12 741 742
671 12 0 1 0 22 28 16 13 15 22 15 20 -0.0257463 7 743 744
672 12 1 0 3 1 4 3 0 0 0 362 
673 12 0 1 0 14 33 14 13 25 30 14 12 -0.0227573 -24 745 746
674 12 0 1 0 7 13 20 18 14 6 16 20 -0.406486 -11 747 748
675 12 1 0 2 1 4 0 1 0 1 399 
676 12 0 1 0 32 29 17 14 28 26 16 19 -0.0372424 -3 749 750
677 12 1 0 2 1 4 1 1 0 0 426 
678 12 1 0 8 1 4 0 8 0 0 427 
679 12 0 1 0 8 0 15 14 3 1 18 14 -0.148166 -11 751 752
680 12 1 0 2 1 4 0 0 0 2 473 
681 12 1 0 24 1 4 0 0 24 0 474 
682 12 1 0 3 1 4 0 3 0 0 475 
683 12 0 1 0 0 11 19 13 5 12 18 16 -0.0907586 9 753 754
684 12 1 0 2 1 4 0 2 0 0 497 
685 12 1 0 8 1 4 2 4 0 2 498 
686 12 0 1 0 12 31 13 15 13 18 16 20 -0 27 755 756
687 12 1 0 7 1 4 1 3 3 0 503 
688 12 1 0 10 1 4 0 0 0 10 504 
689 12 1 0 2 1 4 0 1 0 1 505 
690 12 1 0 13 1 4 13 0 0 0 506 
691 12 1 0 7 1 4 0 2 1 4 513 
692 12 0 1 0 1 3 13 20 5 23 14 14 -0.0428873 9 757 758
693 12 1 0 5 1 4 0 0 2 3 556 
694 12 0 1 0 19 20 16 18 18 20 13 20 -0.00922068 15 759 760
695 13 1 0 27 1 4 0 27 0 0 16 
696 13 1 0 2 1 4 1 1 0 0 17 
697 13 1 0 2 1 4 0 0 1 1 21 
698 13 0 1 0 26 32 12 15 15 18 14 19 -0.0523448 -43 761 762
699 13 0 1 0 9 7 14 20 15 23 18 18 -0.0729167 -37 763 764
700 13 0 1 0 8 14 17 13 6 30 17 12 -0.178571 -18 765 766
701 13 1 0 3 1 4 0 1 2 0 65 
702 13 1 0 26 1 4 0 26 0 0 66 
703 13 1 0 3 1 4 0 0 3 0 78 
704 13 0 1 0 16 1 19 17 5 2 16 16 -0.0294118 -12 767 768
705 13 0 1 0 29 34 13 12 25 8 13 16 -0.0703535 45 769 770
706 13 1 0 5 1 4 0 4 1 0 90 
707 13 0 1 0 8 22 15 12 19 3 18 12 -0.05 128 771 772
708 13 1 0 8 1 4 0 0 8 0 93 
709 13 1 0 5 1 4 0 0 4 1 96 
710 13 0 1 0 28 10 17 17 13 30 16 19 -0.152528 -64 773 774
711 13 1 0 86 1 4 0 0 0 86 114 
712 13 1 0 2 1 4 0 0 1 1 115 
713 13 0 1 0 29 6 14 14 20 6 13 18 -0.185124 -8 775 776
714 13 0 1 0 4 9 16 18 21 6 13 14 -0.0821114 48 777 778
715 13 0 1 0 23 26 15 13 30 35 12 13 -0.0618129 -104 779 780
716 13 0 1 0 6 3 18 18 18 18 19 16 -0.0357143 -31 781 782
717 13 0 1 0 10 29 14 14 2 30 13 14 -0.0882353 26 783 784
718 13 0 1 0 13 29 13 16 19 23 15 13 -0.184615 13 785 786
719 13 0 1 0 23 19 18 19 3 19 19 12 -0 111 787 788
720 13 1 0 3 1 4 0 0 3 0 202 
721 13 0 1 0 20 7 13 20 20 16 17 15 -0.10119 -68 789 790
722 13 1 0 7 1 4 0 0 1 6 206 
723 13 0 1 0 22 13 20 16 9 27 13 18 -0.0615385 -19 791 792
724 13 1 0 3 1 4 1 2 0 0 225 
725 13 0 1 0 28 24 16 16 24 3 20 18 -0.0901578 1 793 794
726 13 0 1 0 1 17 14 17 9 17 14 16 -0 -31 795 796
727 13 1 0 2 1 4 0 2 0 0 259 
728 13 1 0 23 1 4 23 0 0 0 260 
729 13 1 0 2 1 4 0 1 1 0 261 
730 13 1 0 22 1 4 0 22 0 0 262 
731 13 1 0 8 1 4 2 6 0 0 264 
732 13 0 1 0 4 15 15 16 8 1 18 18 -0.00943396 42 797 798
733 13 1 0 3 1 4 3 0 0 0 282 
734 13 0 1 0 19 25 15 12 10 14 15 16 -0.00892857 38 799 800
735 13 1 0 4 1 4 3 1 0 0 287 
736 13 0 1 0 8 8 17 13 10 26 14 19 -0.0562409 -70 801 802
737 13 0 1 0 25 0 20 19 22 6 16 18 -0 -10 803 804
738 13 1 0 2 1 4 0 2 0 0 295 
739 13 1 0 17 1 4 0 17 0 0 306 
740 13 1 0 2 1 4 0 0 2 0 307 
741 13 0 1 0 2 22 14 19 1 7 15 18 -0.00691974 -21 805 806
742 13 1 0 5 1 4 3 0 2 0 323 
743 13 1 0 2 1 4 2 0 0 0 358 
744 13 0 1 0 10 22 16 12 20 28 19 12 -0.0225414 -32 807 808
745 13 1 0 6 1 4 0 5 1 0 386 
746 13 0 1 0 13 29 12 14 20 26 16 13 -0.00569801 -33 809 810
747 13 1 0 41 1 4 41 0 0 0 389 
748 13 0 1 0 15 30 15 13 13 17 13 15 -0.427828 35 811 812
749 13 0 1 0 23 32 15 20 23 11 17 13 -0.25 -6 813 814
750 13 0 1 0 20 28 18 12 16 21 15 19 -0.0295239 46 815 816
751 13 1 0 8 1 4 7 1 0 0 469 
752 13 0 1 0 16 27 20 13 9 24 13 15 -0.0617886 4 817 818
753 13 0 1 0 8 7 18 14 6 4 16 18 -0.0758863 -8 819 820
754 13 1 0 2 1 4 1 0 1 0 496 
755 13 1 0 19 1 4 0 0 0 19 499 
756 13 1 0 2 1 4 0 2 0 0 500 
757 13 0 1 0 5 31 16 12 12 22 20 17 -0.0391369 -86 821 822
758 13 1 0 3 1 4 1 0 0 2 532 
759 13 0 1 0 11 19 19 14 6 18 15 17 -0.003125 -1 823 824
760 13 1 0 2 1 4 0 0 1 1 559 
761 14 1 0 7 1 4 6 1 0 0 22 
762 14 0 1 0 30 9 15 14 27 33 13 12 -0.0484888 -28 825 826
763 14 1 0 8 1 4 0 1 7 0 43 
764 14 1 0 4 1 4 0 0 0 4 44 
765 14 1 0 2 1 4 0 0 2 0 45 
766 14 0 1 0 8 20 12 13 10 14 15 17 -0.0571429 15 827 828
767 14 1 0 2 1 4 1 1 0 0 79 
768 14 1 0 15 1 4 0 15 0 0 80 
769 14 1 0 3 1 4 0 0 0 3 85 
770 14 0 1 0 10 35 12 13 30 5 15 12 -0.0452539 67 829 830
771 14 1 0 8 1 4 0 8 0 0 91 
772 14 1 0 2 1 4 0 1 1 0 92 
773 14 0 1 0 25 8 17 18 0 10 17 14 -0.103393 10 831 832
774 14 1 0 5 1 4 4 1 0 0 101 
775 14 1 0 4 1 4 1 3 0 0 125 
776 14 0 1 0 11 16 19 16 28 28 12 13 -0.141147 -33 833 834
777 14 0 1 0 22 4 18 14 5 8 18 17 -0.0311457 -2 835 836
778 14 1 0 2 1 4 2 0 0 0 134 
779 14 1 0 8 1 4 0 8 0 0 135 
780 14 0 1 0 18 15 13 15 11 21 14 20 -0.058904 13 837 838
781 14 1 0 12 1 4 0 0 0 12 191 
782 14 1 0 2 1 4 0 0 1 1 192 
783 14 1 0 8 1 4 0 0 6 2 194 
784 14 1 0 9 1 4 0 0 0 9 195 
785 14 0 1 0 24 31 13 15 4 26 19 13 -0.085213 76 839 840
786 14 1 0 5 1 4 1 4 0 0 199 
787 14 1 0 53 1 4 0 0 0 53 200 
788 14 1 0 2 1 4 0 0 2 0 201 
789 14 1 0 2 1 4 0 1 1 0 203 
790 14 0 1 0 25 26 12 19 32 5 20 15 -0.0416667 111 841 842
791 14 1 0 2 1 4 0 0 0 2 222 
792 14 0 1 0 27 34 12 12 22 10 15 19 -0.0384615 47 843 844
793 14 1 0 5 1 4 1 0 0 4 226 
794 14 0 1 0 6 29 14 14 5 28 16 16 -0.0773365 6 845 846
795 14 1 0 5 1 4 0 5 0 0 256 
796 14 1 0 16 1 4 16 0 0 0 257 
797 14 1 0 51 1 4 51 0 0 0 265 
798 14 1 0 2 1 4 1 1 0 0 266 
799 14 1 0 54 1 4 0 54 0 0 283 
800 14 1 0 2 1 4 1 1 0 0 284 
801 14 1 0 2 1 4 0 1 0 1 288 
802 14 0 1 0 19 0 17 15 26 18 18 20 -0.0320513 13 847 848
803 14 1 0 31 1 4 0 0 0 31 293 
804 14 1 0 2 1 4 0 2 0 0 294 
805 14 1 0 2 1 4 0 2 0 0 319 
806 14 0 1 0 1 33 13 19 20 0 16 12 -0.00525076 -54 849 850
807 14 0 1 0 27 27 12 12 33 29 12 14 -0.00268817 11 851 852
808 14 1 0 6 1 4 0 5 0 1 361 
809 14 1 0 3 1 4 1 2 0 0 387 
810 14 1 0 114 1 4 114 0 0 0 388 
811 14 0 1 0 28 14 19 12 20 17 16 19 -0.231092 -4 853 854
812 14 0 1 0 3 12 16 17 15 0 13 19 -0.15 7 855 856
813 14 1 0 6 1 4 6 0 0 0 400 
814 14 1 0 8 1 4 0 7 0 1 401 
815 14 0 1 0 29 28 15 18 18 19 14 16 -0.0268738 37 857 858
816 14 1 0 3 1 4 0 2 0 1 420 
817 14 1 0 4 1 4 0 0 4 0 470 
818 14 0 1 0 13 28 18 16 14 32 15 18 -0.0182927 -1 859 860
819 14 1 0 2 1 4 0 1 0 1 490 
820 14 0 1 0 5 29 18 18 0 32 12 19 -0.0567648 -4 861 862
821 14 1 0 2 1 4 0 1 0 1 514 
822 14 0 1 0 24 32 13 14 17 34 13 16 -0.0365115 -4 863 864
823 14 1 0 2 1 4 0 0 1 1 557 
824 14 1 0 158 1 4 0 0 0 158 558 
825 15 0 1 0 29 25 19 14 34 27 19 12 -0.0432739 7 865 866
826 15 1 0 3 1 4 0 1 1 1 42 
827 15 1 0 5 1 4 4 1 0 0 46 
828 15 1 0 9 1 4 0 9 0 0 47 
829 15 1 0 6 1 4 2 1 3 0 86 
830 15 0 1 0 0 16 15 14 15 26 16 12 -0.0102966 -124 867 868
831 15 0 1 0 2 30 17 17 14 19 14 12 -0.051458 -27 869 870
832 15 1 0 7 1 4 0 2 5 0 100 
833 15 0 1 0 10 24 14 15 25 17 19 19 -0 -9 871 872
834 15 0 1 0 18 27 18 12 16 29 13 19 -0.0494545 7 873 874
835 15 0 1 0 24 28 13 12 16 18 20 15 -0.0172414 66 875 876
836 15 1 0 2 1 4 0 0 2 0 133 
837 15 0 1 0 30 18 13 15 32 21 19 12 -0.0568253 3 877 878
838 15 1 0 2 1 4 2 0 0 0 190 
839 15 0 1 0 22 17 16 16 23 27 14 15 -0 -25 879 880
840 15 1 0 2 1 4 0 2 0 0 198 
841 15 1 0 10 1 4 0 0 10 0 204 
842 15 1 0 2 1 4 0 0 1 1 205 
843 15 1 0 11 1 4 0 0 11 0 223 
844 15 1 0 2 1 4 0 1 1 0 224 
845 15 0 1 0 17 28 18 16 10 25 13 14 -0.0699316 15 881 882
846 15 1 0 2 1 4 0 0 0 2 255 
847 15 1 0 98 1 4 0 98 0 0 289 
848 15 1 0 6 1 4 0 5 0 1 290 
849 15 1 0 2 1 4 1 1 0 0 320 
850 15 0 1 0 23 29 18 12 16 10 12 18 -0.00176678 45 883 884
851 15 1 0 2 1 4 1 1 0 0 359 
852 15 1 0 184 1 4 0 184 0 0 360 
853 15 0 1 0 16 28 17 15 21 31 12 12 -0.157955 -6 885 886
854 15 1 0 5 1 4 0 0 5 0 396 
855 15 1 0 6 1 4 0 0 3 3 397 
856 15 1 0 4 1 4 0 4 0 0 398 
857 15 0 1 0 19 7 18 17 32 7 18 14 -0.0231676 21 887 888
858 15 1 0 5 1 4 2 2 1 0 419 
859 15 1 0 37 1 4 0 37 0 0 471 
860 15 1 0 4 1 4 3 1 0 0 472 
861 15 1 0 3 1 4 0 1 1 1 491 
862 15 0 1 0 5 11 16 20 6 26 13 17 -0.0441875 -12 889 890
863 15 0 1 0 28 17 18 18 27 18 12 19 -0.0275185 4 891 892
864 15 0 1 0 14 29 12 14 23 25 19 16 -0.101961 11 893 894
865 16 0 1 0 16 5 12 13 35 17 19 12 -0.0906744 3 895 896
866 16 0 1 0 23 28 19 14 27 14 17 13 -0.019574 38 897 898
867 16 1 0 2 1 4 0 1 1 0 87 
868 16 0 1 0 17 17 16 14 30 23 18 12 -0.0034965 36 899 900
869 16 1 0 2 1 4 2 0 0 0 97 
870 16 0 1 0 33 22 18 12 24 13 16 15 -0.032345 4 901 902
871 16 1 0 8 1 4 0 0 8 0 126 
872 16 1 0 9 1 4 0 9 0 0 127 
873 16 0 1 0 20 30 13 12 5 22 14 19 -0 35 903 904
874 16 1 0 5 1 4 0 4 1 0 130 
875 16 1 0 27 1 4 0 27 0 0 131 
876 16 1 0 2 1 4 0 1 1 0 132 
877 16 0 1 0 5 26 19 18 3 33 13 15 -0.0530938 25 905 906
878 16 0 1 0 13 0 12 15 2 14 17 13 -0.0398551 -3 907 908
879 16 1 0 2 1 4 0 0 0 2 196 
880 16 1 0 17 1 4 0 0 17 0 197 
881 16 0 1 0 22 13 19 12 20 9 13 12 -0.0375 1 909 910
882 16 0 1 0 15 30 12 16 21 32 15 12 -0.0593408 4 911 912
883 16 1 0 281 1 4 281 0 0 0 321 
884 16 1 0 2 1 4 1 1 0 0 322 
885 16 0 1 0 26 35 12 13 21 14 18 15 -0.0941587 19 913 914
886 16 0 1 0 11 8 12 18 2 14 19 14 -0 15 915 916
887 16 1 0 3 1 4 1 0 2 0 402 
888 16 0 1 0 10 30 12 15 21 28 17 17 -0.0210281 -91 917 918
889 16 0 1 0 26 12 20 13 28 31 14 17 -0.0155264 1 919 920
890 16 0 1 0 26 26 16 16 22 14 18 12 -0 -35 921 922
891 16 0 1 0 4 12 12 20 9 6 15 19 -0.0256365 -36 923 924
892 16 1 0 3 1 4 0 1 1 1 528 
893 16 0 1 0 1 11 19 15 16 12 20 18 -0 -33 925 926
894 16 1 0 2 1 4 2 0 0 0 531 
895 17 0 1 0 5 33 13 18 5 33 14 18 -0.048021 -1 927 928
896 17 0 1 0 1 23 14 19 10 30 17 12 -0.0364372 -19 929 930
897 17 1 0 5 1 4 0 3 0 2 31 
898 17 0 1 0 8 15 14 13 22 17 16 17 -0.011215 -46 931 932
899 17 1 0 141 1 4 0 0 141 0 88 
900 17 1 0 2 1 4 0 0 1 1 89 
901 17 1 0 46 1 4 0 46 0 0 98 
902 17 1 0 7 1 4 0 4 3 0 99 
903 17 1 0 48 1 4 0 0 48 0 128 
904 17 1 0 2 1 4 0 0 0 2 129 
905 17 0 1 0 22 33 14 12 22 29 15 18 -0.0505417 49 933 934
906 17 1 0 7 1 4 0 6 1 0 186 
907 17 1 0 11 1 4 0 0 11 0 187 
908 17 0 1 0 3 26 17 16 13 23 19 15 -0.0416667 -7 935 936
909 17 1 0 14 1 4 14 0 0 0 227 
910 17 0 1 0 6 7 12 20 25 23 14 14 -0.05 -8 937 938
911 17 0 1 0 20 20 17 13 13 6 16 16 -0.0565902 -9 939 940
912 17 1 0 2 1 4 0 0 0 2 254 
913 17 1 0 6 1 4 6 0 0 0 390 
914 17 0 1 0 0 27 18 14 3 28 18 19 -0.031106 -24 941 942
915 17 1 0 3 1 4 0 3 0 0 394 
916 17 1 0 23 1 4 23 0 0 0 395 
917 17 1 0 2 1 4 0 2 0 0 403 
918 17 0 1 0 2 30 15 15 20 0 14 12 -0.0200196 -75 943 944
919 17 1 0 9 1 4 0 1 0 8 492 
920 17 1 0 220 1 4 0 0 0 220 493 
921 17 1 0 10 1 4 0 0 0 10 494 
922 17 1 0 2 1 4 0 2 0 0 495 
923 17 1 0 2 1 4 0 1 0 1 515 
924 17 0 1 0 23 33 14 17 14 33 12 18 -0.0242083 -18 945 946
925 17 1 0 13 1 4 0 0 0 13 529 
926 17 1 0 2 1 4 0 0 2 0 530 
927 18 0 1 0 15 32 12 14 15 30 17 20 -0.0426136 1 947 948
928 18 0 1 0 7 27 12 17 9 8 19 16 -0.00510204 -31 949 950
929 18 0 1 0 31 13 19 15 18 26 19 19 -0.0263158 -67 951 952
930 18 1 0 7 1 4 0 7 0 0 30 
931 18 1 0 2 1 4 2 0 0 0 32 
932 18 0 1 0 26 3 19 18 20 14 16 16 -0.00876538 13 953 954
933 18 0 1 0 1 24 17 20 4 23 17 13 -0.0481569 -20 955 956
934 18 0 1 0 28 12 15 13 2 0 16 19 -0 9 957 958
935 18 1 0 10 1 4 0 0 0 10 188 
936 18 1 0 2 1 4 0 0 1 1 189 
937 18 1 0 8 1 4 0 8 0 0 228 
938 18 1 0 2 1 4 1 1 0 0 229 
939 18 0 1 0 6 3 14 19 6 8 14 13 -0.0833333 12 959 960
940 18 0 1 0 31 25 20 12 32 30 12 15 -0.0466001 -5 961 962
941 18 1 0 3 1 4 3 0 0 0 391 
942 18 0 1 0 13 22 14 12 5 28 17 18 -0.0178571 -11 963 964
943 18 1 0 4 1 4 1 3 0 0 404 
944 18 0 1 0 0 0 13 20 9 20 19 12 -0.0187788 -125 965 966
945 18 0 1 0 29 5 14 17 31 34 12 13 -0.0109029 -34 967 968
946 18 0 1 0 9 30 16 20 31 13 16 12 -0.10245 37 969 970
947 19 0 1 0 33 18 17 13 7 19 19 13 -0.03125 0 971 972
948 19 1 0 6 1 4 6 0 0 0 25 
949 19 1 0 2 1 4 0 1 1 0 26 
950 19 1 0 96 1 4 0 96 0 0 27 
951 19 1 0 17 1 4 17 0 0 0 28 
952 19 1 0 2 1 4 1 1 0 0 29 
953 19 0 1 0 8 14 17 19 6 9 15 19 -0.00713149 -4 973 974
954 19 1 0 2 1 4 2 0 0 0 41 
955 19 1 0 8 1 4 0 6 2 0 136 
956 19 0 1 0 5 30 14 12 27 5 18 20 -0.0457526 170 975 976
957 19 1 0 8 1 4 0 0 0 8 184 
958 19 1 0 3 1 4 0 0 3 0 185 
959 19 1 0 8 1 4 0 8 0 0 230 
960 19 1 0 4 1 4 0 0 2 2 231 
961 19 0 1 0 31 20 18 13 10 28 13 12 -0.0827493 15 977 978
962 19 0 1 0 11 28 15 18 10 12 13 14 -0.0330929 43 979 980
963 19 1 0 2 1 4 1 1 0 0 392 
964 19 1 0 26 1 4 0 26 0 0 393 
965 19 1 0 2 1 4 1 0 1 0 405 
966 19 0 1 0 30 16 16 16 34 35 12 12 -0.0163734 -8 981 982
967 19 0 1 0 21 12 19 17 28 21 20 17 -0.346154 40 983 984
968 19 0 1 0 18 15 16 17 4 21 19 15 -0.00643704 -58 985 986
969 19 0 1 0 0 31 15 15 11 28 17 13 -0.0290301 1 987 988
970 19 1 0 2 1 4 2 0 0 0 527 
971 20 1 0 14 1 4 0 14 0 0 23 
972 20 1 0 2 1 4 1 1 0 0 24 
973 20 1 0 3 1 4 2 1 0 0 33 
974 20 0 1 0 30 23 16 16 26 31 14 19 -0.0056705 -4 989 990
975 20 0 1 0 16 21 17 19 19 15 17 12 -0.0437347 -7 991 992
976 20 1 0 5 1 4 0 5 0 0 183 
977 20 0 1 0 15 8 13 14 22 28 17 15 -0 -43 993 994
978 20 0 1 0 13 8 18 17 23 30 13 18 -0 -13 995 996
979 20 0 1 0 23 11 16 15 28 29 12 15 -0.0274334 8 997 998
980 20 1 0 3 1 4 0 1 0 2 253 
981 20 0 1 0 21 18 13 19 30 18 18 12 -0.0122608 -4 999 1000
982 20 1 0 5 1 4 3 1 0 1 418 
983 20 1 0 11 1 4 0 0 0 11 516 
984 20 1 0 2 1 4 1 0 0 1 517 
985 20 1 0 2 1 4 0 0 1 1 518 
986 20 0 1 0 27 12 16 14 25 33 12 18 -0.00591872 -9 1001 1002
987 20 0 1 0 8 29 18 18 27 20 17 12 -0.0049505 26 1003 1004
988 20 1 0 2 1 4 1 0 1 0 526 
989 21 0 1 0 5 10 14 15 2 8 15 19 -0.00442709 -1 1005 1006
990 21 1 0 2 1 4 0 1 1 0 40 
991 21 1 0 3 1 4 2 0 1 0 137 
992 21 0 1 0 11 12 16 14 34 29 17 13 -0.0412361 -19 1007 1008
993 21 1 0 3 1 4 0 3 0 0 232 
994 21 1 0 15 1 4 15 0 0 0 233 
995 21 1 0 33 1 4 0 33 0 0 234 
996 21 1 0 2 1 4 2 0 0 0 235 
997 21 0 1 0 11 29 17 16 16 30 16 15 -0.0235626 -4 1009 1010
998 21 0 1 0 11 26 17 17 8 11 15 16 -0 2 1011 1012
999 21 1 0 2 1 4 0 2 0 0 406 
1000 21 0 1 0 9 28 19 18 14 31 14 20 -0.0116525 -40 1013 1014
1001 21 0 1 0 5 26 13 14 15 15 16 15 -0.16 -21 1015 1016
1002 21 0 1 0 30 14 18 13 26 22 16 19 -0.00205641 -16 1017 1018
1003 21 1 0 99 1 4 0 0 0 99 524 
1004 21 1 0 2 1 4 0 0 1 1 525 
1005 22 1 0 2 1 4 1 1 0 0 34 
1006 22 0 1 0 5 29 17 13 7 26 15 13 -0.00338621 5 1019 1020
1007 22 0 1 0 12 31 12 16 20 21 12 12 -0.0290348 -16 1021 1022
1008 22 0 1 0 34 9 20 13 13 11 16 17 -0.12966 11 1023 1024
1009 22 0 1 0 14 31 12 20 18 27 20 16 -0.0223254 4 1025 1026
1010 22 1 0 2 1 4 2 0 0 0 250 
1011 22 1 0 4 1 4 0 4 0 0 251 
1012 22 1 0 6 1 4 6 0 0 0 252 
1013 22 1 0 3 1 4 1 2 0 0 407 
1014 22 0 1 0 8 31 16 12 34 17 12 13 -0.0107302 -18 1027 1028
1015 22 1 0 5 1 4 0 2 0 3 519 
1016 22 1 0 25 1 4 0 0 0 25 520 
1017 22 0 1 0 10 0 19 17 8 14 14 12 -0.0392157 3 1029 1030
1018 22 1 0 1856 1 4 0 0 0 1856 523 
1019 23 0 1 0 16 13 16 18 2 14 16 13 -0.00191407 77 1031 1032
1020 23 1 0 3 1 4 1 2 0 0 39 
1021 23 1 0 4 1 4 2 0 2 0 138 
1022 23 0 1 0 4 31 16 17 11 32 13 13 -0.0256886 -29 1033 1034
1023 23 0 1 0 21 24 18 14 19 23 12 20 -0.0908682 33 1035 1036
1024 23 0 1 0 9 17 16 18 23 20 16 14 -0 6 1037 1038
1025 23 0 1 0 4 26 19 14 4 15 17 13 -0.0189348 19 1039 1040
1026 23 1 0 3 1 4 0 2 0 1 249 
1027 23 1 0 3 1 4 1 2 0 0 408 
1028 23 0 1 0 10 28 14 13 1 35 12 19 -0.00958511 22 1041 1042
1029 23 1 0 49 1 4 0 0 0 49 521 
1030 23 1 0 2 1 4 0 1 0 1 522 
1031 24 0 1 0 5 24 16 18 5 25 20 16 -0.00120928 -2 1043 1044
1032 24 1 0 2 1 4 1 1 0 0 38 
1033 24 0 1 0 12 29 15 16 9 16 12 19 -0.102371 89 1045 1046
1034 24 0 1 0 20 8 12 19 12 5 13 12 -0.0188414 -42 1047 1048
1035 24 0 1 0 35 18 20 12 21 11 13 20 -0.0495373 -3 1049 1050
1036 24 0 1 0 11 30 15 18 22 24 17 18 -0 47 1051 1052
1037 24 1 0 19 1 4 0 19 0 0 181 
1038 24 1 0 2 1 4 0 0 2 0 182 
1039 24 0 1 0 31 2 19 12 29 7 14 18 -0.0168012 -17 1053 1054
1040 24 1 0 4 1 4 2 2 0 0 248 
1041 24 0 1 0 27 30 14 18 15 32 14 14 -0.00594421 -91 1055 1056
1042 24 1 0 5 1 4 4 0 0 1 417 
1043 25 0 1 0 11 17 18 19 14 23 20 16 -0.0277778 -17 1057 1058
1044 25 1 0 763 1 4 0 763 0 0 37 
1045 25 0 1 0 6 20 16 18 7 19 19 17 -0.14652 -3 1059 1060
1046 25 0 1 0 5 23 14 19 5 25 14 16 -0.0158602 -10 1061 1062
1047 25 1 0 3 1 4 0 3 0 0 145 
1048 25 0 1 0 23 12 19 15 2 28 13 16 -0.0179855 25 1063 1064
1049 25 1 0 4 1 4 0 0 1 3 174 
1050 25 0 1 0 14 0 14 15 23 4 16 20 -0.021978 10 1065 1066
1051 25 1 0 8 1 4 0 8 0 0 179 
1052 25 1 0 5 1 4 0 0 5 0 180 
1053 25 1 0 3 1 4 2 1 0 0 236 
1054 25 0 1 0 15 33 14 19 9 32 12 14 -0.0154947 27 1067 1068
1055 25 1 0 2 1 4 1 1 0 0 409 
1056 25 0 1 0 29 23 19 13 4 23 12 15 -0.00547573 127 1069 1070
1057 26 1 0 16 1 4 0 16 0 0 35 
1058 26 1 0 2 1 4 1 1 0 0 36 
1059 26 0 1 0 32 23 13 13 12 20 16 18 -0.0680272 -9 1071 1072
1060 26 1 0 5 1 4 0 0 5 0 141 
1061 26 1 0 2 1 4 0 0 0 2 142 
1062 26 0 1 0 27 24 16 17 13 5 15 13 -0.00833333 27 1073 1074
1063 26 0 1 0 31 34 12 13 23 28 14 12 -0.0172252 -35 1075 1076
1064 26 1 0 2 1 4 0 0 0 2 173 
1065 26 0 1 0 14 11 16 19 14 2 14 12 -0.0167248 -9 1077 1078
1066 26 1 0 2 1 4 0 0 0 2 178 
1067 26 0 1 0 5 5 14 17 19 0 18 20 -0.04329 3 1079 1080
1068 26 0 1 0 23 6 18 19 28 26 13 16 -0.0112305 -4 1081 1082
1069 26 0 1 0 6 31 12 15 25 34 13 19 -0.00506048 25 1083 1084
1070 26 1 0 2 1 4 1 1 0 0 416 
1071 27 1 0 14 1 4 0 0 0 14 139 
1072 27 1 0 7 1 4 0 0 5 2 140 
1073 27 1 0 2 1 4 0 0 1 1 143 
1074 27 1 0 58 1 4 0 0 58 0 144 
1075 27 1 0 9 1 4 0 4 5 0 146 
1076 27 0 1 0 12 26 13 13 4 33 12 16 -0.0154303 34 1085 1086
1077 27 1 0 2 1 4 0 1 1 0 175 
1078 27 0 1 0 19 23 16 16 1 23 16 13 -0.00574713 44 1087 1088
1079 27 1 0 7 1 4 5 2 0 0 237 
1080 27 1 0 26 1 4 0 26 0 0 238 
1081 27 0 1 0 6 7 18 20 15 20 15 15 -0.0065 -82 1089 1090
1082 27 0 1 0 4 25 16 12 25 31 16 20 -0.0333333 -47 1091 1092
1083 27 0 1 0 1 30 17 15 16 1 12 20 -0.000910952 -36 1093 1094
1084 27 0 1 0 1 31 15 20 15 19 20 15 -0.195652 -5 1095 1096
1085 28 0 1 0 16 19 16 18 9 21 20 20 -0.0150042 16 1097 1098
1086 28 1 0 2 1 4 0 0 0 2 172 
1087 28 1 0 85 1 4 0 0 85 0 176 
1088 28 1 0 2 1 4 0 0 1 1 177 
1089 28 1 0 2 1 4 1 1 0 0 239 
1090 28 0 1 0 10 26 17 16 12 12 18 13 -0.00567396 13 1099 1100
1091 28 1 0 2 1 4 0 0 1 1 246 
1092 28 1 0 13 1 4 0 13 0 0 247 
1093 28 1 0 9 1 4 8 1 0 0 410 
1094 28 0 1 0 30 29 15 17 31 25 17 13 -0.000463431 1 1101 1102
1095 28 1 0 2 1 4 1 0 0 1 414 
1096 28 1 0 21 1 4 21 0 0 0 415 
1097 29 0 1 0 8 29 18 16 8 30 12 19 -0.0128203 -16 1103 1104
1098 29 1 0 4 1 4 1 0 3 0 171 
1099 29 0 1 0 0 24 16 19 3 27 17 19 -0.0016893 -31 1105 1106
1100 29 0 1 0 12 6 14 15 26 4 19 13 -0.166667 -6 1107 1108
1101 29 0 1 0 2 3 18 20 15 4 15 17 -0.0217391 -19 1109 1110
1102 29 1 0 2041 1 4 2041 0 0 0 413 
1103 30 1 0 2 1 4 0 2 0 0 147 
1104 30 0 1 0 27 20 17 12 21 24 14 20 -0.0124761 9 1111 1112
1105 30 1 0 3 1 4 1 2 0 0 240 
1106 30 0 1 0 30 7 20 15 3 29 18 16 -0.000915565 -47 1113 1114
1107 30 1 0 2 1 4 0 1 0 1 244 
1108 30 1 0 10 1 4 0 10 0 0 245 
1109 30 1 0 21 1 4 21 0 0 0 411 
1110 30 1 0 2 1 4 1 1 0 0 412 
1111 31 0 1 0 28 13 17 17 32 15 18 12 -0.0113819 17 1115 1116
1112 31 1 0 5 1 4 0 2 3 0 170 
1113 31 0 1 0 11 25 13 20 24 13 14 14 -0.05 58 1117 1118
1114 31 1 0 973 1 4 0 973 0 0 243 
1115 32 0 1 0 14 27 18 17 19 26 20 15 -0.0108784 -23 1119 1120
1116 32 1 0 3 1 4 0 0 1 2 169 
1117 32 1 0 2 1 4 1 1 0 0 241 
1118 32 1 0 8 1 4 0 8 0 0 242 
1119 33 1 0 2 1 4 0 1 1 0 148 
1120 33 0 1 0 26 35 12 18 24 26 17 13 -0.0103814 -11 1121 1122
1121 34 0 1 0 10 32 14 16 7 26 14 17 -0 32 1123 1124
1122 34 0 1 0 27 18 18 20 29 19 12 17 -0.00876223 -11 1125 1126
1123 35 1 0 21 1 4 0 0 21 0 149 
1124 35 1 0 4 1 4 0 0 0 4 150 
1125 35 1 0 2 1 4 0 0 1 1 151 
1126 35 0 1 0 13 32 14 15 8 32 15 15 -0.00831885 32 1127 1128
1127 36 0 1 0 19 35 12 17 6 32 13 13 -0.00792807 70 1129 1130
1128 36 1 0 2 1 4 0 0 1 1 168 
1129 37 0 1 0 7 16 14 19 6 23 12 20 -0.0065642 3 1131 1132
1130 37 0 1 0 0 12 14 13 34 25 17 13 -0 -8 1133 1134
1131 38 0 1 0 13 20 19 15 12 21 13 20 -0.00570516 32 1135 1136
1132 38 1 0 7 1 4 0 2 5 0 165 
1133 38 1 0 20 1 4 0 0 20 0 166 
1134 38 1 0 3 1 4 0 3 0 0 167 
1135 39 0 1 0 1 25 19 14 1 27 13 19 -0.00536754 -18 1137 1138
1136 39 1 0 2 1 4 0 0 1 1 164 
1137 40 1 0 4 1 4 0 0 3 1 152 
1138 40 0 1 0 10 22 13 12 9 15 13 20 -0.00480465 -8 1139 1140
1139 41 1 0 2 1 4 0 0 1 1 153 
1140 41 0 1 0 13 6 17 12 34 28 14 12 -0.00434992 -3 1141 1142
1141 42 0 1 0 25 24 19 20 24 17 12 12 -0.00402445 2 1143 1144
1142 42 1 0 2 1 4 0 0 1 1 163 
1143 43 0 1 0 24 4 20 20 23 15 18 13 -0.111111 -44 1145 1146
1144 43 0 1 0 21 14 13 18 2 30 16 20 -0.0021575 5 1147 1148
1145 44 1 0 16 1 4 0 0 16 0 154 
1146 44 1 0 2 1 4 1 0 1 0 155 
1147 44 0 1 0 23 24 17 20 21 35 12 13 -0.0017359 -89 1149 1150
1148 44 1 0 3 1 4 0 1 2 0 162 
1149 45 1 0 4 1 4 0 0 3 1 156 
1150 45 0 1 0 8 8 19 14 0 32 15 12 -0.0012987 2 1151 1152
1151 46 0 1 0 5 7 16 20 1 29 18 13 -0.0008521 0 1153 1154
1152 46 1 0 5 1 4 0 1 4 0 161 
1153 47 0 1 0 4 25 13 12 1 25 12 13 -0.000450125 -11 1155 1156
1154 47 1 0 6 1 4 0 0 5 1 160 
1155 48 0 1 0 20 2 15 19 9 6 18 20 -0.0172414 -5 1157 1158
1156 48 1 0 2116 1 4 0 0 2116 0 159 
1157 49 1 0 2 1 4 0 1 1 0 157 
1158 49 1 0 27 1 4 0 0 27 0 158 
