-2147483648 -2147483648 data/trees_headpose/tree_016.txt
100 10 5000 30 30000 1 48 1 data/trees_headpose ./data/Cropped_HBO_Data_4view.txt
1 0
0 0 0 1 0 32 16 20 12 30 31 15 14 -0.991962 -6 1 2
1 1 0 1 0 4 20 18 17 15 9 13 12 -0.767732 -9 3 4
2 1 0 1 0 9 29 17 12 3 14 18 20 -0.657846 28 5 6
3 2 0 1 0 25 30 15 17 31 35 12 16 -0.617155 12 7 8
4 2 0 1 0 1 21 20 18 3 16 17 19 -0.590203 -2 9 10
5 2 0 1 0 6 1 13 15 13 8 13 12 -1.22443 -2 11 12
6 2 0 1 0 25 19 19 14 26 23 20 19 -0.366504 2 13 14
7 3 0 1 0 2 27 20 14 0 22 17 18 -0.376895 6 15 16
8 3 0 1 0 23 30 13 19 13 30 12 13 -0.686488 -33 17 18
9 3 0 1 0 11 2 16 18 1 6 18 17 -0.310603 12 19 20
10 3 0 1 0 16 12 19 15 12 17 17 19 -0.585276 3 21 22
11 3 0 1 0 3 22 15 19 9 25 20 13 -1.26105 -13 23 24
12 3 0 1 0 28 20 19 16 31 0 13 12 -0.491316 3 25 26
13 3 0 1 0 7 14 13 12 0 27 14 20 -0.712975 -4 27 28
14 3 0 1 0 8 23 20 12 1 28 13 12 -0.272655 -7 29 30
15 4 0 1 0 17 30 15 18 17 28 15 14 -0.524985 -6 31 32
16 4 0 1 0 7 27 16 17 0 28 19 20 -0.269878 32 33 34
17 4 0 1 0 8 22 17 15 12 14 19 12 -0.880665 -13 35 36
18 4 0 1 0 0 30 16 12 4 20 17 13 -0.470626 16 37 38
19 4 0 1 0 13 5 15 20 18 6 14 14 -0.261199 -9 39 40
20 4 0 1 0 10 3 18 20 1 6 20 15 -0.365306 19 41 42
21 4 0 1 0 33 28 17 13 21 1 19 19 -0.418009 -8 43 44
22 4 0 1 0 14 27 19 20 21 27 14 14 -1.06688 9 45 46
23 4 0 1 0 22 15 15 15 23 24 18 19 -1.11898 5 47 48
24 4 0 1 0 8 17 20 16 20 33 14 20 -0.824021 34 49 50
25 4 0 1 0 7 13 19 14 5 0 13 13 -0.338018 2 51 52
26 4 0 1 0 15 34 13 13 9 20 13 12 -0.35186 27 53 54
27 4 0 1 0 9 33 14 13 21 6 17 17 -0.522318 30 55 56
28 4 0 1 0 9 11 13 16 11 27 13 14 -0.018018 -6 57 58
29 4 0 1 0 22 32 13 20 5 29 15 12 -0.68254 -42 59 60
30 4 0 1 0 16 0 20 15 10 25 20 14 -0.207257 -7 61 62
31 5 0 1 0 26 8 13 18 35 28 16 12 -0.0343915 16 63 64
32 5 0 1 0 30 32 12 17 13 35 12 18 -0.481121 -38 65 66
33 5 0 1 0 11 32 13 16 18 32 13 19 -0.212232 21 67 68
34 5 0 1 0 9 17 20 16 5 7 12 19 -0.820633 51 69 70
35 5 0 1 0 10 26 18 15 8 17 12 17 -0.899137 26 71 72
36 5 0 1 0 6 25 20 16 0 28 18 16 -0.509463 13 73 74
37 5 0 1 0 11 10 15 14 11 29 16 20 -0.410488 -57 75 76
38 5 0 1 0 16 16 18 15 21 23 18 14 -0.30333 -7 77 78
39 5 0 1 0 24 3 20 20 1 12 13 19 -0.154839 15 79 80
40 5 0 1 0 28 13 12 19 14 9 15 15 -0.232259 16 81 82
41 5 0 1 0 26 5 13 17 22 21 17 18 -0.15873 -12 83 84
42 5 0 1 0 25 16 13 19 20 13 14 13 -0.0285714 -18 85 86
43 5 0 1 0 0 26 20 14 6 24 17 15 -0.199205 1 87 88
44 5 0 1 0 33 20 18 13 2 10 19 20 -0.392529 -15 89 90
45 5 0 1 0 5 5 12 20 3 26 17 12 -0.624349 -13 91 92
46 5 0 1 0 12 26 17 13 3 25 19 20 -0.618797 7 93 94
47 5 0 1 0 13 4 17 18 13 3 14 18 -0.117239 0 95 96
48 5 0 1 0 0 35 12 15 5 10 18 13 -0.98633 19 97 98
49 5 0 1 0 26 19 15 15 25 15 14 16 -0.78663 -5 99 100
50 5 0 1 0 23 0 16 16 17 15 20 12 -0 -105 101 102
51 5 0 1 0 11 19 20 13 18 2 19 15 -0.301274 -10 103 104
52 5 0 1 0 8 22 19 20 6 26 20 15 -0.0178571 -9 105 106
53 5 0 1 0 12 23 16 15 7 22 14 17 -0.485048 12 107 108
54 5 0 1 0 2 3 20 19 4 11 19 13 -0.0674242 4 109 110
55 5 0 1 0 12 20 18 15 25 23 15 19 -0.217949 -50 111 112
56 5 0 1 0 34 0 16 12 25 17 14 18 -0.331711 2 113 114
57 5 1 0 34 1 4 0 34 0 0 516 
58 5 1 0 3 1 4 0 0 1 2 517 
59 5 1 0 20 1 4 0 0 0 20 518 
60 5 0 1 0 26 30 17 20 20 7 18 15 -0.0972222 9 115 116
61 5 0 1 0 17 32 13 18 24 34 13 12 -0.160226 4 117 118
62 5 0 1 0 20 24 13 13 11 32 13 18 -0.958552 -4 119 120
63 6 0 1 0 28 25 18 17 18 12 20 15 -0 -8 121 122
64 6 1 0 3 1 4 0 0 0 3 2 
65 6 0 1 0 9 1 12 15 10 0 17 13 -0.573737 -3 123 124
66 6 0 1 0 15 12 17 13 14 27 14 13 -0.353713 -18 125 126
67 6 0 1 0 4 2 15 12 16 18 15 15 -0.153471 -15 127 128
68 6 0 1 0 7 26 12 12 9 8 14 16 -0.713908 2 129 130
69 6 0 1 0 20 27 17 15 15 26 20 19 -0.347826 1 131 132
70 6 0 1 0 12 20 20 14 8 28 18 12 -0.148447 18 133 134
71 6 0 1 0 26 0 16 16 20 22 20 15 -0.579825 -50 135 136
72 6 0 1 0 17 30 13 18 20 9 15 20 -0.278999 58 137 138
73 6 0 1 0 31 23 16 15 27 28 19 19 -0.179028 -22 139 140
74 6 0 1 0 0 25 20 15 5 0 20 15 -0.2589 -2 141 142
75 6 0 1 0 29 21 13 16 26 24 14 16 -0.272647 -32 143 144
76 6 0 1 0 29 21 16 17 19 1 19 15 -0.358719 -55 145 146
77 6 0 1 0 19 23 20 12 18 21 12 16 -0.194213 1 147 148
78 6 0 1 0 2 23 15 19 6 27 17 14 -0.0877905 -47 149 150
79 6 0 1 0 19 9 17 13 9 24 14 14 -0.0470588 -26 151 152
80 6 1 0 2 1 4 0 0 0 2 192 
81 6 0 1 0 26 32 13 16 26 18 17 20 -0.215736 -2 153 154
82 6 0 1 0 16 9 19 19 12 4 19 12 -0.116071 41 155 156
83 6 1 0 9 1 4 4 5 0 0 249 
84 6 1 0 5 1 4 0 0 5 0 250 
85 6 1 0 31 1 4 0 0 0 31 251 
86 6 1 0 4 1 4 0 2 2 0 252 
87 6 0 1 0 22 33 14 12 31 24 18 12 -0.0764319 33 157 158
88 6 1 0 6 1 4 4 0 0 2 256 
89 6 0 1 0 8 23 20 12 9 14 12 19 -0.499136 18 159 160
90 6 0 1 0 5 14 14 18 17 3 15 14 -0.339155 -23 161 162
91 6 0 1 0 23 34 12 16 20 11 16 14 -0.363119 30 163 164
92 6 0 1 0 24 20 19 17 14 25 17 12 -0.440909 14 165 166
93 6 0 1 0 9 15 18 15 3 11 15 20 -0.0707857 0 167 168
94 6 0 1 0 8 29 14 13 11 16 16 15 -0.249462 10 169 170
95 6 1 0 3 1 4 0 0 0 3 449 
96 6 0 1 0 32 16 17 12 27 12 20 18 -0.0203373 11 171 172
97 6 0 1 0 9 3 15 19 5 9 18 13 -0.515432 26 173 174
98 6 0 1 0 14 16 12 18 22 27 18 17 -0.0421053 31 175 176
99 6 0 1 0 26 0 13 18 30 1 15 13 -0.274282 7 177 178
100 6 0 1 0 3 3 20 18 6 14 15 16 -0.805827 -7 179 180
101 6 1 0 4 1 4 0 0 4 0 481 
102 6 1 0 15 1 4 0 0 0 15 482 
103 6 1 0 7 1 4 2 5 0 0 483 
104 6 0 1 0 33 19 18 14 27 17 19 14 -0.145568 0 181 182
105 6 1 0 2 1 4 0 1 1 0 490 
106 6 1 0 26 1 4 0 26 0 0 491 
107 6 0 1 0 20 22 18 16 29 9 18 15 -0.237649 -9 183 184
108 6 1 0 5 1 4 4 1 0 0 497 
109 6 0 1 0 14 17 12 18 9 28 15 14 -0.00694444 -28 185 186
110 6 1 0 2 1 4 1 0 0 1 500 
111 6 1 0 2 1 4 0 0 1 1 501 
112 6 0 1 0 11 30 13 17 13 25 16 19 -0 4 187 188
113 6 0 1 0 0 20 13 15 14 4 13 12 -0.154487 29 189 190
114 6 0 1 0 26 11 12 17 14 0 18 15 -0.158889 7 191 192
115 6 0 1 0 34 32 14 12 30 4 18 15 -0 5 193 194
116 6 0 1 0 5 17 16 18 20 20 15 13 -0 -66 195 196
117 6 0 1 0 0 30 17 13 15 34 13 12 -0.562442 -54 197 198
118 6 0 1 0 15 15 14 19 6 21 18 16 -0.0791552 78 199 200
119 6 0 1 0 6 12 16 17 9 12 12 13 -0.173043 -16 201 202
120 6 0 1 0 21 0 20 16 14 10 18 18 -0.629371 18 203 204
121 7 1 0 78 1 4 78 0 0 0 0 
122 7 1 0 3 1 4 0 3 0 0 1 
123 7 0 1 0 17 27 12 14 26 18 16 15 -0.5 36 205 206
124 7 1 0 18 1 4 0 0 0 18 5 
125 7 0 1 0 28 18 16 19 23 6 14 17 -0.328042 -9 207 208
126 7 0 1 0 0 32 15 13 30 6 12 17 -0.262546 10 209 210
127 7 0 1 0 4 8 19 18 5 13 18 14 -0.140207 -12 211 212
128 7 0 1 0 18 9 20 15 21 9 20 17 -0.0421053 10 213 214
129 7 1 0 30 1 4 30 0 0 0 79 
130 7 0 1 0 24 30 16 20 18 3 14 16 -0.520645 -11 215 216
131 7 1 0 14 1 4 14 0 0 0 83 
132 7 1 0 9 1 4 0 6 0 3 84 
133 7 0 1 0 26 26 14 17 15 27 15 17 -0.0740741 -22 217 218
134 7 1 0 4 1 4 1 3 0 0 87 
135 7 0 1 0 1 27 19 17 3 26 19 15 -0.472333 0 219 220
136 7 1 0 6 1 4 0 0 0 6 99 
137 7 0 1 0 2 26 19 20 28 14 19 18 -0.195652 88 221 222
138 7 0 1 0 12 27 14 15 6 5 20 17 -0 87 223 224
139 7 0 1 0 14 31 14 19 17 10 12 19 -0 42 225 226
140 7 1 0 6 1 4 0 0 0 6 106 
141 7 0 1 0 27 25 16 18 32 34 13 14 -0.151515 7 227 228
142 7 0 1 0 25 9 18 15 27 18 13 20 -0.167848 10 229 230
143 7 0 1 0 4 34 13 12 3 30 12 15 -0 -2 231 232
144 7 0 1 0 8 9 19 19 2 16 18 14 -0.0588235 57 233 234
145 7 0 1 0 28 1 19 18 24 19 17 12 -0.218182 -81 235 236
146 7 0 1 0 33 29 17 12 31 32 12 14 -0.328791 -1 237 238
147 7 1 0 7 1 4 0 0 0 7 175 
148 7 0 1 0 19 18 18 18 18 23 20 19 -0.0926136 -2 239 240
149 7 1 0 2 1 4 0 0 0 2 182 
150 7 0 1 0 22 33 13 15 13 2 12 18 -0.043814 116 241 242
151 7 1 0 9 1 4 0 9 0 0 188 
152 7 0 1 0 1 24 14 17 2 4 12 13 -0.0192077 65 243 244
153 7 1 0 4 1 4 0 0 0 4 193 
154 7 0 1 0 33 31 15 12 26 3 19 14 -0.19873 -6 245 246
155 7 0 1 0 7 18 18 16 13 18 13 13 -0 -20 247 248
156 7 1 0 5 1 4 0 0 0 5 248 
157 7 1 0 3 1 4 2 0 0 1 253 
158 7 0 1 0 23 12 14 15 33 11 16 14 -0 9 249 250
159 7 0 1 0 3 19 15 12 16 5 18 14 -0.239151 36 251 252
160 7 0 1 0 21 20 17 17 19 15 12 14 -0.383986 -12 253 254
161 7 0 1 0 15 24 20 15 14 19 20 20 -0.534175 17 255 256
162 7 0 1 0 3 29 16 13 11 28 17 12 -0.302961 -38 257 258
163 7 0 1 0 20 6 19 13 4 27 13 12 -0.208175 -27 259 260
164 7 0 1 0 1 20 15 13 28 6 15 14 -0.498913 29 261 262
165 7 0 1 0 6 19 12 15 22 5 18 17 -0.215909 -22 263 264
166 7 1 0 6 1 4 3 3 0 0 439 
167 7 0 1 0 11 22 18 16 1 26 19 15 -0 -4 265 266
168 7 0 1 0 24 8 14 17 17 26 12 15 -0.0217391 20 267 268
169 7 1 0 2 1 4 2 0 0 0 444 
170 7 0 1 0 4 26 20 18 1 31 15 17 -0.169023 -8 269 270
171 7 0 1 0 21 12 18 18 18 34 12 14 -0.0119048 1 271 272
172 7 1 0 6 1 4 6 0 0 0 452 
173 7 0 1 0 12 12 16 15 12 8 18 20 -0.289479 23 273 274
174 7 1 0 8 1 4 4 3 0 1 457 
175 7 1 0 14 1 4 14 0 0 0 458 
176 7 1 0 5 1 4 0 0 1 4 459 
177 7 0 1 0 16 12 15 19 18 23 12 17 -0.138068 24 275 276
178 7 1 0 2 1 4 0 0 0 2 463 
179 7 0 1 0 15 2 14 14 23 18 12 17 -0.581896 -116 277 278
180 7 0 1 0 1 13 20 13 7 8 17 13 -0.571429 21 279 280
181 7 0 1 0 8 31 16 16 2 25 16 19 -0.0416667 11 281 282
182 7 0 1 0 19 28 19 16 22 29 14 13 -0.0363636 10 283 284
183 7 1 0 2 1 4 2 0 0 0 492 
184 7 0 1 0 32 16 19 12 26 18 14 13 -0.108765 -14 285 286
185 7 1 0 4 1 4 0 0 3 1 498 
186 7 1 0 104 1 4 0 0 0 104 499 
187 7 1 0 4 1 4 0 4 0 0 502 
188 7 1 0 9 1 4 9 0 0 0 503 
189 7 0 1 0 19 7 20 18 28 4 14 19 -0.107187 -10 287 288
190 7 0 1 0 5 10 19 19 28 29 13 18 -0 -2 289 290
191 7 0 1 0 4 24 20 12 8 26 12 14 -0 15 291 292
192 7 1 0 9 1 4 0 0 5 4 515 
193 7 1 0 22 1 4 22 0 0 0 519 
194 7 1 0 2 1 4 0 2 0 0 520 
195 7 1 0 2 1 4 0 0 0 2 521 
196 7 1 0 10 1 4 0 0 10 0 522 
197 7 0 1 0 24 7 15 19 22 6 19 19 -0.273885 -12 293 294
198 7 0 1 0 11 4 13 19 1 1 17 20 -0.786923 26 295 296
199 7 0 1 0 25 31 16 17 26 13 19 14 -0.0730142 25 297 298
200 7 1 0 2 1 4 2 0 0 0 556 
201 7 1 0 2 1 4 1 1 0 0 557 
202 7 0 1 0 18 7 15 20 0 24 15 15 -0.0869565 99 299 300
203 7 0 1 0 14 1 13 19 8 14 16 19 -0.227273 -3 301 302
204 7 1 0 4 1 4 0 0 0 4 563 
205 8 1 0 8 1 4 0 5 0 3 3 
206 8 1 0 7 1 4 7 0 0 0 4 
207 8 1 0 12 1 4 0 0 0 12 6 
208 8 1 0 9 1 4 2 5 1 1 7 
209 8 0 1 0 0 4 18 12 8 9 19 18 -0.246914 -7 303 304
210 8 0 1 0 20 30 12 17 15 23 18 13 -0.0659562 19 305 306
211 8 1 0 8 1 4 1 1 4 2 35 
212 8 0 1 0 19 26 19 18 17 25 14 18 -0.130118 18 307 308
213 8 1 0 14 1 4 0 0 14 0 77 
214 8 1 0 5 1 4 4 1 0 0 78 
215 8 1 0 6 1 4 5 0 0 1 80 
216 8 0 1 0 5 16 15 18 8 24 17 12 -0.18 -8 309 310
217 8 1 0 25 1 4 0 0 0 25 85 
218 8 1 0 2 1 4 0 1 0 1 86 
219 8 0 1 0 12 12 13 20 7 20 14 19 -0.398837 33 311 312
220 8 0 1 0 23 22 17 16 20 12 14 16 -0 -3 313 314
221 8 1 0 21 1 4 0 0 0 21 100 
222 8 1 0 2 1 4 1 0 0 1 101 
223 8 1 0 12 1 4 0 12 0 0 102 
224 8 1 0 2 1 4 2 0 0 0 103 
225 8 1 0 10 1 4 10 0 0 0 104 
226 8 1 0 7 1 4 0 7 0 0 105 
227 8 1 0 6 1 4 0 1 0 5 107 
228 8 1 0 16 1 4 0 16 0 0 108 
229 8 0 1 0 5 25 20 18 3 19 14 18 -0.424359 25 315 316
230 8 0 1 0 6 7 17 20 1 22 20 16 -0.0322668 31 317 318
231 8 1 0 3 1 4 0 0 0 3 115 
232 8 1 0 13 1 4 0 13 0 0 116 
233 8 1 0 32 1 4 0 0 0 32 117 
234 8 1 0 2 1 4 0 1 0 1 118 
235 8 0 1 0 17 11 17 19 21 1 18 12 -0 -17 319 320
236 8 1 0 19 1 4 0 0 0 19 121 
237 8 0 1 0 21 8 19 19 25 29 12 19 -0.30086 6 321 322
238 8 0 1 0 4 28 14 14 30 27 13 13 -0.202597 -57 323 324
239 8 0 1 0 25 24 14 18 27 23 16 12 -0.0640572 3 325 326
240 8 1 0 18 1 4 18 0 0 0 181 
241 8 0 1 0 16 31 15 12 0 29 14 14 -0.0269898 -1 327 328
242 8 1 0 8 1 4 0 8 0 0 187 
243 8 0 1 0 20 11 19 19 25 32 15 14 -0.0102041 -54 329 330
244 8 1 0 2 1 4 0 2 0 0 191 
245 8 1 0 5 1 4 0 0 0 5 194 
246 8 0 1 0 23 30 16 12 18 18 14 14 -0.184266 3 331 332
247 8 1 0 3 1 4 0 3 0 0 246 
248 8 1 0 13 1 4 0 0 13 0 247 
249 8 1 0 2 1 4 0 2 0 0 254 
250 8 1 0 177 1 4 0 0 0 177 255 
251 8 0 1 0 13 31 14 20 6 29 17 20 -0.0787879 8 333 334
252 8 1 0 8 1 4 0 6 1 1 261 
253 8 0 1 0 1 20 15 18 22 2 14 14 -0.107895 65 335 336
254 8 0 1 0 4 2 13 12 9 11 16 18 -0.226195 -16 337 338
255 8 0 1 0 19 25 14 18 21 30 14 16 -0.241021 2 339 340
256 8 1 0 9 1 4 0 1 2 6 283 
257 8 0 1 0 22 6 17 17 14 1 18 20 -0.319019 9 341 342
258 8 0 1 0 16 11 19 18 22 10 15 14 -0.251316 -13 343 344
259 8 0 1 0 30 7 16 17 25 17 16 14 -0.184615 -20 345 346
260 8 0 1 0 10 22 18 14 2 26 17 14 -0.135323 26 347 348
261 8 0 1 0 8 14 16 17 25 1 18 12 -0.356757 -33 349 350
262 8 0 1 0 0 13 16 20 25 24 16 12 -0 -39 351 352
263 8 1 0 12 1 4 0 0 0 12 435 
264 8 0 1 0 10 3 12 20 27 4 19 15 -0.0510057 -6 353 354
265 8 1 0 13 1 4 0 0 13 0 440 
266 8 1 0 2 1 4 0 0 0 2 441 
267 8 1 0 21 1 4 21 0 0 0 442 
268 8 1 0 2 1 4 1 1 0 0 443 
269 8 1 0 4 1 4 1 1 1 1 445 
270 8 0 1 0 0 32 14 14 4 30 12 13 -0.0875067 -1 355 356
271 8 1 0 40 1 4 0 40 0 0 450 
272 8 1 0 2 1 4 1 1 0 0 451 
273 8 0 1 0 2 16 20 19 10 2 15 19 -0.070517 -17 357 358
274 8 1 0 8 1 4 2 2 2 2 456 
275 8 0 1 0 9 10 15 15 9 18 18 13 -0.0940325 -5 359 360
276 8 1 0 2 1 4 0 0 1 1 462 
277 8 1 0 6 1 4 0 2 2 2 464 
278 8 0 1 0 17 24 19 15 22 27 19 12 -0.477116 21 361 362
279 8 0 1 0 15 15 16 18 12 10 20 19 -0.240741 10 363 364
280 8 1 0 8 1 4 8 0 0 0 480 
281 8 1 0 2 1 4 0 0 1 1 484 
282 8 1 0 10 1 4 0 0 0 10 485 
283 8 0 1 0 8 31 16 16 2 25 16 19 -0.0314421 23 365 366
284 8 1 0 8 1 4 0 8 0 0 489 
285 8 0 1 0 9 22 16 17 8 3 19 19 -0.03125 33 367 368
286 8 0 1 0 10 27 20 17 9 27 15 18 -0.0347826 6 369 370
287 8 0 1 0 35 10 20 12 21 34 12 18 -0 -1 371 372
288 8 0 1 0 17 0 15 13 13 13 20 14 -0.0573528 10 373 374
289 8 1 0 16 1 4 0 0 16 0 511 
290 8 1 0 3 1 4 0 3 0 0 512 
291 8 1 0 14 1 4 0 14 0 0 513 
292 8 1 0 2 1 4 0 0 2 0 514 
293 8 0 1 0 30 23 13 15 16 27 17 15 -0.142857 -32 375 376
294 8 0 1 0 5 13 15 13 4 10 14 17 -0.100105 -13 377 378
295 8 0 1 0 2 1 13 13 6 21 18 13 -0.406347 -12 379 380
296 8 1 0 9 1 4 5 4 0 0 535 
297 8 0 1 0 0 32 12 18 3 29 15 16 -0.066236 12 381 382
298 8 1 0 3 1 4 0 3 0 0 555 
299 8 1 0 21 1 4 0 0 0 21 558 
300 8 1 0 2 1 4 0 1 0 1 559 
301 8 1 0 2 1 4 0 0 0 2 560 
302 8 0 1 0 0 33 14 12 16 22 17 13 -0 -74 383 384
303 9 0 1 0 4 33 14 18 18 31 12 19 -0.18618 -34 385 386
304 9 0 1 0 11 19 12 18 24 3 20 19 -0.195455 2 387 388
305 9 0 1 0 12 6 14 19 18 29 16 19 -0.0158557 -54 389 390
306 9 1 0 8 1 4 0 7 1 0 34 
307 9 0 1 0 1 35 12 13 8 28 13 12 -0.109848 -15 391 392
308 9 0 1 0 25 26 16 13 12 22 19 18 -0.224868 -1 393 394
309 9 1 0 23 1 4 0 0 0 23 81 
310 9 1 0 2 1 4 1 0 0 1 82 
311 9 0 1 0 9 29 18 20 16 1 16 18 -0.313253 105 395 396
312 9 1 0 4 1 4 0 0 0 4 96 
313 9 1 0 25 1 4 25 0 0 0 97 
314 9 1 0 6 1 4 0 6 0 0 98 
315 9 1 0 6 1 4 1 5 0 0 109 
316 9 0 1 0 3 2 16 15 2 7 12 14 -0.15 3 397 398
317 9 0 1 0 29 25 20 13 10 17 16 16 -0.00985222 9 399 400
318 9 1 0 3 1 4 0 2 0 1 114 
319 9 1 0 2 1 4 0 0 0 2 119 
320 9 1 0 9 1 4 0 9 0 0 120 
321 9 0 1 0 19 22 14 15 11 12 16 14 -0.206974 75 401 402
322 9 0 1 0 15 30 15 19 19 19 19 20 -0.970472 14 403 404
323 9 1 0 13 1 4 0 13 0 0 171 
324 9 0 1 0 14 20 15 13 12 17 19 19 -0.0866911 16 405 406
325 9 0 1 0 17 32 15 18 18 7 14 16 -0.0269765 16 407 408
326 9 1 0 2 1 4 0 0 1 1 180 
327 9 1 0 3 1 4 0 3 0 0 183 
328 9 0 1 0 15 26 18 19 16 23 17 13 -0.018707 8 409 410
329 9 1 0 2 1 4 1 1 0 0 189 
330 9 1 0 47 1 4 47 0 0 0 190 
331 9 0 1 0 28 31 15 19 31 27 12 13 -0.311562 -8 411 412
332 9 0 1 0 9 8 17 17 14 3 18 17 -0.152245 4 413 414
333 9 0 1 0 19 2 12 19 28 24 20 12 -0 -98 415 416
334 9 0 1 0 6 8 12 16 2 19 12 18 -0 9 417 418
335 9 0 1 0 20 21 19 18 19 5 15 14 -0 51 419 420
336 9 1 0 5 1 4 1 4 0 0 264 
337 9 0 1 0 7 12 17 20 25 9 14 19 -0.198885 27 421 422
338 9 0 1 0 0 11 14 18 27 6 14 14 -0.0768634 14 423 424
339 9 0 1 0 15 31 13 17 20 15 19 13 -0.0914566 28 425 426
340 9 1 0 3 1 4 0 0 1 2 282 
341 9 0 1 0 9 8 18 13 27 6 19 19 -0.222829 13 427 428
342 9 0 1 0 0 31 15 15 10 35 12 13 -0.280724 -41 429 430
343 9 0 1 0 20 9 15 19 11 27 19 19 -0.606805 -49 431 432
344 9 0 1 0 18 18 17 13 10 20 15 20 -0.216704 24 433 434
345 9 0 1 0 0 27 17 14 23 22 17 20 -0 0 435 436
346 9 1 0 3 1 4 3 0 0 0 423 
347 9 0 1 0 24 14 14 14 30 9 12 13 -0.0362474 7 437 438
348 9 1 0 9 1 4 4 2 0 3 428 
349 9 1 0 5 1 4 3 2 0 0 429 
350 9 0 1 0 8 29 17 14 0 25 15 13 -0.1875 51 439 440
351 9 1 0 14 1 4 0 14 0 0 433 
352 9 1 0 7 1 4 7 0 0 0 434 
353 9 1 0 3 1 4 2 1 0 0 436 
354 9 0 1 0 27 12 16 18 22 18 17 18 -0.0172414 -12 441 442
355 9 0 1 0 19 1 19 19 15 22 19 18 -0.00595238 1 443 444
356 9 1 0 5 1 4 1 0 1 3 448 
357 9 1 0 2 1 4 0 2 0 0 453 
358 9 0 1 0 16 1 14 20 2 20 13 19 -0.0298507 -31 445 446
359 9 1 0 7 1 4 4 2 0 1 460 
360 9 1 0 72 1 4 72 0 0 0 461 
361 9 0 1 0 27 22 17 13 32 26 18 14 -0.390273 10 447 448
362 9 1 0 2 1 4 0 0 0 2 476 
363 9 0 1 0 19 24 18 18 13 13 19 20 -0.0486111 1 449 450
364 9 1 0 9 1 4 0 0 0 9 479 
365 9 0 1 0 19 33 13 20 10 0 20 20 -0.0111111 -9 451 452
366 9 1 0 2 1 4 0 0 1 1 488 
367 9 1 0 14 1 4 0 0 0 14 493 
368 9 1 0 2 1 4 0 0 1 1 494 
369 9 1 0 18 1 4 0 0 18 0 495 
370 9 1 0 5 1 4 0 0 1 4 496 
371 9 1 0 9 1 4 0 0 9 0 504 
372 9 1 0 2 1 4 0 0 0 2 505 
373 9 0 1 0 7 19 16 12 3 24 16 12 -0.0219493 -30 453 454
374 9 1 0 2 1 4 0 1 1 0 510 
375 9 1 0 5 1 4 0 0 0 5 523 
376 9 1 0 7 1 4 4 3 0 0 524 
377 9 1 0 2 1 4 1 1 0 0 525 
378 9 0 1 0 26 13 12 16 32 13 20 15 -0.0731139 59 455 456
379 9 0 1 0 27 30 16 13 26 24 20 17 -0.246324 14 457 458
380 9 1 0 4 1 4 4 0 0 0 534 
381 9 0 1 0 28 30 16 16 33 13 20 13 -0.0541452 30 459 460
382 9 1 0 9 1 4 3 1 0 5 554 
383 9 1 0 10 1 4 0 10 0 0 561 
384 9 1 0 10 1 4 10 0 0 0 562 
385 10 0 1 0 3 14 19 18 7 26 13 13 -0.119391 -19 461 462
386 10 0 1 0 10 3 20 19 11 7 17 20 -0.216008 -6 463 464
387 10 0 1 0 0 26 15 14 26 14 13 18 -0 -20 465 466
388 10 1 0 4 1 4 1 3 0 0 30 
389 10 1 0 3 1 4 0 3 0 0 31 
390 10 0 1 0 17 5 19 15 2 0 20 18 -0.00847458 85 467 468
391 10 0 1 0 14 4 18 18 1 4 14 13 -0.635906 42 469 470
392 10 0 1 0 12 3 15 18 17 27 17 18 -0.0526947 -117 471 472
393 10 1 0 3 1 4 0 0 0 3 73 
394 10 0 1 0 2 17 15 17 25 2 19 15 -0.0224868 -36 473 474
395 10 0 1 0 16 13 20 14 16 31 13 16 -0.234399 4 475 476
396 10 1 0 2 1 4 0 0 0 2 95 
397 10 1 0 16 1 4 0 0 0 16 110 
398 10 1 0 4 1 4 0 3 0 1 111 
399 10 1 0 201 1 4 0 0 0 201 112 
400 10 1 0 2 1 4 0 1 0 1 113 
401 10 0 1 0 11 9 20 14 11 25 14 18 -0.192023 -35 477 478
402 10 1 0 9 1 4 0 3 0 6 162 
403 10 0 1 0 2 31 15 18 6 30 14 17 -0.4001 -21 479 480
404 10 0 1 0 24 29 13 16 25 24 17 16 -0.48913 10 481 482
405 10 0 1 0 12 4 19 13 2 0 13 19 -0.0128205 16 483 484
406 10 1 0 3 1 4 0 2 0 1 174 
407 10 1 0 4 1 4 4 0 0 0 176 
408 10 0 1 0 6 4 18 20 8 0 14 12 -0.0191346 6 485 486
409 10 0 1 0 14 8 16 18 10 18 12 20 -0.00966184 -17 487 488
410 10 1 0 3 1 4 1 2 0 0 186 
411 10 1 0 2 1 4 0 0 0 2 195 
412 10 0 1 0 18 28 16 14 24 29 17 19 -0.201176 2 489 490
413 10 0 1 0 26 27 15 19 33 32 15 12 -0.49513 21 491 492
414 10 0 1 0 5 31 13 13 5 26 20 16 -0.11757 2 493 494
415 10 1 0 2 1 4 0 2 0 0 257 
416 10 1 0 31 1 4 31 0 0 0 258 
417 10 1 0 10 1 4 0 10 0 0 259 
418 10 1 0 2 1 4 2 0 0 0 260 
419 10 1 0 17 1 4 0 0 0 17 262 
420 10 1 0 2 1 4 0 0 2 0 263 
421 10 0 1 0 14 24 12 18 24 14 20 20 -0.119048 57 495 496
422 10 0 1 0 12 1 20 19 15 30 14 16 -0.122255 -54 497 498
423 10 1 0 4 1 4 1 3 0 0 276 
424 10 0 1 0 1 21 13 16 5 22 20 14 -0.0178571 3 499 500
425 10 0 1 0 8 33 14 14 13 32 15 19 -0 -13 501 502
426 10 1 0 5 1 4 0 4 0 1 281 
427 10 0 1 0 16 9 15 18 27 31 16 12 -0.185078 -146 503 504
428 10 0 1 0 31 32 13 16 27 19 18 16 -0.03125 45 505 506
429 10 0 1 0 23 10 20 12 18 21 13 18 -0.22835 -24 507 508
430 10 1 0 3 1 4 1 2 0 0 310 
431 10 0 1 0 25 20 19 19 23 7 20 13 -0.10989 14 509 510
432 10 0 1 0 25 4 14 20 30 0 15 15 -0.1682 9 511 512
433 10 0 1 0 8 25 18 16 22 34 13 19 -0.19022 -103 513 514
434 10 0 1 0 14 19 14 15 13 25 20 12 -0.389801 -14 515 516
435 10 1 0 4 1 4 0 0 4 0 421 
436 10 1 0 6 1 4 0 6 0 0 422 
437 10 1 0 5 1 4 2 0 3 0 424 
438 10 0 1 0 2 23 19 13 2 25 16 15 -0.00476157 -14 517 518
439 10 0 1 0 16 23 17 18 35 17 18 12 -0 53 519 520
440 10 1 0 8 1 4 0 0 2 6 432 
441 10 1 0 2 1 4 0 0 1 1 437 
442 10 1 0 27 1 4 0 0 27 0 438 
443 10 1 0 82 1 4 0 0 0 82 446 
444 10 1 0 2 1 4 0 0 1 1 447 
445 10 1 0 3 1 4 0 1 1 1 454 
446 10 1 0 64 1 4 0 0 0 64 455 
447 10 0 1 0 13 4 18 17 29 2 18 17 -0.26631 29 521 522
448 10 0 1 0 25 3 15 20 9 8 13 14 -0.308386 4 523 524
449 10 1 0 8 1 4 0 0 7 1 477 
450 10 1 0 10 1 4 0 10 0 0 478 
451 10 1 0 2 1 4 0 1 1 0 486 
452 10 1 0 43 1 4 0 0 43 0 487 
453 10 1 0 3 1 4 0 0 3 0 506 
454 10 0 1 0 24 31 15 12 17 32 15 12 -0.0173034 7 525 526
455 10 0 1 0 11 12 18 12 12 28 17 15 -0.0207537 -28 527 528
456 10 1 0 2 1 4 1 0 0 1 529 
457 10 0 1 0 30 29 16 13 25 17 20 18 -0.0296053 -12 529 530
458 10 1 0 2 1 4 1 1 0 0 533 
459 10 0 1 0 26 24 20 20 28 16 20 16 -0.0430228 11 531 532
460 10 0 1 0 7 10 20 16 23 0 12 13 -0.0606061 31 533 534
461 11 1 0 6 1 4 0 1 0 5 8 
462 11 0 1 0 18 28 19 17 17 31 12 15 -0.0965304 -4 535 536
463 11 0 1 0 22 28 18 14 10 30 13 17 -0.0212215 37 537 538
464 11 0 1 0 29 9 16 13 16 5 19 20 -0.205556 -28 539 540
465 11 1 0 3 1 4 0 0 0 3 28 
466 11 1 0 8 1 4 0 0 8 0 29 
467 11 1 0 57 1 4 57 0 0 0 32 
468 11 1 0 2 1 4 1 1 0 0 33 
469 11 0 1 0 24 13 17 19 17 13 14 13 -0.256522 -47 541 542
470 11 0 1 0 17 6 18 12 8 23 17 18 -0.340974 -6 543 544
471 11 1 0 4 1 4 0 1 3 0 47 
472 11 0 1 0 28 33 13 13 16 25 20 20 -0.0480376 34 545 546
473 11 0 1 0 2 11 14 13 9 26 12 13 -0.0277778 -35 547 548
474 11 1 0 24 1 4 0 24 0 0 76 
475 11 0 1 0 14 22 16 17 18 20 13 14 -0.182322 -2 549 550
476 11 1 0 8 1 4 8 0 0 0 94 
477 11 0 1 0 18 34 13 17 16 32 12 14 -0.0641026 2 551 552
478 11 0 1 0 4 2 17 16 0 35 12 14 -0.168414 -19 553 554
479 11 1 0 7 1 4 0 3 0 4 163 
480 11 0 1 0 27 12 18 19 26 28 12 16 -0.0906593 -16 555 556
481 11 1 0 28 1 4 0 0 0 28 167 
482 11 0 1 0 33 27 15 12 1 12 19 14 -0.311688 29 557 558
483 11 1 0 2 1 4 1 1 0 0 172 
484 11 1 0 37 1 4 37 0 0 0 173 
485 11 1 0 4 1 4 2 2 0 0 177 
486 11 0 1 0 22 24 16 14 18 13 19 14 -0.005 4 559 560
487 11 1 0 6 1 4 4 2 0 0 184 
488 11 1 0 132 1 4 132 0 0 0 185 
489 11 0 1 0 3 1 19 16 14 12 16 12 -0 -16 561 562
490 11 0 1 0 2 30 16 15 3 27 15 19 -0.109167 -12 563 564
491 11 0 1 0 34 22 15 13 25 24 19 13 -0.288961 -44 565 566
492 11 1 0 6 1 4 0 0 0 6 207 
493 11 0 1 0 20 24 17 13 11 4 12 13 -0.108553 -8 567 568
494 11 0 1 0 25 34 13 20 20 23 19 14 -0 1 569 570
495 11 1 0 5 1 4 0 5 0 0 265 
496 11 1 0 7 1 4 0 0 5 2 266 
497 11 0 1 0 3 31 13 16 3 29 18 12 -0.10084 4 571 572
498 11 1 0 5 1 4 5 0 0 0 275 
499 11 1 0 38 1 4 0 0 38 0 277 
500 11 1 0 4 1 4 0 3 1 0 278 
501 11 1 0 2 1 4 0 2 0 0 279 
502 11 1 0 49 1 4 49 0 0 0 280 
503 11 1 0 7 1 4 0 7 0 0 284 
504 11 0 1 0 22 18 13 18 19 13 12 15 -0.153482 3 573 574
505 11 1 0 20 1 4 0 20 0 0 296 
506 11 1 0 8 1 4 0 1 7 0 297 
507 11 0 1 0 2 1 14 12 33 8 12 12 -0.295195 -3 575 576
508 11 0 1 0 16 10 17 16 13 15 16 13 -0.0661008 21 577 578
509 11 1 0 6 1 4 0 0 0 6 311 
510 11 1 0 7 1 4 0 2 5 0 312 
511 11 1 0 6 1 4 1 0 2 3 313 
512 11 0 1 0 21 16 18 20 27 25 17 12 -0 -22 579 580
513 11 0 1 0 3 6 13 12 13 8 17 15 -0.0343137 4 581 582
514 11 0 1 0 14 15 12 12 32 26 16 13 -0.179894 1 583 584
515 11 0 1 0 20 14 13 16 4 34 12 13 -0.198261 -10 585 586
516 11 0 1 0 16 19 20 16 13 21 19 17 -0.0661376 6 587 588
517 11 1 0 2 1 4 0 2 0 0 425 
518 11 0 1 0 17 7 15 17 3 26 15 16 -0.00241546 -31 589 590
519 11 1 0 18 1 4 0 0 18 0 430 
520 11 1 0 6 1 4 0 6 0 0 431 
521 11 0 1 0 4 23 15 16 10 18 15 14 -0.112 -6 591 592
522 11 1 0 6 1 4 0 2 3 1 470 
523 11 0 1 0 20 25 14 17 27 22 12 12 -0.0362264 35 593 594
524 11 0 1 0 11 10 17 16 22 6 18 20 -0.152381 1 595 596
525 11 0 1 0 0 17 18 19 6 25 18 15 -0.00595238 -15 597 598
526 11 1 0 2 1 4 0 0 1 1 509 
527 11 0 1 0 20 14 12 20 8 22 18 12 -0.00731707 -12 599 600
528 11 1 0 2 1 4 0 1 1 0 528 
529 11 1 0 13 1 4 0 0 0 13 530 
530 11 0 1 0 26 22 19 12 12 25 18 14 -0.0263158 -5 601 602
531 11 0 1 0 20 2 19 15 14 28 16 12 -0.038281 2 603 604
532 11 1 0 7 1 4 0 3 0 4 551 
533 11 1 0 8 1 4 0 0 0 8 552 
534 11 1 0 3 1 4 2 1 0 0 553 
535 12 1 0 8 1 4 0 4 1 3 9 
536 12 0 1 0 11 33 13 12 21 33 12 18 -0.0629772 -38 605 606
537 12 0 1 0 28 29 15 15 30 31 15 13 -0.0119048 1 607 608
538 12 1 0 4 1 4 0 4 0 0 24 
539 12 1 0 2 1 4 0 0 1 1 25 
540 12 0 1 0 21 14 13 17 20 7 16 16 -0 1 609 610
541 12 1 0 8 1 4 6 2 0 0 36 
542 12 0 1 0 6 11 17 13 9 20 20 16 -0.0333333 -27 611 612
543 12 0 1 0 17 0 16 19 18 16 19 18 -0.0833333 -43 613 614
544 12 0 1 0 17 28 16 17 5 29 13 19 -0.136154 -4 615 616
545 12 0 1 0 13 8 14 15 6 19 20 14 -0.0448137 -2 617 618
546 12 1 0 7 1 4 0 5 2 0 72 
547 12 1 0 2 1 4 1 1 0 0 74 
548 12 1 0 16 1 4 16 0 0 0 75 
549 12 1 0 3 1 4 0 1 0 2 88 
550 12 0 1 0 2 26 15 15 0 34 13 19 -0.0997835 -33 619 620
551 12 1 0 7 1 4 0 0 0 7 122 
552 12 1 0 6 1 4 1 5 0 0 123 
553 12 0 1 0 26 27 14 15 29 29 18 17 -0.199167 14 621 622
554 12 0 1 0 12 33 14 12 17 24 17 13 -0.148696 27 623 624
555 12 0 1 0 22 32 13 12 18 13 14 19 -0.0535714 3 625 626
556 12 1 0 12 1 4 12 0 0 0 166 
557 12 0 1 0 3 27 18 15 25 20 15 14 -0 -10 627 628
558 12 1 0 7 1 4 0 1 0 6 170 
559 12 1 0 2 1 4 1 1 0 0 178 
560 12 1 0 98 1 4 0 98 0 0 179 
561 12 1 0 12 1 4 0 12 0 0 196 
562 12 1 0 3 1 4 0 0 3 0 197 
563 12 0 1 0 24 25 19 18 22 15 16 17 -0.0869565 2 629 630
564 12 0 1 0 18 28 19 14 27 16 18 18 -0.0125 22 631 632
565 12 0 1 0 15 13 13 15 31 5 16 13 -0.0642857 22 633 634
566 12 1 0 8 1 4 0 1 6 1 206 
567 12 1 0 3 1 4 0 0 1 2 208 
568 12 0 1 0 33 11 19 14 25 9 14 17 -0.102903 -37 635 636
569 12 1 0 4 1 4 0 4 0 0 244 
570 12 1 0 16 1 4 16 0 0 0 245 
571 12 0 1 0 22 16 15 19 20 14 15 19 -0.182597 -1 637 638
572 12 0 1 0 33 21 19 12 2 23 13 14 -0.0335644 -16 639 640
573 12 0 1 0 3 26 14 20 21 30 16 20 -0.0428571 -48 641 642
574 12 0 1 0 34 25 20 12 1 15 15 17 -0.113646 -4 643 644
575 12 0 1 0 15 11 16 13 23 25 14 15 -0.206823 -48 645 646
576 12 0 1 0 11 34 12 15 26 27 19 17 -0.060584 4 647 648
577 12 0 1 0 28 25 12 19 22 30 17 12 -0.0045045 1 649 650
578 12 1 0 8 1 4 1 0 4 3 309 
579 12 1 0 2 1 4 0 2 0 0 314 
580 12 1 0 44 1 4 44 0 0 0 315 
581 12 0 1 0 9 17 14 16 32 4 13 12 -0 0 651 652
582 12 1 0 5 1 4 0 0 5 0 318 
583 12 0 1 0 25 14 15 12 23 20 13 17 -0.127747 12 653 654
584 12 0 1 0 4 24 18 13 0 22 18 13 -0.64723 28 655 656
585 12 0 1 0 14 23 19 17 24 33 14 18 -0.0782609 -7 657 658
586 12 1 0 2 1 4 2 0 0 0 417 
587 12 1 0 6 1 4 0 5 1 0 418 
588 12 0 1 0 16 10 16 19 20 10 15 16 -0.0238095 5 659 660
589 12 1 0 2 1 4 1 1 0 0 426 
590 12 1 0 205 1 4 205 0 0 0 427 
591 12 0 1 0 22 5 16 16 30 9 17 13 -0.05 4 661 662
592 12 1 0 10 1 4 10 0 0 0 469 
593 12 0 1 0 7 20 17 18 26 10 17 18 -0 -6 663 664
594 12 1 0 3 1 4 0 3 0 0 473 
595 12 1 0 7 1 4 6 1 0 0 474 
596 12 1 0 3 1 4 0 0 1 2 475 
597 12 1 0 82 1 4 0 0 0 82 507 
598 12 1 0 2 1 4 0 0 1 1 508 
599 12 1 0 5 1 4 0 0 3 2 526 
600 12 1 0 159 1 4 0 0 0 159 527 
601 12 1 0 2 1 4 0 0 1 1 531 
602 12 1 0 17 1 4 0 0 17 0 532 
603 12 0 1 0 6 23 20 13 5 4 19 17 -0.0336229 -4 665 666
604 12 1 0 4 1 4 1 0 0 3 550 
605 13 0 1 0 10 20 18 13 22 22 18 12 -0.0210439 -109 667 668
606 13 0 1 0 13 1 19 20 24 4 13 15 -0.206044 14 669 670
607 13 1 0 40 1 4 40 0 0 0 22 
608 13 1 0 2 1 4 1 1 0 0 23 
609 13 1 0 5 1 4 5 0 0 0 26 
610 13 1 0 13 1 4 0 13 0 0 27 
611 13 1 0 13 1 4 0 0 0 13 37 
612 13 1 0 2 1 4 0 1 1 0 38 
613 13 1 0 6 1 4 5 1 0 0 39 
614 13 1 0 4 1 4 0 0 0 4 40 
615 13 1 0 3 1 4 0 2 0 1 41 
616 13 0 1 0 4 18 12 15 2 4 14 16 -0.0649182 -4 671 672
617 13 0 1 0 7 24 19 17 11 9 20 20 -0.140152 22 673 674
618 13 0 1 0 26 9 18 15 26 15 12 12 -0.0358806 15 675 676
619 13 1 0 4 1 4 4 0 0 0 89 
620 13 0 1 0 27 18 13 17 27 18 17 12 -0.0736269 -3 677 678
621 13 0 1 0 22 3 18 12 25 28 15 12 -0.0464158 -73 679 680
622 13 0 1 0 27 23 17 12 35 28 17 12 -0.153205 34 681 682
623 13 0 1 0 6 33 14 16 10 33 13 20 -0.14454 -18 683 684
624 13 1 0 3 1 4 0 0 0 3 161 
625 13 1 0 4 1 4 3 1 0 0 164 
626 13 1 0 10 1 4 0 10 0 0 165 
627 13 1 0 8 1 4 0 8 0 0 168 
628 13 1 0 3 1 4 3 0 0 0 169 
629 13 1 0 7 1 4 7 0 0 0 198 
630 13 0 1 0 12 18 12 13 7 20 15 15 -0.0326087 42 685 686
631 13 1 0 2 1 4 1 1 0 0 201 
632 13 1 0 38 1 4 38 0 0 0 202 
633 13 0 1 0 15 2 16 14 2 32 12 18 -0.05 -23 687 688
634 13 1 0 4 1 4 4 0 0 0 205 
635 13 1 0 3 1 4 0 1 0 2 209 
636 13 0 1 0 7 31 16 14 8 28 15 19 -0.0943161 10 689 690
637 13 0 1 0 0 4 17 13 25 10 12 15 -0.0357143 -26 691 692
638 13 0 1 0 0 31 15 12 32 16 19 13 -0.0795455 136 693 694
639 13 0 1 0 7 27 16 14 8 4 13 14 -0.0167248 50 695 696
640 13 1 0 5 1 4 0 3 2 0 274 
641 13 1 0 7 1 4 0 0 6 1 285 
642 13 1 0 13 1 4 0 0 0 13 286 
643 13 1 0 5 1 4 0 5 0 0 287 
644 13 0 1 0 27 15 13 13 31 35 12 12 -0.079804 -46 697 698
645 13 0 1 0 17 12 12 15 11 27 12 13 -0.103072 -52 699 700
646 13 1 0 4 1 4 1 3 0 0 302 
647 13 0 1 0 21 22 12 17 24 26 14 18 -0 -17 701 702
648 13 0 1 0 30 20 19 13 18 26 18 18 -0.015625 -87 703 704
649 13 1 0 109 1 4 0 0 0 109 307 
650 13 1 0 2 1 4 0 0 1 1 308 
651 13 1 0 49 1 4 0 49 0 0 316 
652 13 1 0 2 1 4 0 0 2 0 317 
653 13 0 1 0 16 26 16 12 10 29 16 16 -0.119875 22 705 706
654 13 0 1 0 29 21 16 17 20 28 16 19 -0.0739583 -15 707 708
655 13 0 1 0 26 27 15 15 26 15 15 14 -0.576456 7 709 710
656 13 0 1 0 3 7 12 13 19 2 16 20 -0.248052 0 711 712
657 13 0 1 0 10 21 18 19 6 15 17 18 -0 47 713 714
658 13 1 0 3 1 4 0 0 0 3 416 
659 13 1 0 19 1 4 19 0 0 0 419 
660 13 1 0 2 1 4 1 1 0 0 420 
661 13 0 1 0 22 13 18 14 21 30 16 18 -0.0408497 -1 715 716
662 13 1 0 4 1 4 4 0 0 0 468 
663 13 1 0 2 1 4 0 2 0 0 471 
664 13 1 0 48 1 4 48 0 0 0 472 
665 13 1 0 2 1 4 0 1 0 1 536 
666 13 0 1 0 30 27 19 13 27 22 17 20 -0.0310861 6 717 718
667 14 1 0 3 1 4 0 2 0 1 10 
668 14 0 1 0 20 24 15 18 15 10 12 18 -0.0124443 -29 719 720
669 14 1 0 16 1 4 16 0 0 0 18 
670 14 0 1 0 19 16 20 15 13 11 12 16 -0.14652 -9 721 722
671 14 0 1 0 12 9 15 17 18 19 14 20 -0 7 723 724
672 14 0 1 0 28 20 20 14 18 11 15 18 -0.0203901 18 725 726
673 14 1 0 3 1 4 0 0 1 2 48 
674 14 1 0 8 1 4 7 1 0 0 49 
675 14 0 1 0 28 16 19 12 23 12 18 18 -0.0318992 10 727 728
676 14 1 0 5 1 4 2 0 3 0 71 
677 14 0 1 0 24 24 19 17 25 21 12 17 -0.015373 8 729 730
678 14 1 0 2 1 4 0 1 0 1 93 
679 14 1 0 9 1 4 1 8 0 0 124 
680 14 0 1 0 18 27 14 14 21 11 20 13 -0.016129 0 731 732
681 14 1 0 4 1 4 3 1 0 0 127 
682 14 0 1 0 0 17 19 17 2 23 17 20 -0.0769231 -37 733 734
683 14 0 1 0 26 22 17 19 23 9 15 20 -0.113876 3 735 736
684 14 0 1 0 27 7 14 20 24 0 12 16 -0.355185 22 737 738
685 14 1 0 19 1 4 0 19 0 0 199 
686 14 1 0 4 1 4 3 1 0 0 200 
687 14 1 0 2 1 4 0 1 1 0 203 
688 14 1 0 8 1 4 0 8 0 0 204 
689 14 0 1 0 15 8 17 16 24 11 13 13 -0.0827413 -15 739 740
690 14 1 0 8 1 4 1 1 4 2 243 
691 14 1 0 2 1 4 0 1 1 0 267 
692 14 1 0 12 1 4 0 12 0 0 268 
693 14 1 0 8 1 4 0 0 7 1 269 
694 14 1 0 3 1 4 0 3 0 0 270 
695 14 1 0 2 1 4 1 1 0 0 271 
696 14 0 1 0 10 27 15 15 10 28 13 13 -0.00574713 4 741 742
697 14 0 1 0 5 26 13 18 0 32 13 20 -0.0498517 12 743 744
698 14 0 1 0 8 1 19 17 17 0 12 14 -0 -1 745 746
699 14 0 1 0 30 30 15 16 23 5 18 20 -0.0217391 55 747 748
700 14 0 1 0 1 19 18 14 14 4 18 16 -0.0571429 -4 749 750
701 14 1 0 2 1 4 0 0 0 2 303 
702 14 1 0 9 1 4 0 0 9 0 304 
703 14 1 0 2 1 4 0 0 1 1 305 
704 14 1 0 30 1 4 0 0 0 30 306 
705 14 0 1 0 2 29 18 17 31 12 13 13 -0.114009 -15 751 752
706 14 1 0 8 1 4 4 2 2 0 389 
707 14 0 1 0 14 24 17 12 6 25 20 12 -0 -1 753 754
708 14 1 0 2 1 4 1 1 0 0 392 
709 14 0 1 0 20 15 19 16 22 12 13 18 -0.213889 26 755 756
710 14 0 1 0 11 23 15 16 15 13 18 16 -0.414048 21 757 758
711 14 0 1 0 6 27 17 15 13 1 14 20 -0.0625 107 759 760
712 14 0 1 0 6 15 15 16 24 23 12 15 -0.0454545 5 761 762
713 14 1 0 2 1 4 0 2 0 0 414 
714 14 1 0 18 1 4 0 0 18 0 415 
715 14 0 1 0 26 23 18 12 25 19 16 13 -0.0147059 11 763 764
716 14 1 0 2 1 4 0 1 1 0 467 
717 14 0 1 0 29 13 14 12 34 3 14 13 -0.0212837 -5 765 766
718 14 0 1 0 20 17 16 14 25 30 17 14 -0.054902 21 767 768
719 15 1 0 2 1 4 1 1 0 0 11 
720 15 0 1 0 28 8 19 19 32 10 18 12 -0.00976005 22 769 770
721 15 1 0 5 1 4 5 0 0 0 19 
722 15 0 1 0 34 0 16 13 1 23 20 18 -0.0952381 -11 771 772
723 15 1 0 11 1 4 0 11 0 0 42 
724 15 1 0 5 1 4 5 0 0 0 43 
725 15 0 1 0 4 4 12 12 6 9 12 18 -0.0070922 -65 773 774
726 15 1 0 2 1 4 0 2 0 0 46 
727 15 0 1 0 10 32 15 18 17 28 12 16 -0.0250727 36 775 776
728 15 0 1 0 12 20 19 16 23 32 13 13 -0.127808 -28 777 778
729 15 1 0 2 1 4 2 0 0 0 90 
730 15 0 1 0 5 24 17 20 3 29 16 13 -0.00806452 18 779 780
731 15 1 0 2 1 4 1 1 0 0 125 
732 15 1 0 29 1 4 29 0 0 0 126 
733 15 1 0 2 1 4 0 1 0 1 128 
734 15 1 0 24 1 4 0 24 0 0 129 
735 15 0 1 0 22 2 15 20 29 14 14 17 -0.502924 -9 781 782
736 15 0 1 0 22 13 19 13 24 25 15 14 -0.0628922 14 783 784
737 15 0 1 0 27 22 18 17 34 23 20 13 -0.213333 19 785 786
738 15 1 0 4 1 4 0 0 2 2 160 
739 15 1 0 6 1 4 6 0 0 0 210 
740 15 0 1 0 4 31 14 12 2 22 13 17 -0.0785597 5 787 788
741 15 1 0 85 1 4 0 85 0 0 272 
742 15 1 0 2 1 4 1 1 0 0 273 
743 15 0 1 0 14 7 19 12 5 2 20 12 -0.0307361 -8 789 790
744 15 1 0 6 1 4 0 0 1 5 293 
745 15 1 0 2 1 4 0 0 2 0 294 
746 15 1 0 9 1 4 0 0 0 9 295 
747 15 1 0 2 1 4 0 0 1 1 298 
748 15 1 0 21 1 4 0 0 21 0 299 
749 15 1 0 5 1 4 0 0 4 1 300 
750 15 1 0 9 1 4 0 0 0 9 301 
751 15 0 1 0 5 6 15 14 16 20 17 20 -0 -81 791 792
752 15 0 1 0 1 33 13 15 7 15 17 20 -0.109 -1 793 794
753 15 1 0 2 1 4 0 0 2 0 390 
754 15 1 0 28 1 4 0 0 0 28 391 
755 15 0 1 0 26 8 18 17 32 17 18 12 -0 8 795 796
756 15 1 0 2 1 4 2 0 0 0 395 
757 15 0 1 0 22 22 20 15 21 34 12 18 -0.28002 -3 797 798
758 15 0 1 0 24 31 14 17 22 31 16 17 -0.212083 -10 799 800
759 15 1 0 16 1 4 0 0 0 16 410 
760 15 1 0 8 1 4 0 0 6 2 411 
761 15 1 0 9 1 4 0 0 9 0 412 
762 15 1 0 2 1 4 1 1 0 0 413 
763 15 1 0 32 1 4 0 32 0 0 465 
764 15 1 0 2 1 4 1 1 0 0 466 
765 15 1 0 4 1 4 0 1 1 2 537 
766 15 0 1 0 6 20 15 19 27 35 12 14 -0.0188433 -62 801 802
767 15 0 1 0 9 30 13 16 7 13 18 15 -0.0333333 68 803 804
768 15 1 0 2 1 4 2 0 0 0 549 
769 16 0 1 0 8 9 19 16 4 15 15 20 -0.00773608 37 805 806
770 16 1 0 2 1 4 1 1 0 0 17 
771 16 1 0 19 1 4 0 19 0 0 20 
772 16 1 0 2 1 4 0 1 0 1 21 
773 16 1 0 3 1 4 1 2 0 0 44 
774 16 1 0 91 1 4 91 0 0 0 45 
775 16 0 1 0 15 32 14 15 3 27 19 20 -0.0215849 77 807 808
776 16 1 0 2 1 4 1 0 0 1 65 
777 16 0 1 0 22 26 17 12 24 16 19 12 -0.0296875 5 809 810
778 16 0 1 0 13 27 18 13 9 8 19 18 -0.0138889 58 811 812
779 16 1 0 2 1 4 1 1 0 0 91 
780 16 1 0 60 1 4 0 60 0 0 92 
781 16 1 0 5 1 4 0 0 0 5 130 
782 16 0 1 0 23 28 12 14 17 6 14 19 -0.368421 6 813 814
783 16 0 1 0 24 29 18 17 22 19 15 13 -0.0512447 -20 815 816
784 16 1 0 7 1 4 7 0 0 0 154 
785 16 0 1 0 2 18 20 13 17 5 15 16 -0.031746 -15 817 818
786 16 0 1 0 10 17 19 19 2 28 16 19 -0.165631 15 819 820
787 16 0 1 0 24 25 14 19 30 24 14 14 -0.0598908 4 821 822
788 16 0 1 0 24 30 15 20 27 31 16 19 -0.135774 5 823 824
789 16 1 0 4 1 4 0 3 1 0 288 
790 16 0 1 0 15 24 13 12 16 24 19 16 -0.0134178 -43 825 826
791 16 1 0 2 1 4 0 0 2 0 319 
792 16 1 0 12 1 4 0 0 0 12 320 
793 16 0 1 0 11 0 18 12 6 5 18 19 -0.36016 -39 827 828
794 16 0 1 0 26 32 15 14 27 27 16 12 -0.0934865 -7 829 830
795 16 1 0 11 1 4 0 0 11 0 393 
796 16 1 0 7 1 4 0 0 0 7 394 
797 16 0 1 0 16 17 18 15 21 26 20 16 -0.113839 -6 831 832
798 16 0 1 0 7 16 12 16 11 26 19 13 -0.0795455 -36 833 834
799 16 0 1 0 20 28 12 14 23 1 19 15 -0.0472222 98 835 836
800 16 0 1 0 9 8 18 13 4 10 18 12 -0.1 19 837 838
801 16 1 0 5 1 4 1 0 0 4 538 
802 16 0 1 0 16 33 13 13 26 5 17 13 -0.0132657 -7 839 840
803 16 1 0 2 1 4 0 0 1 1 547 
804 16 1 0 13 1 4 0 0 0 13 548 
805 17 0 1 0 25 0 17 18 26 5 13 20 -0.0042775 -11 841 842
806 17 1 0 4 1 4 1 3 0 0 16 
807 17 0 1 0 8 15 19 14 0 2 12 20 -0.0208023 100 843 844
808 17 1 0 4 1 4 0 4 0 0 64 
809 17 1 0 12 1 4 12 0 0 0 66 
810 17 0 1 0 25 9 18 15 22 10 17 14 -0.025 -30 845 846
811 17 1 0 34 1 4 34 0 0 0 69 
812 17 1 0 2 1 4 1 1 0 0 70 
813 17 1 0 4 1 4 0 0 0 4 131 
814 17 0 1 0 7 20 12 19 7 28 12 17 -0.309204 -9 847 848
815 17 1 0 5 1 4 0 1 0 4 138 
816 17 0 1 0 20 4 17 12 26 21 17 15 -0.0407096 33 849 850
817 17 1 0 20 1 4 20 0 0 0 155 
818 17 1 0 7 1 4 1 6 0 0 156 
819 17 1 0 2 1 4 2 0 0 0 157 
820 17 0 1 0 1 18 13 12 0 12 12 12 -0.0952381 12 851 852
821 17 0 1 0 0 0 16 17 7 0 15 17 -0.162465 -1 853 854
822 17 0 1 0 23 20 18 18 26 21 13 14 -0.0460164 35 855 856
823 17 0 1 0 12 15 18 16 7 31 13 18 -0.0661376 -9 857 858
824 17 0 1 0 22 24 17 17 19 21 12 15 -0.0459096 -22 859 860
825 17 1 0 2 1 4 0 0 0 2 289 
826 17 0 1 0 27 30 16 18 20 16 19 13 -0.0102966 83 861 862
827 17 1 0 3 1 4 3 0 0 0 321 
828 17 0 1 0 31 28 19 13 34 27 16 13 -0.277833 18 863 864
829 17 0 1 0 8 19 13 13 21 21 19 13 -0.0740741 -40 865 866
830 17 0 1 0 23 2 14 13 26 3 19 18 -0.0886153 14 867 868
831 17 0 1 0 14 4 17 17 23 14 13 15 -0.0743056 12 869 870
832 17 1 0 16 1 4 16 0 0 0 400 
833 17 1 0 3 1 4 0 3 0 0 401 
834 17 1 0 8 1 4 0 0 7 1 402 
835 17 0 1 0 15 3 12 17 23 1 17 19 -0.0277778 -6 871 872
836 17 1 0 2 1 4 0 0 2 0 405 
837 17 0 1 0 20 9 16 13 0 28 13 19 -0.056696 -14 873 874
838 17 1 0 7 1 4 0 7 0 0 409 
839 17 1 0 3 1 4 1 0 0 2 539 
840 17 0 1 0 6 30 16 14 0 35 12 14 -0.00922924 -22 875 876
841 18 1 0 2 1 4 1 1 0 0 12 
842 18 0 1 0 28 15 20 15 31 15 19 13 -0.00261233 25 877 878
843 18 0 1 0 14 28 15 17 14 33 12 12 -0.0187512 -23 879 880
844 18 1 0 2 1 4 1 0 1 0 63 
845 18 1 0 2 1 4 1 1 0 0 67 
846 18 1 0 18 1 4 0 18 0 0 68 
847 18 1 0 5 1 4 0 2 0 3 132 
848 18 0 1 0 27 26 18 16 29 30 13 13 -0.188122 7 881 882
849 18 0 1 0 15 28 19 18 12 29 12 13 -0.0388871 1 883 884
850 18 1 0 2 1 4 0 0 0 2 153 
851 18 1 0 19 1 4 0 19 0 0 158 
852 18 1 0 2 1 4 0 1 0 1 159 
853 18 1 0 7 1 4 0 0 6 1 211 
854 18 0 1 0 1 10 18 17 0 7 15 16 -0.0649832 7 885 886
855 18 0 1 0 14 9 15 12 12 13 19 20 -0.0428434 21 887 888
856 18 1 0 3 1 4 3 0 0 0 235 
857 18 1 0 6 1 4 0 5 1 0 236 
858 18 0 1 0 22 20 15 16 15 13 15 16 -0.0238095 -45 889 890
859 18 1 0 2 1 4 2 0 0 0 239 
860 18 0 1 0 7 18 14 18 5 9 20 18 -0.0261905 3 891 892
861 18 0 1 0 24 25 13 13 26 28 19 18 -0.0034965 10 893 894
862 18 1 0 2 1 4 0 0 1 1 292 
863 18 0 1 0 9 26 17 20 8 32 15 17 -0.231778 -2 895 896
864 18 0 1 0 16 27 20 16 29 21 13 13 -0.0617191 22 897 898
865 18 1 0 12 1 4 0 0 0 12 330 
866 18 1 0 9 1 4 0 0 7 2 331 
867 18 0 1 0 22 14 16 14 22 27 12 20 -0.0794163 7 899 900
868 18 0 1 0 31 19 17 16 27 14 15 20 -0.209806 22 901 902
869 18 0 1 0 24 23 20 18 21 32 15 18 -0.0546875 -19 903 904
870 18 1 0 4 1 4 4 0 0 0 399 
871 18 1 0 2 1 4 1 1 0 0 403 
872 18 1 0 16 1 4 0 16 0 0 404 
873 18 0 1 0 5 33 12 18 10 29 12 19 -0 -10 905 906
874 18 1 0 2 1 4 0 0 0 2 408 
875 18 1 0 3 1 4 0 0 2 1 540 
876 18 0 1 0 28 14 17 18 28 34 12 17 -0.00851209 -8 907 908
877 19 1 0 337 1 4 0 337 0 0 13 
878 19 0 1 0 8 16 20 19 8 26 16 20 -0.0454545 20 909 910
879 19 1 0 3 1 4 2 0 0 1 50 
880 19 0 1 0 4 27 14 19 3 3 20 12 -0.0155428 4 911 912
881 19 0 1 0 8 11 17 20 10 25 16 20 -0.120968 -22 913 914
882 19 1 0 3 1 4 0 1 0 2 137 
883 19 1 0 2 1 4 0 1 0 1 139 
884 19 0 1 0 9 8 17 16 6 29 16 19 -0.0350949 -31 915 916
885 19 1 0 5 1 4 0 1 4 0 212 
886 19 0 1 0 4 19 16 19 14 30 14 20 -0.0227273 15 917 918
887 19 0 1 0 4 0 15 13 5 5 17 20 -0.0395334 27 919 920
888 19 1 0 3 1 4 3 0 0 0 234 
889 19 1 0 2 1 4 1 1 0 0 237 
890 19 1 0 19 1 4 19 0 0 0 238 
891 19 1 0 3 1 4 2 1 0 0 240 
892 19 0 1 0 30 18 13 15 15 29 18 19 -0.00833333 -37 921 922
893 19 1 0 141 1 4 0 0 141 0 290 
894 19 1 0 2 1 4 0 0 1 1 291 
895 19 1 0 7 1 4 3 1 3 0 322 
896 19 0 1 0 18 17 16 18 29 21 17 13 -0.0745342 16 923 924
897 19 1 0 6 1 4 0 1 5 0 327 
898 19 0 1 0 20 14 17 12 6 22 18 13 -0.0217391 14 925 926
899 19 0 1 0 17 16 17 16 19 14 14 14 -0.0764417 -5 927 928
900 19 1 0 7 1 4 0 0 0 7 384 
901 19 0 1 0 23 30 14 19 15 17 19 14 -0.0727273 32 929 930
902 19 0 1 0 11 13 18 16 0 27 20 18 -0.03125 -2 931 932
903 19 0 1 0 19 11 12 17 20 33 12 16 -0.015625 -29 933 934
904 19 1 0 4 1 4 2 2 0 0 398 
905 19 1 0 2 1 4 0 2 0 0 406 
906 19 1 0 29 1 4 0 0 29 0 407 
907 19 1 0 6 1 4 0 1 0 5 541 
908 19 0 1 0 26 27 13 20 28 22 19 12 -0.00643981 7 935 936
909 20 1 0 2 1 4 1 1 0 0 14 
910 20 1 0 9 1 4 0 9 0 0 15 
911 20 1 0 9 1 4 5 4 0 0 51 
912 20 0 1 0 16 17 20 16 13 20 13 20 -0.0127912 -3 937 938
913 20 1 0 2 1 4 2 0 0 0 133 
914 20 0 1 0 6 10 13 12 5 1 13 18 -0.106433 -10 939 940
915 20 1 0 2 1 4 0 1 0 1 140 
916 20 0 1 0 24 22 15 16 21 5 15 13 -0.0312803 -9 941 942
917 20 1 0 20 1 4 0 20 0 0 213 
918 20 1 0 2 1 4 1 1 0 0 214 
919 20 0 1 0 21 18 14 20 32 29 13 15 -0.0373434 52 943 944
920 20 1 0 3 1 4 0 0 3 0 233 
921 20 1 0 58 1 4 0 58 0 0 241 
922 20 1 0 2 1 4 0 1 1 0 242 
923 20 0 1 0 27 26 19 17 1 21 18 17 -0.0212336 2 945 946
924 20 1 0 3 1 4 0 0 0 3 326 
925 20 1 0 21 1 4 0 21 0 0 328 
926 20 1 0 2 1 4 0 1 1 0 329 
927 20 1 0 3 1 4 2 1 0 0 332 
928 20 0 1 0 18 8 15 18 11 13 14 14 -0.0731749 32 947 948
929 20 1 0 6 1 4 6 0 0 0 385 
930 20 1 0 5 1 4 0 4 1 0 386 
931 20 1 0 14 1 4 0 0 14 0 387 
932 20 1 0 2 1 4 0 1 1 0 388 
933 20 1 0 30 1 4 0 30 0 0 396 
934 20 1 0 2 1 4 0 1 1 0 397 
935 20 0 1 0 27 16 18 20 28 16 15 17 -0.00431822 3 949 950
936 20 1 0 9 1 4 0 1 0 8 546 
937 21 1 0 2 1 4 1 0 0 1 52 
938 21 0 1 0 0 30 16 12 1 25 17 18 -0.0104775 -9 951 952
939 21 1 0 3 1 4 0 2 0 1 134 
940 21 0 1 0 26 5 20 17 27 12 19 18 -0.0581114 -2 953 954
941 21 1 0 2 1 4 0 1 0 1 141 
942 21 0 1 0 25 31 14 19 29 27 17 18 -0.0273814 8 955 956
943 21 0 1 0 22 28 19 20 22 29 13 13 -0.0328099 20 957 958
944 21 1 0 2 1 4 0 1 0 1 232 
945 21 1 0 3 1 4 0 3 0 0 323 
946 21 0 1 0 9 19 18 13 11 29 18 15 -0.0116279 -33 959 960
947 21 0 1 0 13 8 14 16 35 27 19 12 -0.0707751 -25 961 962
948 21 1 0 2 1 4 2 0 0 0 383 
949 21 1 0 1730 1 4 0 0 0 1730 542 
950 21 0 1 0 29 26 12 16 28 6 17 19 -0.109687 -3 963 964
951 22 0 1 0 34 25 19 12 32 21 20 15 -0.0388514 3 965 966
952 22 0 1 0 28 23 15 14 21 27 16 12 -0.0019518 28 967 968
953 22 1 0 7 1 4 0 6 0 1 135 
954 22 1 0 52 1 4 0 52 0 0 136 
955 22 1 0 2 1 4 2 0 0 0 142 
956 22 0 1 0 21 12 12 17 26 26 16 18 -0.0261588 19 969 970
957 22 0 1 0 26 23 20 15 28 8 12 17 -0.030528 7 971 972
958 22 1 0 2 1 4 0 0 2 0 231 
959 22 1 0 2 1 4 0 1 1 0 324 
960 22 1 0 41 1 4 0 0 41 0 325 
961 22 0 1 0 21 21 13 17 17 26 13 15 -0.0419321 15 973 974
962 22 0 1 0 28 9 18 12 28 4 20 16 -0.206623 -1 975 976
963 22 1 0 2 1 4 0 1 0 1 543 
964 22 0 1 0 24 23 18 15 22 25 13 20 -0.0512821 2 977 978
965 23 1 0 2 1 4 0 0 0 2 53 
966 23 0 1 0 5 0 13 16 15 7 14 15 -0.0275735 -40 979 980
967 23 0 1 0 7 26 12 17 20 2 13 18 -0.00152004 -69 981 982
968 23 1 0 2 1 4 1 1 0 0 62 
969 23 0 1 0 8 28 19 20 7 29 15 20 -0.0228687 5 983 984
970 23 1 0 3 1 4 0 2 0 1 152 
971 23 1 0 2 1 4 0 1 0 1 215 
972 23 0 1 0 21 19 15 20 3 13 15 12 -0.026094 83 985 986
973 23 0 1 0 23 22 12 20 27 23 19 14 -0.0384216 5 987 988
974 23 1 0 5 1 4 0 5 0 0 366 
975 23 0 1 0 25 31 16 19 22 35 12 12 -0.102249 -19 989 990
976 23 0 1 0 29 14 18 17 18 13 17 15 -0.139601 -25 991 992
977 23 1 0 49 1 4 0 0 0 49 544 
978 23 1 0 3 1 4 0 1 0 2 545 
979 24 0 1 0 8 19 20 13 13 1 15 14 -0.00735294 -19 993 994
980 24 1 0 4 1 4 2 2 0 0 56 
981 24 1 0 2 1 4 1 1 0 0 57 
982 24 0 1 0 15 6 16 20 10 33 14 12 -0.00108714 -90 995 996
983 24 0 1 0 17 5 14 19 31 25 16 16 -0.154089 22 997 998
984 24 0 1 0 1 18 18 12 6 11 18 14 -0.00273043 4 999 1000
985 24 0 1 0 17 24 17 13 4 9 13 20 -0.0236638 -7 1001 1002
986 24 1 0 2 1 4 2 0 0 0 230 
987 24 0 1 0 26 8 15 17 1 28 18 15 -0.0364245 12 1003 1004
988 24 1 0 2 1 4 2 0 0 0 365 
989 24 0 1 0 16 12 17 14 23 34 13 12 -0.036859 -97 1005 1006
990 24 0 1 0 10 17 20 13 4 13 16 12 -0.0526316 22 1007 1008
991 24 1 0 6 1 4 2 3 1 0 372 
992 24 0 1 0 24 10 16 13 13 12 16 16 -0.101917 15 1009 1010
993 25 1 0 2 1 4 1 1 0 0 54 
994 25 1 0 66 1 4 66 0 0 0 55 
995 25 1 0 2 1 4 1 1 0 0 58 
996 25 0 1 0 6 1 14 15 3 19 17 13 -0.000762005 61 1011 1012
997 25 0 1 0 17 29 13 12 6 18 20 14 -0.107387 67 1013 1014
998 25 1 0 3 1 4 0 1 0 2 147 
999 25 0 1 0 27 12 14 13 30 5 12 16 -0.00164353 -20 1015 1016
1000 25 1 0 2 1 4 0 1 1 0 151 
1001 25 1 0 4 1 4 3 1 0 0 216 
1002 25 0 1 0 27 29 15 18 24 17 19 19 -0.0205458 -2 1017 1018
1003 25 0 1 0 25 32 13 18 27 35 12 16 -0.0334412 9 1019 1020
1004 25 1 0 2 1 4 1 1 0 0 364 
1005 25 1 0 4 1 4 0 0 4 0 367 
1006 25 0 1 0 27 17 15 20 29 17 14 14 -0 0 1021 1022
1007 25 1 0 36 1 4 0 0 36 0 370 
1008 25 1 0 2 1 4 1 0 1 0 371 
1009 25 0 1 0 16 26 20 20 2 26 19 17 -0.0867283 44 1023 1024
1010 25 1 0 6 1 4 0 0 0 6 382 
1011 26 0 1 0 2 14 18 19 8 33 12 13 -0.000327225 10 1025 1026
1012 26 1 0 4 1 4 3 1 0 0 61 
1013 26 0 1 0 2 11 19 14 6 31 14 16 -0.0060241 -59 1027 1028
1014 26 0 1 0 24 10 17 19 29 11 14 17 -0 16 1029 1030
1015 26 1 0 2 1 4 1 1 0 0 148 
1016 26 0 1 0 26 29 12 18 28 16 12 17 -0.000824176 14 1031 1032
1017 26 1 0 2 1 4 0 1 0 1 217 
1018 26 0 1 0 27 28 14 19 34 35 12 12 -0.0167635 -33 1033 1034
1019 26 0 1 0 35 34 13 12 18 13 18 20 -0.0318107 144 1035 1036
1020 26 1 0 8 1 4 0 0 1 7 363 
1021 26 1 0 2 1 4 0 0 2 0 368 
1022 26 1 0 46 1 4 0 46 0 0 369 
1023 26 0 1 0 15 1 17 18 20 7 12 12 -0.0621404 6 1037 1038
1024 26 1 0 7 1 4 0 0 2 5 381 
1025 27 1 0 2288 1 4 2288 0 0 0 59 
1026 27 1 0 4 1 4 3 1 0 0 60 
1027 27 1 0 2 1 4 1 1 0 0 143 
1028 27 1 0 81 1 4 0 81 0 0 144 
1029 27 1 0 3 1 4 0 0 0 3 145 
1030 27 1 0 11 1 4 0 11 0 0 146 
1031 27 1 0 4 1 4 1 3 0 0 149 
1032 27 1 0 906 1 4 0 906 0 0 150 
1033 27 0 1 0 9 34 12 13 0 25 14 16 -0.0342857 43 1039 1040
1034 27 0 1 0 25 6 15 16 19 1 15 15 -0.0102825 -24 1041 1042
1035 27 0 1 0 29 16 13 16 2 27 20 13 -0.02976 8 1043 1044
1036 27 1 0 3 1 4 0 3 0 0 362 
1037 27 0 1 0 33 2 14 13 10 8 14 19 -0.0466974 5 1045 1046
1038 27 1 0 7 1 4 0 0 2 5 380 
1039 28 1 0 18 1 4 0 18 0 0 218 
1040 28 1 0 7 1 4 6 1 0 0 219 
1041 28 1 0 3 1 4 2 1 0 0 220 
1042 28 0 1 0 31 20 19 15 35 0 19 12 -0.0083475 -6 1047 1048
1043 28 0 1 0 19 20 14 15 17 20 16 17 -0.0213648 6 1049 1050
1044 28 0 1 0 14 30 16 15 26 24 18 12 -0.20373 6 1051 1052
1045 28 0 1 0 13 11 14 16 21 15 18 20 -0.00988933 -30 1053 1054
1046 28 0 1 0 6 15 13 20 30 16 20 14 -0.0768473 -1 1055 1056
1047 29 1 0 4 1 4 2 2 0 0 221 
1048 29 0 1 0 5 13 14 14 3 10 19 15 -0.00658175 -2 1057 1058
1049 29 0 1 0 4 29 17 13 4 27 16 14 -0.019083 -10 1059 1060
1050 29 1 0 3 1 4 1 1 1 0 356 
1051 29 0 1 0 30 28 14 14 27 31 16 18 -0.157797 5 1061 1062
1052 29 1 0 10 1 4 0 0 0 10 361 
1053 29 1 0 2 1 4 0 1 1 0 373 
1054 29 0 1 0 15 22 14 18 15 35 12 13 -0.0033557 -99 1063 1064
1055 29 0 1 0 28 6 13 14 3 12 18 19 -0.0332056 12 1065 1066
1056 29 1 0 6 1 4 0 6 0 0 379 
1057 30 1 0 2 1 4 0 1 1 0 222 
1058 30 0 1 0 0 32 15 13 2 34 12 12 -0.00540286 -19 1067 1068
1059 30 1 0 3 1 4 0 3 0 0 333 
1060 30 0 1 0 15 15 19 20 20 14 15 12 -0.0181874 -12 1069 1070
1061 30 0 1 0 18 7 20 20 25 5 20 15 -0.0899316 -6 1071 1072
1062 30 1 0 8 1 4 0 0 2 6 360 
1063 30 1 0 2 1 4 0 0 1 1 374 
1064 30 1 0 147 1 4 0 0 147 0 375 
1065 30 0 1 0 11 0 18 16 17 2 14 20 -0.0185185 2 1073 1074
1066 30 1 0 2 1 4 0 2 0 0 378 
1067 31 1 0 2 1 4 1 1 0 0 223 
1068 31 0 1 0 29 32 15 12 32 25 14 14 -0.00440456 10 1075 1076
1069 31 1 0 2 1 4 1 0 1 0 334 
1070 31 0 1 0 24 25 12 14 24 24 16 14 -0.0170226 6 1077 1078
1071 31 1 0 2 1 4 1 0 1 0 357 
1072 31 0 1 0 23 11 16 12 16 14 18 16 -0.016129 11 1079 1080
1073 31 1 0 25 1 4 0 0 25 0 376 
1074 31 1 0 2 1 4 0 1 1 0 377 
1075 32 1 0 3 1 4 0 2 1 0 224 
1076 32 0 1 0 25 31 12 15 24 32 14 14 -0.00301711 11 1081 1082
1077 32 0 1 0 15 9 16 12 33 25 20 14 -0.0159877 -17 1083 1084
1078 32 1 0 8 1 4 0 0 6 2 355 
1079 32 1 0 29 1 4 0 0 29 0 358 
1080 32 1 0 2 1 4 0 0 1 1 359 
1081 33 0 1 0 14 20 17 15 14 21 18 19 -0.00181671 24 1085 1086
1082 33 1 0 2 1 4 1 1 0 0 229 
1083 33 0 1 0 2 28 18 14 16 3 17 14 -0.0123942 4 1087 1088
1084 33 0 1 0 14 0 19 13 19 25 16 13 -0 -66 1089 1090
1085 34 0 1 0 28 26 14 15 25 27 19 19 -0.00115721 -37 1091 1092
1086 34 1 0 2 1 4 1 1 0 0 228 
1087 34 0 1 0 0 12 14 14 5 21 13 15 -0.0466667 1 1093 1094
1088 34 0 1 0 15 9 19 16 14 11 20 14 -0.0097846 7 1095 1096
1089 34 1 0 16 1 4 0 0 16 0 353 
1090 34 1 0 2 1 4 2 0 0 0 354 
1091 35 0 1 0 2 26 20 17 0 26 13 19 -0.0238095 7 1097 1098
1092 35 1 0 802 1 4 0 802 0 0 227 
1093 35 1 0 5 1 4 0 5 0 0 335 
1094 35 0 1 0 18 9 13 17 9 28 19 20 -0.0333333 -23 1099 1100
1095 35 0 1 0 5 5 15 17 12 33 14 13 -0.00931892 -168 1101 1102
1096 35 1 0 2 1 4 0 0 1 1 352 
1097 36 1 0 19 1 4 0 19 0 0 225 
1098 36 1 0 2 1 4 1 1 0 0 226 
1099 36 1 0 2 1 4 0 0 1 1 336 
1100 36 1 0 13 1 4 0 0 13 0 337 
1101 36 1 0 2 1 4 0 1 1 0 338 
1102 36 0 1 0 8 10 14 18 4 16 19 18 -0.00885189 7 1103 1104
1103 37 0 1 0 31 23 13 15 30 20 17 13 -0.00838351 -19 1105 1106
1104 37 1 0 2 1 4 0 1 1 0 351 
1105 38 1 0 2 1 4 0 1 1 0 339 
1106 38 0 1 0 19 18 20 19 24 17 18 12 -0.00785749 -2 1107 1108
1107 39 0 1 0 13 12 15 16 24 25 20 15 -0.090991 -40 1109 1110
1108 39 0 1 0 28 33 14 13 24 27 19 15 -0.00366904 -9 1111 1112
1109 40 0 1 0 29 30 13 16 20 20 19 20 -0.0135135 2 1113 1114
1110 40 1 0 3 1 4 2 0 1 0 342 
1111 40 1 0 2 1 4 0 1 1 0 343 
1112 40 0 1 0 23 15 12 12 23 19 14 16 -0.00318219 4 1115 1116
1113 41 1 0 2 1 4 0 1 1 0 340 
1114 41 1 0 35 1 4 0 0 35 0 341 
1115 41 0 1 0 22 18 13 13 15 9 15 12 -0.0019134 -3 1117 1118
1116 41 0 1 0 6 29 15 17 0 27 20 12 -0.0416667 36 1119 1120
1117 42 0 1 0 19 31 13 14 10 30 17 17 -0 13 1121 1122
1118 42 0 1 0 1 32 14 13 26 11 15 16 -0.000494376 7 1123 1124
1119 42 1 0 14 1 4 0 0 14 0 349 
1120 42 1 0 4 1 4 0 0 1 3 350 
1121 43 1 0 68 1 4 0 0 68 0 344 
1122 43 1 0 3 1 4 0 3 0 0 345 
1123 43 0 1 0 24 1 19 18 17 5 20 19 -0.0172414 -3 1125 1126
1124 43 1 0 1924 1 4 0 0 1924 0 348 
1125 44 1 0 2 1 4 0 0 1 1 346 
1126 44 1 0 27 1 4 0 0 27 0 347 
