-2147483648 -2147483648 data/trees_headpose/tree_000.txt
100 10 5000 30 30000 1 48 1 data/trees_headpose ./data/Cropped_HBO_Data_4view.txt
1 0
0 0 0 1 0 11 32 15 13 13 9 14 17 -0.978947 39 1 2
1 1 0 1 0 32 2 17 12 30 31 16 16 -0.833122 -14 3 4
2 1 0 1 0 24 18 16 19 27 32 15 17 -0.635735 -3 5 6
3 2 0 1 0 2 26 15 13 1 28 19 12 -0.563733 -3 7 8
4 2 0 1 0 6 4 20 18 6 30 15 16 -1.20739 -13 9 10
5 2 0 1 0 19 10 19 14 13 26 17 12 -0.60874 -9 11 12
6 2 0 1 0 34 27 17 12 32 32 14 13 -0.29265 -21 13 14
7 3 0 1 0 5 2 16 13 9 9 13 17 -0.248387 -9 15 16
8 3 0 1 0 24 12 18 18 28 25 18 19 -0.57216 14 17 18
9 3 0 1 0 11 26 16 14 31 32 15 13 -1.09324 37 19 20
10 3 0 1 0 9 0 19 13 8 11 15 18 -0.725344 -2 21 22
11 3 0 1 0 2 27 15 18 4 19 20 19 -0.455705 -4 23 24
12 3 0 1 0 8 0 17 15 1 27 18 12 -0.664363 -9 25 26
13 3 0 1 0 15 26 15 13 21 21 12 13 -1.01387 -6 27 28
14 3 0 1 0 16 6 16 20 0 13 17 19 -0.199035 -10 29 30
15 4 0 1 0 35 35 12 12 30 25 16 13 -0.187893 -2 31 32
16 4 0 1 0 35 19 14 12 21 8 19 15 -0.202536 -12 33 34
17 4 0 1 0 32 3 20 13 16 19 13 12 -0.447081 1 35 36
18 4 0 1 0 8 27 20 17 11 18 13 15 -0.905561 -14 37 38
19 4 0 1 0 4 30 13 12 4 3 13 13 -1.23001 23 39 40
20 4 0 1 0 21 11 13 15 18 29 16 15 -0.486608 -43 41 42
21 4 0 1 0 11 1 16 18 8 32 13 12 -0.634142 -4 43 44
22 4 0 1 0 26 17 12 19 26 10 13 18 -0.442339 4 45 46
23 4 0 1 0 23 5 12 18 3 8 20 15 -0.271941 4 47 48
24 4 0 1 0 23 2 19 18 32 25 16 14 -0.428144 9 49 50
25 4 0 1 0 10 30 12 20 10 30 16 17 -0.332536 -6 51 52
26 4 0 1 0 34 24 18 13 35 19 15 12 -0.830343 36 53 54
27 4 0 1 0 8 26 20 13 20 12 14 12 -0.509091 12 55 56
28 4 0 1 0 3 34 13 13 6 27 16 15 -0.199432 13 57 58
29 4 0 1 0 27 15 17 15 26 31 13 17 -0.548032 4 59 60
30 4 0 1 0 12 0 12 18 1 6 15 17 -0.150127 -26 61 62
31 5 0 1 0 34 28 12 12 23 20 18 19 -0.587499 -15 63 64
32 5 0 1 0 8 25 19 13 14 31 13 17 -0.10028 9 65 66
33 5 0 1 0 6 2 17 12 10 28 19 13 -0.297619 -44 67 68
34 5 0 1 0 19 21 20 16 25 33 14 14 -0.0908198 -89 69 70
35 5 0 1 0 6 27 17 13 9 12 19 12 -0.407441 28 71 72
36 5 0 1 0 1 16 20 12 29 32 15 15 -0.369253 -70 73 74
37 5 0 1 0 15 21 13 15 15 34 13 18 -0.650432 7 75 76
38 5 0 1 0 19 32 15 14 31 6 12 13 -0.627983 54 77 78
39 5 0 1 0 0 4 14 14 6 11 18 12 -0.855572 -1 79 80
40 5 0 1 0 20 29 18 18 6 2 16 17 -0.948946 23 81 82
41 5 0 1 0 26 0 14 19 31 27 16 14 -0.207407 -7 83 84
42 5 0 1 0 2 29 16 20 6 24 19 14 -0.386264 20 85 86
43 5 0 1 0 19 26 12 13 16 28 13 18 -0.679881 20 87 88
44 5 0 1 0 17 28 19 18 15 9 19 18 -0.280589 0 89 90
45 5 0 1 0 20 9 14 16 3 17 17 17 -0.37195 25 91 92
46 5 0 1 0 29 29 12 12 30 23 15 15 -0.040991 9 93 94
47 5 0 1 0 0 33 14 15 1 23 18 20 -0.216817 1 95 96
48 5 0 1 0 14 12 19 13 6 15 13 19 -0.1917 16 97 98
49 5 0 1 0 10 13 12 13 33 22 19 14 -0.377295 10 99 100
50 5 0 1 0 3 31 15 20 0 31 12 15 -0.299483 16 101 102
51 5 0 1 0 11 23 16 13 23 23 12 12 -0.491146 -16 103 104
52 5 0 1 0 10 25 14 12 4 26 19 20 -0.170604 13 105 106
53 5 0 1 0 29 29 16 12 29 26 14 12 -0.224324 3 107 108
54 5 0 1 0 25 22 12 20 35 26 16 12 -0.119048 12 109 110
55 5 0 1 0 11 4 14 19 1 34 13 13 -0 -10 111 112
56 5 1 0 3 1 4 0 0 0 3 510 
57 5 0 1 0 1 11 15 17 22 16 16 20 -0.1125 -68 113 114
58 5 1 0 4 1 4 4 0 0 0 513 
59 5 0 1 0 2 23 20 17 5 16 15 16 -0.368043 14 115 116
60 5 0 1 0 8 4 17 14 7 3 14 20 -0.145425 0 117 118
61 5 1 0 5 1 4 5 0 0 0 523 
62 5 0 1 0 19 34 13 14 26 33 13 15 -0.125703 8 119 120
63 6 0 1 0 21 27 15 12 20 22 15 18 -0.52016 1 121 122
64 6 0 1 0 19 29 12 18 16 26 15 17 -0.309571 11 123 124
65 6 0 1 0 18 29 14 19 14 30 13 14 -0.0789262 23 125 126
66 6 0 1 0 19 3 15 13 4 12 20 13 -0.353175 41 127 128
67 6 1 0 4 1 4 0 0 2 2 71 
68 6 0 1 0 24 29 18 15 17 8 19 18 -0.0357143 29 129 130
69 6 0 1 0 26 4 17 18 2 12 14 15 -0.0333333 0 131 132
70 6 0 1 0 16 13 16 15 22 11 18 18 -0.0550234 14 133 134
71 6 0 1 0 8 29 12 15 0 8 13 20 -0.347819 57 135 136
72 6 0 1 0 17 7 15 14 8 28 14 13 -0.378705 -22 137 138
73 6 0 1 0 24 16 20 15 30 27 19 16 -0.132867 10 139 140
74 6 0 1 0 19 10 14 13 20 13 15 14 -0.270921 -6 141 142
75 6 0 1 0 24 16 19 14 27 32 12 17 -0.493056 26 143 144
76 6 0 1 0 1 22 13 20 6 20 19 12 -0.171827 2 145 146
77 6 0 1 0 33 0 14 14 17 7 18 19 -0.214286 -34 147 148
78 6 0 1 0 6 27 17 17 3 3 14 20 -0.488019 15 149 150
79 6 0 1 0 27 2 17 18 18 18 19 19 -0.7875 -16 151 152
80 6 0 1 0 14 4 13 15 11 28 19 15 -0.473715 -26 153 154
81 6 0 1 0 14 33 12 15 14 6 15 16 -0.295259 -3 155 156
82 6 0 1 0 2 33 14 14 9 19 20 14 -0.481213 -25 157 158
83 6 1 0 3 1 4 3 0 0 0 252 
84 6 0 1 0 25 25 19 17 8 7 18 20 -0.133333 -24 159 160
85 6 0 1 0 0 12 15 16 10 22 19 18 -0.307964 -33 161 162
86 6 1 0 7 1 4 6 0 0 1 268 
87 6 0 1 0 8 30 13 13 8 20 18 19 -0.570471 7 163 164
88 6 1 0 6 1 4 0 0 0 6 281 
89 6 0 1 0 16 2 15 14 26 1 13 19 -0.0289855 -5 165 166
90 6 0 1 0 18 19 17 17 24 31 16 14 -0.301885 7 167 168
91 6 0 1 0 24 27 19 14 24 20 19 15 -0.257891 19 169 170
92 6 1 0 9 1 4 6 3 0 0 301 
93 6 0 1 0 17 27 18 12 1 21 20 12 -0.0135135 -1 171 172
94 6 1 0 3 1 4 0 2 1 0 304 
95 6 0 1 0 29 6 15 12 28 16 14 19 -0.17652 -25 173 174
96 6 0 1 0 28 23 14 12 35 31 14 12 -0.14323 -6 175 176
97 6 0 1 0 16 26 18 16 1 21 12 14 -0 77 177 178
98 6 0 1 0 3 4 20 19 5 16 20 12 -0.0869565 1 179 180
99 6 0 1 0 5 4 20 16 11 1 17 19 -0.309404 -28 181 182
100 6 0 1 0 18 13 17 19 19 22 14 18 -0.439701 -2 183 184
101 6 0 1 0 0 5 12 12 9 8 20 19 -0.12406 -67 185 186
102 6 0 1 0 25 26 19 20 14 33 12 15 -0.0976893 -24 187 188
103 6 0 1 0 14 25 15 13 7 13 16 19 -0.240741 29 189 190
104 6 0 1 0 14 30 14 19 0 7 14 15 -0 29 191 192
105 6 0 1 0 20 32 12 17 20 13 20 15 -0.130855 25 193 194
106 6 1 0 5 1 4 0 0 0 5 501 
107 6 1 0 5 1 4 1 4 0 0 502 
108 6 0 1 0 19 26 20 17 19 28 13 17 -0 0 195 196
109 6 0 1 0 25 26 12 12 6 31 15 14 -0 66 197 198
110 6 1 0 2 1 4 0 0 0 2 507 
111 6 1 0 28 1 4 28 0 0 0 508 
112 6 1 0 2 1 4 0 0 0 2 509 
113 6 1 0 38 1 4 0 0 0 38 511 
114 6 1 0 2 1 4 1 0 0 1 512 
115 6 0 1 0 28 12 16 17 23 10 16 17 -0.126316 10 199 200
116 6 0 1 0 12 32 14 15 12 25 19 19 -0.108696 10 201 202
117 6 1 0 2 1 4 1 1 0 0 520 
118 6 0 1 0 19 11 20 18 19 7 16 19 -0.0147059 7 203 204
119 6 0 1 0 24 9 19 15 15 33 14 14 -0.397683 -12 205 206
120 6 0 1 0 7 27 16 12 10 16 19 16 -0.100585 -52 207 208
121 7 0 1 0 6 8 19 15 5 19 14 15 -0 19 209 210
122 7 0 1 0 3 6 16 16 13 27 15 12 -0.411403 -111 211 212
123 7 0 1 0 12 7 19 19 0 30 12 16 -0.114582 -36 213 214
124 7 0 1 0 26 25 20 18 28 21 19 17 -0.185185 7 215 216
125 7 0 1 0 4 9 17 12 5 4 14 20 -0.0600827 6 217 218
126 7 0 1 0 29 22 20 16 26 10 19 19 -0.241038 17 219 220
127 7 0 1 0 0 4 16 19 3 7 16 12 -0.111111 1 221 222
128 7 1 0 4 1 4 4 0 0 0 70 
129 7 1 0 17 1 4 17 0 0 0 72 
130 7 1 0 7 1 4 0 6 1 0 73 
131 7 1 0 2 1 4 0 1 1 0 74 
132 7 1 0 13 1 4 0 13 0 0 75 
133 7 0 1 0 22 19 15 20 34 19 20 12 -0.0313655 16 223 224
134 7 1 0 5 1 4 2 3 0 0 83 
135 7 0 1 0 5 33 14 14 22 35 12 15 -0.281837 -38 225 226
136 7 0 1 0 24 9 16 13 21 26 18 12 -0.69283 -62 227 228
137 7 0 1 0 26 29 12 19 14 25 20 17 -0.470618 -4 229 230
138 7 0 1 0 14 29 16 14 27 21 18 18 -0.109909 85 231 232
139 7 0 1 0 16 18 12 14 0 10 18 18 -0.0153846 -5 233 234
140 7 1 0 3 1 4 0 0 0 3 201 
141 7 1 0 14 1 4 0 0 0 14 202 
142 7 0 1 0 16 34 13 19 5 1 20 19 -0.207581 60 235 236
143 7 0 1 0 5 5 16 19 21 29 16 17 -0.25 -24 237 238
144 7 1 0 6 1 4 0 1 0 5 215 
145 7 1 0 4 1 4 0 3 0 1 216 
146 7 0 1 0 30 26 20 13 21 13 17 19 -0 -20 239 240
147 7 0 1 0 18 6 20 17 0 28 19 17 -0 41 241 242
148 7 1 0 2 1 4 0 0 0 2 221 
149 7 0 1 0 18 6 18 12 30 1 12 17 -0.0795455 51 243 244
150 7 0 1 0 0 10 12 14 2 0 19 17 -0.379743 3 245 246
151 7 0 1 0 24 10 12 20 21 24 16 19 -0.5 -11 247 248
152 7 0 1 0 23 25 16 13 29 15 18 16 -0.127083 13 249 250
153 7 0 1 0 1 21 13 18 19 1 15 19 -0.00588235 4 251 252
154 7 0 1 0 20 22 12 19 24 22 18 12 -0.764022 -12 253 254
155 7 1 0 3 1 4 3 0 0 0 243 
156 7 0 1 0 6 9 19 13 20 2 17 18 -0.131934 -9 255 256
157 7 1 0 8 1 4 0 1 0 7 247 
158 7 0 1 0 10 21 14 18 8 15 15 19 -0.268581 -4 257 258
159 7 1 0 2 1 4 0 1 0 1 253 
160 7 1 0 13 1 4 0 13 0 0 254 
161 7 0 1 0 30 16 18 12 31 16 16 15 -0.179709 -1 259 260
162 7 0 1 0 12 17 13 18 14 17 19 15 -1.03393 -2 261 262
163 7 0 1 0 12 34 12 20 14 12 17 14 -0.49595 -11 263 264
164 7 1 0 6 1 4 0 0 1 5 280 
165 7 1 0 2 1 4 1 0 1 0 282 
166 7 1 0 67 1 4 67 0 0 0 283 
167 7 0 1 0 17 1 20 16 15 19 20 19 -0.10303 0 265 266
168 7 0 1 0 3 25 13 17 1 14 14 20 -0.123106 4 267 268
169 7 0 1 0 6 33 12 20 14 6 13 16 -0.18803 18 269 270
170 7 0 1 0 20 32 12 14 2 14 19 18 -0.0833333 55 271 272
171 7 1 0 2 1 4 0 0 1 1 302 
172 7 1 0 35 1 4 0 0 0 35 303 
173 7 0 1 0 27 8 14 19 18 23 18 13 -0.295163 -116 273 274
174 7 0 1 0 26 31 12 19 20 7 18 14 -0.10403 -16 275 276
175 7 0 1 0 32 23 19 13 24 25 15 15 -0 -44 277 278
176 7 0 1 0 6 3 19 15 27 11 15 19 -0.0709534 -4 279 280
177 7 1 0 5 1 4 0 0 5 0 338 
178 7 1 0 5 1 4 0 5 0 0 339 
179 7 1 0 21 1 4 0 0 0 21 340 
180 7 1 0 2 1 4 0 1 0 1 341 
181 7 0 1 0 11 11 16 19 12 14 19 14 -0.277116 -15 281 282
182 7 0 1 0 13 26 13 20 16 18 13 13 -0.283517 -3 283 284
183 7 0 1 0 26 29 12 19 10 11 12 18 -0.342919 34 285 286
184 7 0 1 0 2 3 19 19 16 10 17 20 -0.259111 -5 287 288
185 7 1 0 5 1 4 0 0 0 5 476 
186 7 0 1 0 27 7 13 18 0 10 17 17 -0 -58 289 290
187 7 0 1 0 1 22 12 16 25 5 19 18 -0.0616231 94 291 292
188 7 1 0 2 1 4 2 0 0 0 483 
189 7 1 0 3 1 4 0 0 2 1 484 
190 7 1 0 9 1 4 5 4 0 0 485 
191 7 1 0 8 1 4 0 0 8 0 486 
192 7 1 0 12 1 4 0 0 0 12 487 
193 7 0 1 0 13 31 15 20 28 2 20 13 -0.0585687 4 293 294
194 7 0 1 0 25 0 14 19 18 4 18 16 -0.291819 -12 295 296
195 7 1 0 2 1 4 0 2 0 0 503 
196 7 1 0 30 1 4 0 0 0 30 504 
197 7 1 0 10 1 4 10 0 0 0 505 
198 7 1 0 2 1 4 0 2 0 0 506 
199 7 0 1 0 19 31 14 19 20 19 19 18 -0 2 297 298
200 7 1 0 6 1 4 0 0 6 0 516 
201 7 0 1 0 1 23 20 15 24 26 13 19 -0 5 299 300
202 7 1 0 5 1 4 0 0 0 5 519 
203 7 1 0 2 1 4 0 1 1 0 521 
204 7 1 0 32 1 4 0 0 0 32 522 
205 7 0 1 0 24 17 13 19 14 19 15 12 -0.207143 33 301 302
206 7 1 0 9 1 4 6 3 0 0 528 
207 7 1 0 2 1 4 2 0 0 0 529 
208 7 0 1 0 27 13 15 16 17 31 14 17 -0.094435 -88 303 304
209 8 1 0 8 1 4 0 0 0 8 0 
210 8 1 0 2 1 4 0 2 0 0 1 
211 8 1 0 5 1 4 0 0 0 5 2 
212 8 0 1 0 24 19 16 20 20 28 18 20 -0.340106 -20 305 306
213 8 1 0 2 1 4 0 0 2 0 17 
214 8 0 1 0 12 1 12 20 3 23 17 16 -0.0667014 32 307 308
215 8 1 0 6 1 4 0 0 2 4 22 
216 8 0 1 0 33 2 15 13 27 24 20 14 -0 -61 309 310
217 8 0 1 0 10 32 12 17 13 22 15 17 -0.0358088 44 311 312
218 8 0 1 0 16 32 13 16 14 14 13 14 -0.398024 16 313 314
219 8 1 0 26 1 4 26 0 0 0 61 
220 8 0 1 0 28 29 18 15 21 22 15 13 -0.198077 -34 315 316
221 8 1 0 9 1 4 0 2 7 0 68 
222 8 1 0 5 1 4 0 0 0 5 69 
223 8 0 1 0 34 21 18 13 35 27 18 12 -0.0236035 7 317 318
224 8 1 0 5 1 4 0 0 0 5 82 
225 8 0 1 0 9 11 20 17 6 24 20 18 -0.181244 -9 319 320
226 8 0 1 0 32 19 17 15 3 3 19 15 -0.687709 -64 321 322
227 8 0 1 0 17 22 19 19 14 1 14 15 -0.153594 6 323 324
228 8 0 1 0 12 17 19 15 1 27 12 12 -0.702462 92 325 326
229 8 0 1 0 19 20 19 12 9 18 13 14 -0.229565 9 327 328
230 8 0 1 0 4 35 12 13 22 23 18 15 -0.0897436 -20 329 330
231 8 0 1 0 6 12 17 17 1 0 18 19 -0.0588544 72 331 332
232 8 1 0 4 1 4 0 0 0 4 198 
233 8 1 0 5 1 4 0 0 4 1 199 
234 8 1 0 47 1 4 0 47 0 0 200 
235 8 0 1 0 29 2 17 18 25 11 12 17 -0.11913 -23 333 334
236 8 0 1 0 33 12 17 14 31 5 12 16 -0.133333 4 335 336
237 8 0 1 0 35 23 16 12 30 12 16 14 -0.166667 -7 337 338
238 8 1 0 6 1 4 5 1 0 0 214 
239 8 1 0 30 1 4 30 0 0 0 217 
240 8 1 0 4 1 4 0 4 0 0 218 
241 8 1 0 6 1 4 6 0 0 0 219 
242 8 1 0 8 1 4 0 8 0 0 220 
243 8 1 0 3 1 4 0 0 0 3 222 
244 8 1 0 8 1 4 1 7 0 0 223 
245 8 0 1 0 28 9 16 18 34 3 12 12 -0.325596 23 339 340
246 8 1 0 2 1 4 1 1 0 0 230 
247 8 1 0 9 1 4 2 4 1 2 231 
248 8 1 0 11 1 4 0 0 0 11 232 
249 8 0 1 0 4 2 15 19 9 28 14 15 -0 -9 341 342
250 8 1 0 8 1 4 7 1 0 0 235 
251 8 1 0 83 1 4 0 0 0 83 236 
252 8 1 0 2 1 4 1 1 0 0 237 
253 8 1 0 6 1 4 4 2 0 0 238 
254 8 0 1 0 8 14 18 16 10 10 13 19 -0.431319 -13 343 344
255 8 1 0 6 1 4 0 0 0 6 244 
256 8 0 1 0 19 20 17 20 11 5 16 13 -0.0869565 -11 345 346
257 8 1 0 2 1 4 0 0 0 2 248 
258 8 0 1 0 9 20 16 15 11 24 17 12 -0.143308 -19 347 348
259 8 1 0 4 1 4 2 0 0 2 255 
260 8 0 1 0 19 27 13 17 27 17 19 12 -0.133811 54 349 350
261 8 0 1 0 19 33 14 16 13 2 16 18 -0.15 7 351 352
262 8 0 1 0 22 22 12 13 28 15 15 19 -0.0357143 0 353 354
263 8 0 1 0 6 0 20 19 33 10 19 13 -0.125 -8 355 356
264 8 0 1 0 23 30 13 15 21 13 18 19 -0.403769 -3 357 358
265 8 0 1 0 7 9 20 14 0 11 15 19 -0.0178388 2 359 360
266 8 1 0 5 1 4 0 1 1 3 287 
267 8 0 1 0 14 27 19 14 21 16 12 16 -0.0227273 23 361 362
268 8 1 0 2 1 4 0 1 0 1 290 
269 8 0 1 0 14 24 19 18 15 26 19 12 -0.0841505 -7 363 364
270 8 0 1 0 2 14 20 17 7 8 17 17 -0.0416667 3 365 366
271 8 1 0 22 1 4 0 22 0 0 299 
272 8 1 0 2 1 4 0 1 0 1 300 
273 8 0 1 0 14 18 12 17 19 21 16 15 -0.0342593 1 367 368
274 8 0 1 0 17 23 14 19 22 12 18 13 -0.211346 18 369 370
275 8 1 0 3 1 4 0 0 1 2 312 
276 8 0 1 0 20 12 14 16 8 10 19 15 -0.0913803 21 371 372
277 8 1 0 2 1 4 0 2 0 0 331 
278 8 1 0 37 1 4 37 0 0 0 332 
279 8 0 1 0 7 18 20 13 26 2 17 17 -0.0454545 42 373 374
280 8 0 1 0 12 0 17 16 19 9 14 15 -0.0488095 5 375 376
281 8 1 0 6 1 4 1 0 1 4 342 
282 8 0 1 0 4 15 17 14 1 18 15 13 -0.0269097 11 377 378
283 8 0 1 0 9 29 16 13 19 23 13 16 -0.233594 17 379 380
284 8 0 1 0 28 10 19 19 2 32 14 13 -0.255353 17 381 382
285 8 0 1 0 33 27 15 14 25 24 18 14 -0.26604 1 383 384
286 8 0 1 0 8 5 20 17 8 21 17 12 -0.295335 -41 385 386
287 8 0 1 0 25 16 20 19 21 4 12 14 -0.0540541 25 387 388
288 8 0 1 0 3 11 13 17 11 25 12 20 -0.193939 -3 389 390
289 8 1 0 3 1 4 0 3 0 0 477 
290 8 1 0 11 1 4 11 0 0 0 478 
291 8 0 1 0 0 32 15 12 2 22 18 20 -0.0273515 23 391 392
292 8 1 0 2 1 4 1 0 1 0 482 
293 8 1 0 2 1 4 0 1 0 1 488 
294 8 0 1 0 20 31 14 18 29 0 12 14 -0.0477367 142 393 394
295 8 0 1 0 24 18 12 20 23 9 16 13 -0.142521 -20 395 396
296 8 1 0 3 1 4 0 0 1 2 500 
297 8 1 0 4 1 4 4 0 0 0 514 
298 8 1 0 15 1 4 0 15 0 0 515 
299 8 1 0 15 1 4 0 0 15 0 517 
300 8 1 0 3 1 4 0 3 0 0 518 
301 8 0 1 0 8 24 13 16 25 1 16 12 -0.0722222 7 397 398
302 8 1 0 8 1 4 0 0 0 8 527 
303 8 0 1 0 18 3 20 17 22 13 18 18 -0 -15 399 400
304 8 0 1 0 1 21 16 13 8 22 14 12 -0.0824621 15 401 402
305 9 0 1 0 0 7 17 18 27 13 14 20 -0.304018 -68 403 404
306 9 0 1 0 19 18 12 13 18 29 18 12 -0 -4 405 406
307 9 0 1 0 15 15 19 20 22 22 18 12 -0.039883 -20 407 408
308 9 1 0 6 1 4 0 6 0 0 21 
309 9 1 0 14 1 4 0 14 0 0 23 
310 9 1 0 4 1 4 4 0 0 0 24 
311 9 0 1 0 0 0 16 19 15 21 14 16 -0.0316312 -9 409 410
312 9 1 0 2 1 4 0 1 0 1 51 
313 9 0 1 0 19 22 15 12 1 31 12 12 -0.115927 -24 411 412
314 9 0 1 0 35 29 16 12 31 33 12 16 -0.288462 -11 413 414
315 9 1 0 2 1 4 0 0 0 2 62 
316 9 0 1 0 24 34 13 19 20 21 20 12 -0.0758082 11 415 416
317 9 0 1 0 28 35 12 19 18 30 12 19 -0.0159936 111 417 418
318 9 1 0 2 1 4 0 0 0 2 81 
319 9 0 1 0 5 8 13 12 2 11 14 18 -0.661728 2 419 420
320 9 0 1 0 24 30 12 13 14 11 19 17 -0.15672 -16 421 422
321 9 0 1 0 2 25 12 19 9 8 20 18 -0.0512821 -26 423 424
322 9 0 1 0 1 26 14 18 5 33 14 19 -0.552928 -2 425 426
323 9 1 0 4 1 4 0 1 0 3 172 
324 9 0 1 0 8 0 15 19 10 34 12 17 -0.0794665 -110 427 428
325 9 0 1 0 25 18 15 19 27 34 12 13 -0.444417 -40 429 430
326 9 0 1 0 20 14 20 12 13 26 13 20 -0.421739 -2 431 432
327 9 1 0 2 1 4 0 0 0 2 187 
328 9 0 1 0 25 22 16 12 2 4 16 14 -0 57 433 434
329 9 1 0 2 1 4 1 1 0 0 190 
330 9 0 1 0 15 10 14 17 28 15 15 15 -0 42 435 436
331 9 0 1 0 21 22 20 20 16 19 19 18 -0.0270003 12 437 438
332 9 1 0 3 1 4 0 0 3 0 197 
333 9 1 0 3 1 4 1 2 0 0 203 
334 9 0 1 0 12 22 12 14 13 24 20 18 -0.0711804 -23 439 440
335 9 0 1 0 35 23 16 12 30 12 16 14 -0 -1 441 442
336 9 1 0 3 1 4 0 0 2 1 211 
337 9 1 0 10 1 4 0 10 0 0 212 
338 9 1 0 2 1 4 0 1 0 1 213 
339 9 0 1 0 0 29 18 18 17 26 12 19 -0.675 -58 443 444
340 9 0 1 0 31 5 14 16 31 18 13 12 -0.0186916 4 445 446
341 9 1 0 10 1 4 0 10 0 0 233 
342 9 1 0 2 1 4 0 0 2 0 234 
343 9 1 0 12 1 4 0 0 0 12 239 
344 9 0 1 0 32 3 18 15 20 13 15 15 -0.0649351 -5 447 448
345 9 1 0 2 1 4 1 0 1 0 245 
346 9 1 0 21 1 4 0 0 21 0 246 
347 9 1 0 6 1 4 2 2 0 2 249 
348 9 0 1 0 10 5 12 17 14 13 19 17 -0.00757576 -67 449 450
349 9 0 1 0 10 19 12 15 27 5 14 20 -0.109314 -18 451 452
350 9 1 0 3 1 4 1 1 0 1 263 
351 9 1 0 2 1 4 0 0 0 2 264 
352 9 1 0 8 1 4 6 2 0 0 265 
353 9 1 0 2 1 4 1 1 0 0 266 
354 9 1 0 12 1 4 0 0 0 12 267 
355 9 1 0 2 1 4 1 0 1 0 269 
356 9 1 0 14 1 4 14 0 0 0 270 
357 9 0 1 0 31 25 13 13 1 29 12 12 -0.464286 2 453 454
358 9 0 1 0 22 4 19 13 20 31 15 18 -0.146777 -1 455 456
359 9 1 0 2 1 4 2 0 0 0 284 
360 9 0 1 0 11 17 19 13 10 25 12 15 -0.00943396 -6 457 458
361 9 1 0 20 1 4 20 0 0 0 288 
362 9 1 0 2 1 4 1 1 0 0 289 
363 9 1 0 8 1 4 0 8 0 0 291 
364 9 0 1 0 16 22 19 19 17 34 13 20 -0.0660605 -21 459 460
365 9 1 0 10 1 4 0 0 0 10 297 
366 9 1 0 2 1 4 0 1 1 0 298 
367 9 0 1 0 12 25 14 16 1 3 13 15 -0.0111111 35 461 462
368 9 1 0 3 1 4 0 0 2 1 307 
369 9 1 0 2 1 4 2 0 0 0 308 
370 9 0 1 0 2 28 12 12 1 30 15 19 -0.031348 -14 463 464
371 9 0 1 0 19 16 16 16 15 1 20 19 -0.0827259 83 465 466
372 9 1 0 9 1 4 8 1 0 0 330 
373 9 1 0 9 1 4 9 0 0 0 333 
374 9 1 0 2 1 4 1 1 0 0 334 
375 9 0 1 0 14 4 20 18 27 12 17 20 -0.0178571 13 467 468
376 9 1 0 2 1 4 1 1 0 0 337 
377 9 0 1 0 30 29 18 16 18 3 16 15 -0.015625 -16 469 470
378 9 1 0 4 1 4 0 4 0 0 345 
379 9 0 1 0 13 13 12 18 24 27 20 12 -0.0273438 -51 471 472
380 9 1 0 8 1 4 0 0 1 7 348 
381 9 0 1 0 12 16 18 12 22 9 14 19 -0.235768 -25 473 474
382 9 0 1 0 29 14 18 13 26 27 19 18 -0.196205 -64 475 476
383 9 0 1 0 4 2 20 15 27 10 19 20 -0.225571 46 477 478
384 9 1 0 3 1 4 0 0 0 3 465 
385 9 0 1 0 5 15 20 15 7 10 19 20 -0.201149 7 479 480
386 9 0 1 0 13 18 16 20 30 21 19 12 -0.0357143 32 481 482
387 9 1 0 35 1 4 0 0 0 35 472 
388 9 1 0 2 1 4 0 1 0 1 473 
389 9 1 0 6 1 4 2 4 0 0 474 
390 9 1 0 5 1 4 0 0 4 1 475 
391 9 0 1 0 17 9 15 17 11 3 13 19 -0.00245098 -6 483 484
392 9 1 0 3 1 4 1 0 1 1 481 
393 9 0 1 0 27 18 19 15 29 18 13 14 -0.0268643 0 485 486
394 9 1 0 7 1 4 5 0 2 0 493 
395 9 0 1 0 29 29 15 17 13 13 18 13 -0.0333333 15 487 488
396 9 0 1 0 29 10 19 13 12 20 20 12 -0.0833333 -63 489 490
397 9 1 0 2 1 4 1 1 0 0 524 
398 9 0 1 0 31 20 16 12 1 27 18 17 -0.0277778 40 491 492
399 9 1 0 7 1 4 0 0 0 7 530 
400 9 1 0 7 1 4 0 7 0 0 531 
401 9 0 1 0 4 28 15 17 0 33 14 18 -0.0746262 -31 493 494
402 9 1 0 4 1 4 2 0 1 1 554 
403 10 1 0 3 1 4 0 0 0 3 3 
404 10 0 1 0 18 25 13 18 14 14 12 19 -0.26163 47 495 496
405 10 1 0 4 1 4 0 4 0 0 15 
406 10 1 0 23 1 4 23 0 0 0 16 
407 10 1 0 5 1 4 2 2 1 0 18 
408 10 0 1 0 8 2 20 19 6 6 18 20 -0.00555556 12 497 498
409 10 0 1 0 21 21 16 16 25 23 20 12 -0.0282997 -21 499 500
410 10 1 0 2 1 4 0 0 2 0 50 
411 10 1 0 2 1 4 0 0 2 0 52 
412 10 0 1 0 30 31 16 16 24 28 14 19 -0.0843672 2 501 502
413 10 0 1 0 17 24 19 12 12 11 20 20 -0.111111 27 503 504
414 10 1 0 8 1 4 0 0 6 2 60 
415 10 0 1 0 18 27 17 17 17 13 14 14 -0.0362319 3 505 506
416 10 0 1 0 17 14 15 12 12 16 17 18 -0.0269297 43 507 508
417 10 0 1 0 25 18 18 17 16 33 13 17 -0.0130462 -51 509 510
418 10 1 0 2 1 4 0 2 0 0 80 
419 10 0 1 0 23 0 19 17 17 16 19 14 -0.5 -48 511 512
420 10 1 0 9 1 4 0 0 1 8 90 
421 10 0 1 0 5 5 19 17 2 29 13 19 -0.0767263 34 513 514
422 10 0 1 0 6 34 12 18 10 9 16 17 -0.149483 26 515 516
423 10 1 0 3 1 4 1 2 0 0 151 
424 10 1 0 10 1 4 0 0 0 10 152 
425 10 0 1 0 20 30 17 19 15 31 15 18 -0.414164 -13 517 518
426 10 0 1 0 26 27 13 18 14 20 12 15 -0.232782 -1 519 520
427 10 1 0 2 1 4 0 1 0 1 173 
428 10 0 1 0 5 5 14 20 13 25 14 15 -0.0166518 -45 521 522
429 10 0 1 0 3 32 13 19 7 30 15 20 -0.0906977 -30 523 524
430 10 0 1 0 8 14 15 15 3 1 15 18 -0.225735 39 525 526
431 10 1 0 5 1 4 1 0 0 4 184 
432 10 0 1 0 27 23 17 16 25 29 14 19 -0 -20 527 528
433 10 1 0 11 1 4 11 0 0 0 188 
434 10 1 0 12 1 4 0 12 0 0 189 
435 10 1 0 22 1 4 0 0 22 0 191 
436 10 1 0 2 1 4 0 0 0 2 192 
437 10 0 1 0 6 26 20 13 2 25 16 19 -0.00338409 -1 529 530
438 10 0 1 0 5 20 16 17 7 13 13 17 -0.146104 5 531 532
439 10 1 0 8 1 4 0 0 2 6 204 
440 10 0 1 0 24 27 20 16 26 26 20 15 -0.0314645 8 533 534
441 10 1 0 2 1 4 2 0 0 0 209 
442 10 1 0 13 1 4 0 13 0 0 210 
443 10 1 0 4 1 4 2 2 0 0 224 
444 10 0 1 0 16 24 20 15 16 25 19 14 -0.375 0 535 536
445 10 1 0 105 1 4 0 0 0 105 228 
446 10 1 0 2 1 4 0 1 0 1 229 
447 10 1 0 3 1 4 3 0 0 0 240 
448 10 0 1 0 7 4 19 14 10 23 16 20 -0.0454545 -4 537 538
449 10 1 0 2 1 4 1 1 0 0 250 
450 10 1 0 64 1 4 64 0 0 0 251 
451 10 1 0 2 1 4 1 0 0 1 256 
452 10 0 1 0 21 24 16 12 20 30 12 17 -0.0844847 -6 539 540
453 10 1 0 7 1 4 4 2 0 1 271 
454 10 1 0 9 1 4 0 0 0 9 272 
455 10 0 1 0 21 14 13 12 20 32 15 13 -0.0758592 -11 541 542
456 10 1 0 3 1 4 0 0 2 1 279 
457 10 1 0 2 1 4 0 1 1 0 285 
458 10 1 0 51 1 4 0 51 0 0 286 
459 10 1 0 4 1 4 0 3 1 0 292 
460 10 0 1 0 16 0 14 18 4 11 12 15 -0.039801 11 543 544
461 10 1 0 2 1 4 0 1 1 0 305 
462 10 1 0 43 1 4 0 43 0 0 306 
463 10 0 1 0 17 6 15 13 13 2 20 17 -0.0454545 -10 545 546
464 10 1 0 18 1 4 0 0 18 0 311 
465 10 0 1 0 27 30 17 20 29 26 17 13 -0.075093 32 547 548
466 10 1 0 2 1 4 0 0 1 1 329 
467 10 1 0 2 1 4 0 1 1 0 335 
468 10 1 0 26 1 4 0 26 0 0 336 
469 10 1 0 2 1 4 1 1 0 0 343 
470 10 1 0 30 1 4 30 0 0 0 344 
471 10 1 0 8 1 4 0 7 1 0 346 
472 10 1 0 24 1 4 24 0 0 0 347 
473 10 0 1 0 14 18 18 18 8 32 13 16 -0.253543 -40 549 550
474 10 0 1 0 26 8 18 12 2 28 17 12 -0.207666 11 551 552
475 10 1 0 6 1 4 0 3 3 0 442 
476 10 0 1 0 15 32 15 16 20 4 12 16 -0.0718921 58 553 554
477 10 0 1 0 15 22 19 17 16 17 18 12 -0.195495 -6 555 556
478 10 0 1 0 30 27 15 16 23 24 15 18 -0 -24 557 558
479 10 1 0 6 1 4 0 0 1 5 466 
480 10 0 1 0 14 21 15 12 27 33 12 17 -0.089955 -7 559 560
481 10 1 0 12 1 4 0 12 0 0 470 
482 10 1 0 2 1 4 1 1 0 0 471 
483 10 1 0 2 1 4 0 0 1 1 479 
484 10 1 0 202 1 4 0 0 0 202 480 
485 10 1 0 4 1 4 3 0 0 1 489 
486 10 0 1 0 13 28 16 19 20 26 12 12 -0.0055787 13 561 562
487 10 1 0 2 1 4 1 1 0 0 494 
488 10 1 0 13 1 4 13 0 0 0 495 
489 10 1 0 3 1 4 3 0 0 0 496 
490 10 0 1 0 26 1 14 16 20 8 14 20 -0.0689223 -24 563 564
491 10 1 0 16 1 4 0 0 16 0 525 
492 10 1 0 2 1 4 0 0 1 1 526 
493 10 1 0 8 1 4 2 0 3 3 532 
494 10 0 1 0 23 4 19 14 23 2 14 17 -0.0667381 0 565 566
495 11 0 1 0 20 15 16 12 16 34 12 15 -0.225755 -3 567 568
496 11 1 0 2 1 4 0 0 0 2 14 
497 11 1 0 88 1 4 88 0 0 0 19 
498 11 1 0 2 1 4 1 1 0 0 20 
499 11 1 0 2 1 4 0 0 2 0 25 
500 11 0 1 0 10 31 16 12 6 29 15 16 -0.0252328 36 569 570
501 11 0 1 0 21 27 16 15 20 24 18 17 -0.0615385 9 571 572
502 11 1 0 49 1 4 49 0 0 0 55 
503 11 1 0 6 1 4 6 0 0 0 56 
504 11 0 1 0 18 26 14 19 0 19 19 16 -0.116667 68 573 574
505 11 1 0 17 1 4 17 0 0 0 63 
506 11 1 0 6 1 4 1 5 0 0 64 
507 11 0 1 0 8 31 14 17 6 2 17 19 -0.00943396 -22 575 576
508 11 1 0 2 1 4 1 1 0 0 67 
509 11 1 0 5 1 4 0 2 3 0 76 
510 11 0 1 0 3 22 20 18 19 13 15 18 -0.0062585 -17 577 578
511 11 1 0 4 1 4 0 0 0 4 84 
512 11 0 1 0 24 19 13 20 30 24 15 16 -0.358333 16 579 580
513 11 0 1 0 11 32 15 18 17 14 12 17 -0 20 581 582
514 11 1 0 6 1 4 0 6 0 0 93 
515 11 0 1 0 32 27 15 15 23 1 20 20 -0.144984 -1 583 584
516 11 1 0 3 1 4 0 0 0 3 150 
517 11 0 1 0 24 17 13 20 19 25 17 12 -0.231092 -39 585 586
518 11 0 1 0 17 26 16 18 20 8 20 12 -0.257234 21 587 588
519 11 0 1 0 8 8 17 18 0 4 15 17 -0.0909091 15 589 590
520 11 0 1 0 22 23 19 15 24 17 13 14 -0.0227273 -19 591 592
521 11 0 1 0 1 29 17 17 19 17 19 15 -0.00877193 21 593 594
522 11 1 0 2 1 4 2 0 0 0 176 
523 11 1 0 3 1 4 0 3 0 0 177 
524 11 0 1 0 2 29 13 17 0 15 17 14 -0.05 14 595 596
525 11 1 0 6 1 4 3 3 0 0 180 
526 11 0 1 0 9 30 14 18 3 25 16 17 -0.0546218 27 597 598
527 11 1 0 3 1 4 3 0 0 0 185 
528 11 1 0 15 1 4 0 15 0 0 186 
529 11 1 0 3 1 4 1 2 0 0 193 
530 11 1 0 194 1 4 194 0 0 0 194 
531 11 1 0 7 1 4 0 6 1 0 195 
532 11 1 0 4 1 4 3 1 0 0 196 
533 11 0 1 0 10 2 15 20 29 17 17 16 -0.0266908 -46 599 600
534 11 1 0 3 1 4 0 3 0 0 208 
535 11 0 1 0 10 7 17 19 9 11 19 18 -0.0833333 8 601 602
536 11 1 0 4 1 4 2 1 0 1 227 
537 11 1 0 2 1 4 0 0 1 1 241 
538 11 1 0 9 1 4 0 0 9 0 242 
539 11 1 0 2 1 4 1 0 0 1 257 
540 11 0 1 0 32 27 19 15 29 24 20 17 -0.0592196 4 603 604
541 11 0 1 0 7 34 12 12 3 7 17 19 -0.0521508 18 605 606
542 11 0 1 0 7 30 16 18 4 18 17 14 -0.05 26 607 608
543 11 0 1 0 22 24 15 16 9 7 16 17 -0.0231855 -17 609 610
544 11 1 0 3 1 4 0 2 1 0 296 
545 11 1 0 2 1 4 0 0 1 1 309 
546 11 1 0 9 1 4 0 0 0 9 310 
547 11 0 1 0 35 26 17 12 24 25 17 14 -0.0670408 3 611 612
548 11 1 0 4 1 4 4 0 0 0 328 
549 11 0 1 0 9 11 12 17 11 7 12 20 -0 -8 613 614
550 11 0 1 0 22 6 19 19 28 26 18 15 -0 -42 615 616
551 11 0 1 0 10 20 19 13 19 14 12 18 -0.189021 -6 617 618
552 11 0 1 0 11 34 12 18 24 7 14 19 -0.289157 39 619 620
553 11 1 0 3 1 4 1 0 2 0 443 
554 11 0 1 0 33 0 13 13 28 6 12 19 -0.010929 6 621 622
555 11 0 1 0 14 27 14 14 10 21 17 18 -0.05 4 623 624
556 11 0 1 0 30 20 15 14 21 1 18 20 -0.170836 -9 625 626
557 11 1 0 2 1 4 0 2 0 0 463 
558 11 1 0 13 1 4 13 0 0 0 464 
559 11 1 0 6 1 4 0 6 0 0 467 
560 11 0 1 0 5 29 18 15 6 28 12 20 -0 -3 627 628
561 11 0 1 0 9 33 13 17 13 31 15 15 -0.00141243 9 629 630
562 11 1 0 4 1 4 2 2 0 0 492 
563 11 0 1 0 26 1 14 16 20 8 14 20 -0.0263158 -26 631 632
564 11 1 0 2 1 4 0 1 1 0 499 
565 11 0 1 0 29 3 14 16 30 7 18 15 -0.0615385 -5 633 634
566 11 0 1 0 13 4 14 13 24 9 17 19 -0.0598843 -7 635 636
567 12 0 1 0 21 14 19 16 34 28 17 13 -0.10667 90 637 638
568 12 0 1 0 10 20 15 20 25 26 20 15 -0.0538534 -14 639 640
569 12 0 1 0 18 14 13 12 19 29 17 18 -0.0186492 -46 641 642
570 12 0 1 0 24 28 14 16 29 31 16 18 -0.165289 4 643 644
571 12 1 0 8 1 4 8 0 0 0 53 
572 12 1 0 5 1 4 0 4 1 0 54 
573 12 0 1 0 21 2 20 16 25 14 16 14 -0.05 -10 645 646
574 12 1 0 2 1 4 1 1 0 0 59 
575 12 1 0 2 1 4 0 1 1 0 65 
576 12 1 0 51 1 4 0 51 0 0 66 
577 12 1 0 2 1 4 0 1 1 0 77 
578 12 0 1 0 23 31 16 16 21 32 13 19 -0.0021097 12 647 648
579 12 0 1 0 1 7 16 17 7 24 18 20 -0.190385 -18 649 650
580 12 1 0 2 1 4 0 0 0 2 89 
581 12 1 0 15 1 4 15 0 0 0 91 
582 12 1 0 2 1 4 0 2 0 0 92 
583 12 0 1 0 6 29 15 13 5 12 20 13 -0.494879 5 651 652
584 12 0 1 0 26 29 14 13 18 11 17 20 -0.110282 5 653 654
585 12 0 1 0 17 29 16 17 12 12 16 18 -0.136905 4 655 656
586 12 1 0 6 1 4 0 0 0 6 156 
587 12 0 1 0 24 25 18 20 21 25 19 17 -0.103955 4 657 658
588 12 0 1 0 22 20 16 15 25 14 20 13 -0.351449 16 659 660
589 12 1 0 4 1 4 0 2 2 0 168 
590 12 1 0 7 1 4 7 0 0 0 169 
591 12 1 0 2 1 4 0 1 1 0 170 
592 12 1 0 20 1 4 0 0 20 0 171 
593 12 1 0 55 1 4 0 55 0 0 174 
594 12 1 0 2 1 4 1 1 0 0 175 
595 12 1 0 2 1 4 0 1 0 1 178 
596 12 1 0 38 1 4 0 0 0 38 179 
597 12 0 1 0 4 29 12 16 6 18 13 16 -0 -3 661 662
598 12 1 0 6 1 4 0 0 0 6 183 
599 12 1 0 2 1 4 0 0 1 1 205 
600 12 0 1 0 23 27 20 19 25 27 13 19 -0.0133333 24 663 664
601 12 1 0 29 1 4 0 0 0 29 225 
602 12 1 0 3 1 4 0 2 0 1 226 
603 12 0 1 0 5 18 13 17 6 23 20 17 -0.0350514 1 665 666
604 12 1 0 2 1 4 1 0 0 1 262 
605 12 0 1 0 11 8 16 15 13 33 13 19 -0.0107488 -2 667 668
606 12 1 0 2 1 4 0 1 0 1 276 
607 12 1 0 8 1 4 8 0 0 0 277 
608 12 1 0 2 1 4 1 1 0 0 278 
609 12 1 0 2 1 4 0 0 1 1 293 
610 12 0 1 0 10 8 18 18 7 12 20 15 -0.00806452 -5 669 670
611 12 0 1 0 11 28 13 17 23 10 13 16 -0.0584583 38 671 672
612 12 1 0 2 1 4 0 0 1 1 327 
613 12 1 0 3 1 4 0 0 0 3 349 
614 12 1 0 9 1 4 0 0 9 0 350 
615 12 1 0 2 1 4 0 0 2 0 351 
616 12 1 0 24 1 4 24 0 0 0 352 
617 12 0 1 0 17 10 20 17 22 6 13 19 -0.680585 20 673 674
618 12 0 1 0 2 26 17 18 3 32 15 16 -0.159829 15 675 676
619 12 1 0 2 1 4 2 0 0 0 435 
620 12 0 1 0 2 24 14 12 23 28 19 20 -0.224938 -123 677 678
621 12 1 0 58 1 4 0 0 0 58 444 
622 12 1 0 3 1 4 0 0 2 1 445 
623 12 1 0 2 1 4 1 1 0 0 446 
624 12 1 0 8 1 4 8 0 0 0 447 
625 12 1 0 7 1 4 1 2 0 4 448 
626 12 0 1 0 12 30 17 19 17 14 17 18 -0.110217 20 679 680
627 12 1 0 3 1 4 0 3 0 0 468 
628 12 1 0 20 1 4 0 0 20 0 469 
629 12 1 0 352 1 4 352 0 0 0 490 
630 12 1 0 2 1 4 1 1 0 0 491 
631 12 1 0 17 1 4 0 17 0 0 497 
632 12 1 0 2 1 4 1 1 0 0 498 
633 12 1 0 8 1 4 0 0 0 8 533 
634 12 1 0 5 1 4 0 4 1 0 534 
635 12 0 1 0 16 29 17 17 25 13 19 17 -0.0357767 78 681 682
636 12 0 1 0 15 0 17 15 22 26 13 20 -0.23819 -16 683 684
637 13 0 1 0 27 31 16 14 30 7 15 16 -0.0487818 37 685 686
638 13 1 0 4 1 4 0 0 0 4 9 
639 13 0 1 0 24 5 12 15 15 9 18 15 -0.0263158 -24 687 688
640 13 0 1 0 7 15 15 14 31 4 13 13 -0.03125 55 689 690
641 13 1 0 2 1 4 0 1 1 0 26 
642 13 0 1 0 16 27 12 14 12 29 17 18 -0.0165312 36 691 692
643 13 1 0 11 1 4 11 0 0 0 47 
644 13 0 1 0 24 27 12 17 27 2 19 13 -0.181818 48 693 694
645 13 1 0 2 1 4 0 1 1 0 57 
646 13 1 0 8 1 4 0 8 0 0 58 
647 13 1 0 235 1 4 0 0 235 0 78 
648 13 1 0 2 1 4 0 1 1 0 79 
649 13 0 1 0 27 12 16 13 25 33 13 14 -0.0702341 -18 695 696
650 13 1 0 4 1 4 0 0 3 1 88 
651 13 0 1 0 22 20 17 19 23 25 14 15 -0.0184906 -5 697 698
652 13 0 1 0 25 23 14 16 27 13 14 19 -0.619697 15 699 700
653 13 0 1 0 10 5 15 18 8 33 14 18 -0.064 -11 701 702
654 13 0 1 0 11 11 19 12 9 24 19 12 -0.104891 -13 703 704
655 13 1 0 4 1 4 4 0 0 0 153 
656 13 0 1 0 34 11 19 12 8 0 18 17 -0.0833333 -64 705 706
657 13 0 1 0 27 15 19 14 25 13 20 17 -0.0553008 4 707 708
658 13 1 0 3 1 4 0 2 0 1 161 
659 13 0 1 0 25 21 20 14 7 9 20 16 -0.125 7 709 710
660 13 0 1 0 3 33 13 13 6 12 17 18 -0.111455 1 711 712
661 13 1 0 2 1 4 0 2 0 0 181 
662 13 1 0 26 1 4 0 0 26 0 182 
663 13 1 0 85 1 4 0 0 85 0 206 
664 13 1 0 5 1 4 0 2 3 0 207 
665 13 0 1 0 8 3 17 16 7 27 20 15 -0.0177687 -10 713 714
666 13 1 0 4 1 4 0 2 0 2 261 
667 13 0 1 0 15 18 12 12 14 25 19 20 -0.00555556 29 715 716
668 13 1 0 2 1 4 2 0 0 0 275 
669 13 1 0 2 1 4 0 1 1 0 294 
670 13 1 0 60 1 4 0 0 60 0 295 
671 13 1 0 4 1 4 0 0 4 0 313 
672 13 0 1 0 33 28 16 14 30 23 17 16 -0.0542482 11 717 718
673 13 1 0 9 1 4 0 0 2 7 353 
674 13 0 1 0 11 4 20 15 12 21 13 12 -0.403086 -62 719 720
675 13 0 1 0 27 32 13 18 29 35 12 16 -0.147108 12 721 722
676 13 0 1 0 13 22 17 17 2 6 17 14 -0 44 723 724
677 13 1 0 6 1 4 0 2 3 1 436 
678 13 0 1 0 20 25 15 12 21 29 14 15 -0.154977 13 725 726
679 13 1 0 4 1 4 4 0 0 0 449 
680 13 0 1 0 19 18 12 15 6 1 16 20 -0.0918502 107 727 728
681 13 0 1 0 32 21 13 14 29 32 15 13 -0.0338373 -26 729 730
682 13 1 0 2 1 4 0 1 0 1 546 
683 13 0 1 0 13 6 18 18 14 28 19 17 -0.322136 -59 731 732
684 13 0 1 0 30 30 16 13 4 9 19 16 -0.04455 22 733 734
685 14 1 0 2 1 4 0 0 0 2 4 
686 14 0 1 0 1 28 13 12 25 26 12 12 -0.0289393 6 735 736
687 14 1 0 17 1 4 0 17 0 0 10 
688 14 1 0 2 1 4 1 1 0 0 11 
689 14 1 0 14 1 4 14 0 0 0 12 
690 14 1 0 2 1 4 1 1 0 0 13 
691 14 0 1 0 21 32 14 14 8 34 13 20 -0.013536 38 737 738
692 14 1 0 2 1 4 1 0 0 1 46 
693 14 1 0 2 1 4 0 1 0 1 48 
694 14 1 0 9 1 4 0 9 0 0 49 
695 14 0 1 0 5 30 14 12 11 25 17 16 -0 -14 739 740
696 14 1 0 3 1 4 3 0 0 0 87 
697 14 0 1 0 2 3 17 17 10 18 14 15 -0.01 -13 741 742
698 14 1 0 3 1 4 3 0 0 0 96 
699 14 0 1 0 2 18 16 16 2 20 17 18 -0.375 -8 743 744
700 14 0 1 0 5 29 14 17 3 23 14 17 -0.416928 29 745 746
701 14 1 0 15 1 4 15 0 0 0 102 
702 14 0 1 0 5 5 15 15 0 19 12 19 -0 2 747 748
703 14 0 1 0 13 0 15 19 8 19 20 16 -0 -54 749 750
704 14 0 1 0 0 6 20 15 4 9 18 12 -0.0997115 5 751 752
705 14 1 0 2 1 4 0 1 0 1 154 
706 14 1 0 22 1 4 0 22 0 0 155 
707 14 0 1 0 26 28 13 20 32 26 18 14 -0.0142496 16 753 754
708 14 1 0 7 1 4 2 3 2 0 160 
709 14 1 0 4 1 4 0 4 0 0 162 
710 14 1 0 8 1 4 0 0 6 2 163 
711 14 0 1 0 23 16 14 12 31 27 15 14 -0.0493421 -19 755 756
712 14 1 0 15 1 4 15 0 0 0 167 
713 14 0 1 0 12 10 20 13 8 30 12 18 -0.00895522 -39 757 758
714 14 1 0 2 1 4 0 1 0 1 260 
715 14 1 0 88 1 4 0 88 0 0 273 
716 14 1 0 2 1 4 1 1 0 0 274 
717 14 0 1 0 26 4 16 18 17 27 16 17 -0.0186697 -35 759 760
718 14 0 1 0 19 21 19 19 18 16 13 19 -0.107797 25 761 762
719 14 0 1 0 7 17 12 19 14 23 12 18 -0.0454545 -67 763 764
720 14 0 1 0 17 19 13 20 21 27 14 14 -0.217703 -27 765 766
721 14 0 1 0 13 32 14 14 26 28 16 16 -0.138271 68 767 768
722 14 0 1 0 27 20 19 14 28 27 12 15 -0.0523715 -8 769 770
723 14 1 0 2 1 4 0 0 2 0 433 
724 14 1 0 30 1 4 0 30 0 0 434 
725 14 0 1 0 23 9 17 14 14 4 17 17 -0.0636008 10 771 772
726 14 1 0 2 1 4 1 0 0 1 441 
727 14 0 1 0 14 32 14 18 25 31 13 18 -0.0802071 5 773 774
728 14 1 0 2 1 4 0 0 1 1 462 
729 14 0 1 0 25 20 19 20 18 31 14 20 -0.205505 -27 775 776
730 14 0 1 0 11 28 17 14 13 19 19 17 -0.0135478 3 777 778
731 14 0 1 0 21 23 16 14 16 32 15 17 -0.0740741 -26 779 780
732 14 0 1 0 7 26 12 20 9 29 17 17 -0.075 -25 781 782
733 14 0 1 0 4 27 18 15 4 17 16 18 -0.0252525 13 783 784
734 14 1 0 2 1 4 0 1 0 1 553 
735 15 0 1 0 23 26 13 19 19 22 20 18 -0.0132987 -37 785 786
736 15 1 0 3 1 4 3 0 0 0 8 
737 15 0 1 0 10 31 15 15 13 7 13 20 -0.0111628 63 787 788
738 15 0 1 0 15 7 17 13 3 30 17 14 -0 58 789 790
739 15 1 0 21 1 4 0 21 0 0 85 
740 15 1 0 2 1 4 0 0 2 0 86 
741 15 1 0 48 1 4 0 48 0 0 94 
742 15 1 0 2 1 4 1 1 0 0 95 
743 15 1 0 2 1 4 1 0 0 1 97 
744 15 1 0 10 1 4 0 0 0 10 98 
745 15 0 1 0 11 6 13 17 10 3 15 14 -0.236453 12 791 792
746 15 1 0 4 1 4 0 1 0 3 101 
747 15 1 0 8 1 4 0 8 0 0 103 
748 15 1 0 2 1 4 2 0 0 0 104 
749 15 1 0 3 1 4 0 3 0 0 105 
750 15 1 0 9 1 4 9 0 0 0 106 
751 15 0 1 0 20 9 18 20 26 21 20 20 -0.0972138 16 793 794
752 15 1 0 2 1 4 0 0 0 2 149 
753 15 0 1 0 9 10 16 14 16 11 14 12 -0.00306748 3 795 796
754 15 1 0 7 1 4 2 5 0 0 159 
755 15 1 0 3 1 4 3 0 0 0 164 
756 15 0 1 0 22 23 19 15 24 17 13 14 -0.03125 26 797 798
757 15 1 0 4 1 4 0 1 0 3 258 
758 15 1 0 331 1 4 0 0 0 331 259 
759 15 0 1 0 19 7 15 19 20 13 19 20 -0.0140845 5 799 800
760 15 1 0 2 1 4 2 0 0 0 319 
761 15 0 1 0 6 9 13 14 4 18 13 16 -0 -56 801 802
762 15 0 1 0 18 2 18 19 0 35 12 16 -0.0800099 -86 803 804
763 15 1 0 9 1 4 0 0 9 0 354 
764 15 1 0 2 1 4 0 0 1 1 355 
765 15 0 1 0 17 9 20 20 27 11 16 20 -0.0568182 16 805 806
766 15 0 1 0 28 0 17 17 4 3 12 19 -0 -3 807 808
767 15 0 1 0 9 11 13 17 1 26 18 18 -0.128137 -7 809 810
768 15 0 1 0 22 12 13 15 5 34 13 17 -0.0800089 -87 811 812
769 15 0 1 0 8 11 18 18 14 11 15 17 -0 12 813 814
770 15 1 0 2 1 4 0 1 1 0 432 
771 15 1 0 3 1 4 0 0 3 0 437 
772 15 0 1 0 13 5 12 14 21 2 12 16 -0.0409664 -21 815 816
773 15 1 0 2 1 4 2 0 0 0 450 
774 15 0 1 0 22 29 12 18 13 6 19 17 -0.0718746 -4 817 818
775 15 0 1 0 1 27 20 18 5 28 13 14 -0.127051 9 819 820
776 15 1 0 2 1 4 2 0 0 0 538 
777 15 0 1 0 31 34 13 12 28 12 20 18 -0.165289 -3 821 822
778 15 0 1 0 0 30 15 14 11 19 17 14 -0.00295658 53 823 824
779 15 1 0 2 1 4 0 1 0 1 547 
780 15 1 0 25 1 4 0 0 0 25 548 
781 15 1 0 5 1 4 0 0 2 3 549 
782 15 1 0 11 1 4 0 11 0 0 550 
783 15 1 0 6 1 4 0 1 0 5 551 
784 15 1 0 126 1 4 0 0 0 126 552 
785 16 1 0 4 1 4 3 1 0 0 5 
786 16 0 1 0 19 34 12 12 15 18 16 14 -0.00393701 1 825 826
787 16 0 1 0 34 28 16 13 28 28 13 16 -0.00947868 -27 827 828
788 16 1 0 4 1 4 2 1 1 0 43 
789 16 1 0 6 1 4 0 6 0 0 44 
790 16 1 0 8 1 4 8 0 0 0 45 
791 16 1 0 7 1 4 0 4 0 3 99 
792 16 1 0 22 1 4 0 22 0 0 100 
793 16 0 1 0 5 24 14 13 2 20 15 15 -0.0897981 22 829 830
794 16 1 0 8 1 4 0 5 0 3 148 
795 16 1 0 161 1 4 161 0 0 0 157 
796 16 1 0 2 1 4 1 1 0 0 158 
797 16 1 0 2 1 4 0 1 1 0 165 
798 16 1 0 14 1 4 0 14 0 0 166 
799 16 0 1 0 34 32 15 13 33 28 19 13 -0.00705301 6 831 832
800 16 1 0 2 1 4 0 1 0 1 318 
801 16 1 0 2 1 4 0 2 0 0 320 
802 16 1 0 12 1 4 12 0 0 0 321 
803 16 1 0 2 1 4 0 0 2 0 322 
804 16 0 1 0 0 25 15 18 1 30 17 13 -0.048526 -2 833 834
805 16 1 0 5 1 4 0 0 5 0 356 
806 16 0 1 0 21 5 18 15 23 9 15 18 -0.0454545 -2 835 836
807 16 1 0 4 1 4 0 4 0 0 359 
808 16 1 0 18 1 4 18 0 0 0 360 
809 16 0 1 0 8 2 12 20 1 3 14 18 -0.116717 21 837 838
810 16 0 1 0 21 0 12 17 23 25 12 15 -0.258091 -39 839 840
811 16 0 1 0 28 27 15 17 7 9 14 20 -0 3 841 842
812 16 0 1 0 11 14 20 17 20 30 15 14 -0.016129 -89 843 844
813 16 1 0 42 1 4 0 0 0 42 430 
814 16 1 0 2 1 4 0 0 2 0 431 
815 16 1 0 2 1 4 0 0 2 0 438 
816 16 0 1 0 29 15 20 13 13 30 16 16 -0.0220588 -26 845 846
817 16 1 0 2 1 4 0 1 0 1 451 
818 16 0 1 0 18 8 12 20 8 0 15 15 -0.0534423 -30 847 848
819 16 0 1 0 3 21 18 12 5 15 19 12 -0.0204082 -4 849 850
820 16 1 0 4 1 4 2 0 0 2 537 
821 16 1 0 77 1 4 0 0 0 77 539 
822 16 0 1 0 2 28 19 16 7 24 17 16 -0.0808081 2 851 852
823 16 0 1 0 1 16 12 15 2 17 13 12 -0.00229358 8 853 854
824 16 1 0 7 1 4 0 0 1 6 545 
825 17 1 0 2 1 4 1 1 0 0 6 
826 17 1 0 125 1 4 0 125 0 0 7 
827 17 0 1 0 2 13 16 19 13 21 16 16 -0.0617191 -59 855 856
828 17 0 1 0 5 23 16 20 10 26 18 12 -0.00705724 -34 857 858
829 17 0 1 0 26 24 17 12 31 26 18 13 -0.0842533 -37 859 860
830 17 1 0 6 1 4 0 3 0 3 147 
831 17 0 1 0 19 32 15 12 29 31 16 12 -0.00356573 5 861 862
832 17 1 0 4 1 4 2 2 0 0 317 
833 17 1 0 7 1 4 5 2 0 0 323 
834 17 0 1 0 11 15 17 14 20 28 19 16 -0.0201708 8 863 864
835 17 1 0 2 1 4 1 1 0 0 357 
836 17 1 0 9 1 4 0 9 0 0 358 
837 17 0 1 0 22 25 13 19 19 17 20 13 -0.109266 -18 865 866
838 17 0 1 0 4 5 15 19 28 5 13 17 -0 4 867 868
839 17 0 1 0 16 9 17 18 13 23 20 19 -0.0331565 -34 869 870
840 17 0 1 0 4 20 17 14 3 19 17 12 -0.121457 0 871 872
841 17 1 0 4 1 4 0 0 0 4 426 
842 17 1 0 18 1 4 0 0 18 0 427 
843 17 1 0 2 1 4 0 0 1 1 428 
844 17 1 0 29 1 4 0 0 0 29 429 
845 17 1 0 62 1 4 0 0 0 62 439 
846 17 1 0 6 1 4 0 0 3 3 440 
847 17 1 0 2 1 4 0 0 2 0 452 
848 17 0 1 0 4 28 16 17 14 14 13 20 -0.0443105 87 873 874
849 17 1 0 2 1 4 0 1 0 1 535 
850 17 1 0 96 1 4 0 0 0 96 536 
851 17 1 0 9 1 4 0 0 1 8 540 
852 17 1 0 2 1 4 2 0 0 0 541 
853 17 1 0 1619 1 4 0 0 0 1619 542 
854 17 0 1 0 15 22 16 16 2 0 20 19 -0.125 90 875 876
855 18 0 1 0 13 0 17 19 25 29 18 17 -0.0217391 -77 877 878
856 18 1 0 6 1 4 1 5 0 0 29 
857 18 1 0 4 1 4 2 2 0 0 30 
858 18 0 1 0 19 7 18 12 18 34 13 12 -0.00630671 -60 879 880
859 18 1 0 4 1 4 0 0 4 0 107 
860 18 0 1 0 22 33 12 20 24 24 17 12 -0.0807388 -26 881 882
861 18 1 0 2 1 4 0 1 1 0 314 
862 18 0 1 0 14 29 16 13 15 32 12 17 -0.00119617 23 883 884
863 18 0 1 0 21 2 20 19 19 30 15 16 -0.00949367 -92 885 886
864 18 1 0 3 1 4 2 1 0 0 326 
865 18 0 1 0 2 26 18 20 3 26 15 18 -0.105411 10 887 888
866 18 0 1 0 19 13 15 13 32 23 18 15 -0.101795 10 889 890
867 18 1 0 2 1 4 2 0 0 0 418 
868 18 1 0 8 1 4 0 8 0 0 419 
869 18 0 1 0 22 10 16 19 10 5 16 17 -0.0192308 7 891 892
870 18 1 0 3 1 4 3 0 0 0 422 
871 18 1 0 6 1 4 0 6 0 0 423 
872 18 0 1 0 17 2 15 17 28 5 20 19 -0 -1 893 894
873 18 0 1 0 11 29 17 15 8 24 19 15 -0.0401943 2 895 896
874 18 1 0 2 1 4 0 0 2 0 461 
875 18 1 0 2 1 4 0 1 0 1 543 
876 18 1 0 14 1 4 0 0 0 14 544 
877 19 1 0 2 1 4 1 1 0 0 27 
878 19 1 0 21 1 4 21 0 0 0 28 
879 19 0 1 0 24 8 14 17 5 24 19 15 -0 -21 897 898
880 19 0 1 0 11 20 18 17 14 16 18 18 -0.00469258 -36 899 900
881 19 1 0 4 1 4 1 0 0 3 108 
882 19 0 1 0 9 29 15 17 15 27 20 15 -0.073045 -15 901 902
883 19 1 0 416 1 4 0 416 0 0 315 
884 19 1 0 2 1 4 0 1 1 0 316 
885 19 1 0 75 1 4 0 75 0 0 324 
886 19 1 0 4 1 4 1 3 0 0 325 
887 19 0 1 0 32 28 17 15 27 34 13 14 -0 -60 903 904
888 19 1 0 5 1 4 0 1 4 0 363 
889 19 0 1 0 18 32 13 20 11 25 18 13 -0.0736469 89 905 906
890 19 0 1 0 11 34 13 17 3 5 16 14 -0.43966 75 907 908
891 19 1 0 24 1 4 0 24 0 0 420 
892 19 1 0 2 1 4 0 1 1 0 421 
893 19 1 0 3 1 4 0 0 0 3 424 
894 19 1 0 10 1 4 0 0 10 0 425 
895 19 0 1 0 31 18 20 14 12 23 12 12 -0 -61 909 910
896 19 0 1 0 11 20 20 13 11 26 20 12 -0.0272251 -1 911 912
897 20 1 0 17 1 4 17 0 0 0 31 
898 20 1 0 4 1 4 0 4 0 0 32 
899 20 1 0 2 1 4 1 1 0 0 33 
900 20 0 1 0 3 18 19 20 24 0 12 12 -0.0042227 -64 913 914
901 20 0 1 0 11 18 14 18 0 22 19 12 -0.0613572 5 915 916
902 20 0 1 0 15 8 12 18 13 0 16 14 -0.210317 28 917 918
903 20 1 0 3 1 4 0 0 3 0 361 
904 20 1 0 25 1 4 0 0 0 25 362 
905 20 0 1 0 8 34 13 16 4 32 15 12 -0.0705679 47 919 920
906 20 1 0 13 1 4 0 13 0 0 405 
907 20 0 1 0 16 7 20 18 17 26 15 18 -0 -40 921 922
908 20 0 1 0 13 34 13 14 18 22 16 13 -0.344433 -1 923 924
909 20 1 0 7 1 4 0 7 0 0 453 
910 20 1 0 3 1 4 0 0 3 0 454 
911 20 0 1 0 34 26 20 13 11 11 13 16 -0.018788 12 925 926
912 20 1 0 5 1 4 2 3 0 0 460 
913 21 1 0 7 1 4 5 2 0 0 34 
914 21 0 1 0 4 1 14 13 14 3 19 18 -0.00336153 -11 927 928
915 21 1 0 2 1 4 0 0 1 1 109 
916 21 0 1 0 23 8 17 12 24 22 19 15 -0.0582142 1 929 930
917 21 0 1 0 31 26 17 15 29 25 20 15 -0.130556 -3 931 932
918 21 0 1 0 25 30 13 19 18 3 12 20 -0 84 933 934
919 21 0 1 0 12 34 13 14 24 9 14 16 -0.0627606 25 935 936
920 21 0 1 0 9 29 15 20 9 29 14 13 -0.150794 15 937 938
921 21 1 0 8 1 4 0 8 0 0 406 
922 21 1 0 5 1 4 5 0 0 0 407 
923 21 1 0 4 1 4 4 0 0 0 408 
924 21 0 1 0 2 22 20 16 0 25 15 13 -0.258835 -7 939 940
925 21 0 1 0 9 2 13 18 26 14 15 16 -0.013587 27 941 942
926 21 1 0 2 1 4 0 1 1 0 459 
927 22 0 1 0 16 28 15 17 18 33 12 15 -0.00204029 -25 943 944
928 22 0 1 0 24 32 14 12 5 26 16 14 -0 46 945 946
929 22 0 1 0 3 32 12 18 5 7 19 16 -0.0530851 16 947 948
930 22 0 1 0 27 25 18 12 15 30 12 13 -0 23 949 950
931 22 0 1 0 12 10 14 17 12 18 19 20 -0.0666667 5 951 952
932 22 1 0 6 1 4 5 1 0 0 144 
933 22 1 0 17 1 4 17 0 0 0 145 
934 22 1 0 4 1 4 0 4 0 0 146 
935 22 1 0 2 1 4 2 0 0 0 364 
936 22 0 1 0 21 18 13 20 27 26 15 18 -0.0599645 0 953 954
937 22 0 1 0 23 0 12 18 8 6 16 13 -0.0666667 2 955 956
938 22 0 1 0 1 14 19 13 2 21 16 19 -0.0198413 -7 957 958
939 22 0 1 0 24 23 18 17 18 11 14 14 -0.0546218 39 959 960
940 22 0 1 0 27 20 15 15 23 16 18 18 -0.17428 -13 961 962
941 22 0 1 0 7 22 14 15 14 29 13 15 -0.00821123 -3 963 964
942 22 1 0 2 1 4 1 1 0 0 458 
943 23 1 0 2 1 4 1 1 0 0 35 
944 23 0 1 0 2 5 19 19 4 18 20 12 -0.0016648 47 965 966
945 23 1 0 14 1 4 14 0 0 0 41 
946 23 1 0 3 1 4 0 3 0 0 42 
947 23 0 1 0 35 2 18 12 28 11 16 15 -0.0343495 17 967 968
948 23 0 1 0 3 10 16 20 5 14 14 14 -0.304848 3 969 970
949 23 1 0 12 1 4 12 0 0 0 140 
950 23 1 0 18 1 4 0 18 0 0 141 
951 23 1 0 28 1 4 0 28 0 0 142 
952 23 1 0 2 1 4 0 1 0 1 143 
953 23 0 1 0 23 10 12 12 26 14 18 17 -0.0537776 18 971 972
954 23 0 1 0 25 5 17 17 10 13 12 18 -0.05 1 973 974
955 23 0 1 0 26 30 16 18 24 20 20 18 -0 23 975 976
956 23 1 0 7 1 4 0 0 7 0 402 
957 23 1 0 36 1 4 0 0 36 0 403 
958 23 1 0 6 1 4 0 0 1 5 404 
959 23 0 1 0 18 31 12 15 25 6 14 16 -0.0357143 74 977 978
960 23 1 0 3 1 4 0 0 3 0 411 
961 23 1 0 2 1 4 2 0 0 0 412 
962 23 0 1 0 16 7 20 18 17 26 15 18 -0.100016 -39 979 980
963 23 0 1 0 8 22 18 20 13 29 18 16 -0.00277778 -8 981 982
964 23 1 0 2 1 4 1 1 0 0 457 
965 24 0 1 0 14 0 15 13 18 8 15 13 -0.00113709 10 983 984
966 24 1 0 3 1 4 2 1 0 0 40 
967 24 0 1 0 13 27 20 15 17 26 18 16 -0.0327156 10 985 986
968 24 1 0 3 1 4 3 0 0 0 134 
969 24 1 0 6 1 4 0 1 0 5 135 
970 24 0 1 0 25 17 16 17 3 0 12 19 -0.18603 23 987 988
971 24 0 1 0 34 28 19 13 31 1 18 15 -0.050198 8 989 990
972 24 0 1 0 19 15 14 14 0 6 14 15 -0.0454545 37 991 992
973 24 1 0 5 1 4 0 1 4 0 398 
974 24 1 0 11 1 4 0 0 0 11 399 
975 24 1 0 2 1 4 0 0 2 0 400 
976 24 1 0 18 1 4 0 0 0 18 401 
977 24 1 0 2 1 4 1 1 0 0 409 
978 24 1 0 12 1 4 0 12 0 0 410 
979 24 0 1 0 11 18 18 17 11 23 12 17 -0.0460526 -3 993 994
980 24 1 0 8 1 4 0 0 1 7 417 
981 24 1 0 178 1 4 0 178 0 0 455 
982 24 1 0 2 1 4 0 1 1 0 456 
983 25 0 1 0 18 6 20 19 27 20 15 12 -0.000898594 -10 995 996
984 25 1 0 2 1 4 1 1 0 0 39 
985 25 0 1 0 20 23 16 17 23 21 19 12 -0.0307036 13 997 998
986 25 1 0 6 1 4 4 2 0 0 133 
987 25 1 0 7 1 4 0 4 1 2 136 
988 25 0 1 0 23 23 16 19 33 27 20 13 -0.0262548 -5 999 1000
989 25 0 1 0 20 4 14 19 26 13 14 13 -0.158621 -2 1001 1002
990 25 0 1 0 12 33 14 18 18 27 19 14 -0.0408451 -15 1003 1004
991 25 1 0 2 1 4 0 0 1 1 396 
992 25 1 0 9 1 4 0 0 0 9 397 
993 25 0 1 0 2 25 18 19 15 3 20 16 -0.021836 27 1005 1006
994 25 1 0 8 1 4 0 6 2 0 416 
995 26 0 1 0 28 29 12 16 33 32 14 14 -0.0091954 7 1007 1008
996 26 1 0 2050 1 4 2050 0 0 0 38 
997 26 0 1 0 23 10 18 16 20 11 14 12 -0.0294666 23 1009 1010
998 26 1 0 2 1 4 2 0 0 0 132 
999 26 1 0 2 1 4 2 0 0 0 137 
1000 26 0 1 0 25 6 14 19 18 13 18 17 -0.0142857 -86 1011 1012
1001 26 0 1 0 32 26 18 12 3 5 12 13 -0 6 1013 1014
1002 26 0 1 0 0 30 14 15 12 24 17 16 -0.0287356 8 1015 1016
1003 26 1 0 2 1 4 1 1 0 0 369 
1004 26 0 1 0 11 8 12 19 24 8 13 14 -0.0388985 38 1017 1018
1005 26 1 0 2 1 4 0 0 1 1 413 
1006 26 0 1 0 33 28 14 13 14 22 18 15 -0.00757576 -75 1019 1020
1007 27 1 0 139 1 4 139 0 0 0 36 
1008 27 1 0 6 1 4 4 2 0 0 37 
1009 27 0 1 0 0 15 20 14 0 27 12 19 -0.027368 -30 1021 1022
1010 27 1 0 2 1 4 0 1 0 1 131 
1011 27 1 0 2 1 4 1 1 0 0 138 
1012 27 1 0 33 1 4 0 33 0 0 139 
1013 27 1 0 4 1 4 0 0 0 4 365 
1014 27 1 0 12 1 4 0 0 12 0 366 
1015 27 1 0 23 1 4 0 23 0 0 367 
1016 27 1 0 6 1 4 0 1 5 0 368 
1017 27 0 1 0 34 25 14 12 32 16 12 14 -0.036773 -15 1023 1024
1018 27 1 0 6 1 4 0 5 1 0 395 
1019 27 1 0 2 1 4 0 1 1 0 414 
1020 27 1 0 64 1 4 0 0 64 0 415 
1021 28 1 0 3 1 4 0 2 0 1 110 
1022 28 0 1 0 15 4 17 17 19 21 14 17 -0.0248484 17 1025 1026
1023 28 1 0 9 1 4 0 0 3 6 370 
1024 28 0 1 0 25 33 12 14 31 35 12 13 -0.033827 24 1027 1028
1025 29 0 1 0 0 12 13 14 12 24 12 18 -0.0238249 -1 1029 1030
1026 29 1 0 3 1 4 2 1 0 0 130 
1027 29 0 1 0 10 14 18 14 3 26 19 12 -0.0257938 12 1031 1032
1028 29 0 1 0 29 18 14 12 7 10 13 19 -0.144922 7 1033 1034
1029 30 0 1 0 28 26 18 16 26 13 20 12 -0.0228398 4 1035 1036
1030 30 1 0 4 1 4 0 2 2 0 129 
1031 30 0 1 0 15 10 14 14 29 18 17 17 -0.0241598 14 1037 1038
1032 30 1 0 5 1 4 0 4 1 0 388 
1033 30 0 1 0 19 8 20 15 25 15 15 18 -0 4 1039 1040
1034 30 0 1 0 28 1 12 15 26 5 20 16 -0.070802 5 1041 1042
1035 31 0 1 0 26 21 17 12 18 10 14 19 -0.131973 -6 1043 1044
1036 31 0 1 0 24 13 20 20 28 28 15 18 -0.0111091 -1 1045 1046
1037 31 0 1 0 3 35 12 14 12 26 12 17 -0.0205009 -46 1047 1048
1038 31 0 1 0 18 3 20 17 25 11 20 16 -0.166667 -2 1049 1050
1039 31 1 0 15 1 4 0 15 0 0 389 
1040 31 1 0 2 1 4 0 0 2 0 390 
1041 31 0 1 0 6 12 15 12 6 22 15 18 -0.0255848 -12 1051 1052
1042 31 1 0 4 1 4 0 4 0 0 394 
1043 32 1 0 5 1 4 0 3 0 2 111 
1044 32 0 1 0 3 28 12 13 7 15 16 13 -0.0691824 0 1053 1054
1045 32 0 1 0 14 6 12 12 23 26 17 12 -0.0104146 15 1055 1056
1046 32 1 0 2 1 4 2 0 0 0 128 
1047 32 1 0 5 1 4 0 0 1 4 371 
1048 32 0 1 0 16 25 13 12 14 16 14 15 -0.0195104 -5 1057 1058
1049 32 1 0 6 1 4 0 0 6 0 386 
1050 32 1 0 6 1 4 1 4 1 0 387 
1051 32 0 1 0 0 7 14 20 0 16 20 17 -0.0138889 -62 1059 1060
1052 32 1 0 2 1 4 0 0 0 2 393 
1053 33 0 1 0 32 18 12 14 26 28 13 20 -0.014898 -2 1061 1062
1054 33 1 0 6 1 4 0 4 0 2 115 
1055 33 0 1 0 35 21 16 12 24 18 18 14 -0.00799117 19 1063 1064
1056 33 1 0 4 1 4 0 3 0 1 127 
1057 33 1 0 6 1 4 0 3 3 0 372 
1058 33 0 1 0 17 25 19 18 20 22 14 14 -0.0182688 -6 1065 1066
1059 33 1 0 2 1 4 0 1 1 0 391 
1060 33 1 0 34 1 4 0 0 34 0 392 
1061 34 0 1 0 33 5 19 13 23 18 12 15 -0.00510204 -39 1067 1068
1062 34 1 0 2 1 4 0 1 1 0 114 
1063 34 0 1 0 6 30 17 12 3 5 17 15 -0.00729573 20 1069 1070
1064 34 1 0 2 1 4 0 1 1 0 126 
1065 34 1 0 3 1 4 1 0 2 0 373 
1066 34 0 1 0 26 9 17 14 8 8 14 17 -0.0166379 -11 1071 1072
1067 35 1 0 96 1 4 0 96 0 0 112 
1068 35 1 0 2 1 4 1 1 0 0 113 
1069 35 0 1 0 18 8 18 19 23 5 14 13 -0.00391745 -4 1073 1074
1070 35 0 1 0 28 26 20 18 25 29 13 19 -0.0394444 -8 1075 1076
1071 35 0 1 0 6 28 13 16 10 15 18 15 -0.105156 17 1077 1078
1072 35 0 1 0 20 23 13 15 22 20 13 14 -0.0105584 -4 1079 1080
1073 36 1 0 7 1 4 2 5 0 0 116 
1074 36 0 1 0 32 11 17 15 29 13 14 12 -0.00253939 20 1081 1082
1075 36 0 1 0 7 17 20 17 8 15 17 17 -0.0125 -14 1083 1084
1076 36 1 0 5 1 4 4 1 0 0 125 
1077 36 1 0 6 1 4 2 1 3 0 374 
1078 36 0 1 0 15 27 17 12 19 28 19 14 -0.0225564 -18 1085 1086
1079 36 1 0 2 1 4 0 0 0 2 377 
1080 36 0 1 0 18 23 15 12 23 29 17 14 -0.0100924 9 1087 1088
1081 37 0 1 0 24 9 19 20 28 10 15 14 -0.00181686 31 1089 1090
1082 37 1 0 2 1 4 1 1 0 0 122 
1083 37 1 0 2 1 4 1 1 0 0 123 
1084 37 1 0 38 1 4 0 38 0 0 124 
1085 37 1 0 7 1 4 0 4 3 0 375 
1086 37 1 0 69 1 4 0 0 69 0 376 
1087 37 0 1 0 18 14 14 20 17 14 16 15 -0.00834101 14 1091 1092
1088 37 1 0 4 1 4 1 0 3 0 385 
1089 38 0 1 0 15 8 20 17 25 28 16 15 -0.00127312 10 1093 1094
1090 38 1 0 2 1 4 1 1 0 0 121 
1091 38 0 1 0 24 17 20 20 26 17 14 15 -0.00748208 -5 1095 1096
1092 38 1 0 6 1 4 0 0 4 2 384 
1093 39 0 1 0 27 33 12 20 32 26 14 14 -0.000684307 0 1097 1098
1094 39 1 0 4 1 4 1 3 0 0 120 
1095 39 1 0 2 1 4 0 1 1 0 378 
1096 39 0 1 0 10 34 13 12 16 4 18 14 -0.00706582 56 1099 1100
1097 40 0 1 0 2 35 12 17 32 9 17 12 -0.03125 -4 1101 1102
1098 40 1 0 1354 1 4 0 1354 0 0 119 
1099 40 0 1 0 23 18 18 13 33 19 13 14 -0.0707994 39 1103 1104
1100 40 0 1 0 25 12 12 17 25 11 19 18 -0.000343466 6 1105 1106
1101 41 1 0 14 1 4 0 14 0 0 117 
1102 41 1 0 2 1 4 0 1 1 0 118 
1103 41 0 1 0 27 22 15 17 24 32 12 13 -0.00423729 -59 1107 1108
1104 41 1 0 9 1 4 3 0 6 0 381 
1105 41 1 0 1938 1 4 0 0 1938 0 382 
1106 41 1 0 3 1 4 0 0 1 2 383 
1107 42 1 0 2 1 4 0 1 1 0 379 
1108 42 1 0 116 1 4 0 0 116 0 380 
