-2147483648 -2147483648 data/trees_headpose/tree_025.txt
100 10 5000 30 30000 1 48 1 data/trees_headpose ./data/Cropped_HBO_Data_4view.txt
1 0
0 0 0 1 0 32 19 18 14 33 24 20 13 -0.983887 -1 1 2
1 1 0 1 0 6 19 20 12 14 9 12 13 -0.663996 -5 3 4
2 1 0 1 0 2 26 16 18 3 14 18 20 -0.813477 0 5 6
3 2 0 1 0 8 25 12 18 3 34 13 12 -0.552367 3 7 8
4 2 0 1 0 8 15 13 12 1 28 19 15 -0.510266 5 9 10
5 2 0 1 0 9 14 14 16 9 29 14 13 -1.04814 10 11 12
6 2 0 1 0 10 34 12 19 22 32 15 19 -0.625527 27 13 14
7 3 0 1 0 10 30 16 13 19 26 14 13 -0.323506 41 15 16
8 3 0 1 0 12 25 18 12 11 9 20 15 -0.603169 30 17 18
9 3 0 1 0 10 13 20 12 15 8 13 15 -0.466453 -5 19 20
10 3 0 1 0 18 0 14 20 28 20 15 17 -0.263153 13 21 22
11 3 0 1 0 27 14 18 17 31 30 17 12 -1.03606 3 23 24
12 3 0 1 0 18 27 20 18 21 22 18 12 -0.629618 -8 25 26
13 3 0 1 0 16 9 14 12 12 32 12 13 -1.00417 -26 27 28
14 3 0 1 0 28 32 13 16 26 15 13 13 -0.261848 -2 29 30
15 4 0 1 0 5 0 19 14 17 22 12 14 -0.271591 -11 31 32
16 4 0 1 0 8 20 16 17 11 35 12 12 -0.091954 -20 33 34
17 4 0 1 0 30 28 15 12 31 28 17 16 -0.435498 7 35 36
18 4 0 1 0 27 25 12 15 29 0 17 16 -1.05579 34 37 38
19 4 0 1 0 18 23 13 16 15 28 19 17 -1.06591 -22 39 40
20 4 0 1 0 0 22 19 13 19 10 13 17 -0.286 -27 41 42
21 4 0 1 0 18 4 12 13 14 1 17 18 -0.226801 9 43 44
22 4 0 1 0 2 7 19 12 13 6 13 17 -0.232143 -23 45 46
23 4 0 1 0 2 6 18 16 8 19 18 17 -0.465883 1 47 48
24 4 0 1 0 9 27 19 20 15 2 15 18 -1.33656 8 49 50
25 4 0 1 0 25 22 18 15 24 30 15 15 -0.453684 15 51 52
26 4 0 1 0 32 32 14 15 29 28 18 17 -0.448893 -20 53 54
27 4 0 1 0 27 11 16 20 1 30 14 14 -0.516626 7 55 56
28 4 0 1 0 1 25 20 13 2 12 14 18 -1.29923 4 57 58
29 4 0 1 0 0 31 12 17 4 30 12 15 -0.136515 4 59 60
30 4 0 1 0 0 6 18 19 13 1 17 19 -0.555914 5 61 62
31 5 0 1 0 26 32 15 20 24 29 15 19 -0.232666 -2 63 64
32 5 0 1 0 8 17 18 19 31 14 19 13 -0.200668 6 65 66
33 5 0 1 0 28 5 18 16 13 33 14 13 -0 -58 67 68
34 5 1 0 2 1 4 2 0 0 0 72 
35 5 0 1 0 1 35 12 14 5 28 13 12 -0.5596 2 69 70
36 5 0 1 0 20 0 18 12 25 23 15 20 -0.276791 40 71 72
37 5 0 1 0 21 11 12 20 25 13 19 19 -0.195538 3 73 74
38 5 0 1 0 10 13 19 15 12 22 19 15 -1.28268 -37 75 76
39 5 0 1 0 2 23 13 15 22 2 12 14 -0.556863 28 77 78
40 5 0 1 0 11 21 17 13 4 27 13 16 -0.794562 6 79 80
41 5 0 1 0 2 4 18 20 24 2 13 14 -0.235534 -1 81 82
42 5 0 1 0 12 26 13 12 15 18 15 12 -0.255394 -3 83 84
43 5 0 1 0 21 27 16 15 7 4 12 18 -0.20629 7 85 86
44 5 0 1 0 15 8 17 20 15 22 12 17 -0.0191327 -32 87 88
45 5 1 0 18 1 4 0 0 0 18 416 
46 5 0 1 0 21 27 20 19 27 29 13 17 -0.16 13 89 90
47 5 0 1 0 26 21 19 15 24 13 14 15 -0.408241 -3 91 92
48 5 0 1 0 8 25 16 15 5 20 14 12 -0.0580357 1 93 94
49 5 0 1 0 12 19 14 17 6 11 19 17 -0.153361 15 95 96
50 5 0 1 0 4 11 18 17 11 5 13 14 -1.1239 15 97 98
51 5 0 1 0 20 29 13 14 1 25 18 20 -0.213879 21 99 100
52 5 0 1 0 10 4 17 16 6 28 15 12 -0.185714 35 101 102
53 5 1 0 9 1 4 0 1 0 8 461 
54 5 0 1 0 19 19 19 20 18 5 13 18 -0.393451 -6 103 104
55 5 0 1 0 7 22 20 15 21 12 13 15 -0.682558 -15 105 106
56 5 0 1 0 1 33 14 20 13 26 19 12 -0.218768 2 107 108
57 5 0 1 0 6 17 19 14 12 3 15 18 -0.924857 5 109 110
58 5 0 1 0 24 1 13 16 21 4 16 16 -0.952553 -5 111 112
59 5 0 1 0 3 13 18 16 6 15 15 14 -0.0944258 11 113 114
60 5 0 1 0 0 34 12 12 20 17 20 17 -0.1934 63 115 116
61 5 0 1 0 22 8 19 20 21 14 20 13 -0.511614 -44 117 118
62 5 0 1 0 18 16 13 17 17 23 18 16 -0.101757 -14 119 120
63 6 0 1 0 9 26 20 17 9 25 14 17 -0.435074 10 121 122
64 6 0 1 0 34 34 13 13 19 21 14 14 -0.175485 39 123 124
65 6 0 1 0 27 22 17 14 27 21 20 19 -0.0208038 11 125 126
66 6 0 1 0 6 0 14 18 0 27 14 19 -0.216017 -6 127 128
67 6 1 0 24 1 4 0 0 0 24 70 
68 6 1 0 3 1 4 0 0 3 0 71 
69 6 0 1 0 0 27 15 18 24 21 16 14 -0.716912 20 129 130
70 6 0 1 0 13 17 19 18 14 33 12 12 -0.223888 -26 131 132
71 6 0 1 0 23 11 13 19 26 20 20 20 -0.235724 12 133 134
72 6 0 1 0 6 24 14 17 1 14 13 13 -0.352815 49 135 136
73 6 1 0 6 1 4 2 3 1 0 176 
74 6 0 1 0 18 10 17 12 0 24 13 18 -0.0877128 25 137 138
75 6 0 1 0 16 21 20 16 18 19 16 12 -1.13393 -6 139 140
76 6 0 1 0 14 23 18 14 13 21 20 14 -0.92555 3 141 142
77 6 0 1 0 24 16 12 18 29 20 14 13 -0.330208 11 143 144
78 6 0 1 0 14 4 19 16 19 17 14 19 -0.196078 -42 145 146
79 6 0 1 0 18 12 13 13 8 9 19 17 -0.405251 12 147 148
80 6 0 1 0 15 27 17 13 1 31 14 14 -1.23993 38 149 150
81 6 0 1 0 4 23 12 15 1 25 20 14 -0.0380524 -20 151 152
82 6 1 0 9 1 4 5 1 1 2 237 
83 6 0 1 0 4 14 20 20 13 7 12 18 -0.700158 18 153 154
84 6 0 1 0 5 33 14 13 30 35 12 13 -0.211995 -121 155 156
85 6 0 1 0 12 23 13 15 26 9 19 13 -0 41 157 158
86 6 0 1 0 10 34 12 17 9 35 12 15 -0.188445 1 159 160
87 6 0 1 0 15 2 17 12 13 27 19 15 -0.03125 -39 161 162
88 6 1 0 33 1 4 33 0 0 0 415 
89 6 1 0 5 1 4 0 0 4 1 417 
90 6 1 0 5 1 4 1 4 0 0 418 
91 6 0 1 0 5 4 18 14 0 11 12 20 -0.770175 -1 163 164
92 6 0 1 0 22 20 20 19 23 21 15 18 -0.22438 -1 165 166
93 6 0 1 0 13 34 13 18 28 28 14 19 -0.0357143 12 167 168
94 6 1 0 2 1 4 0 0 0 2 435 
95 6 1 0 4 1 4 0 0 1 3 436 
96 6 0 1 0 17 6 14 20 23 29 13 17 -0 4 169 170
97 6 0 1 0 15 25 20 20 19 29 14 16 -0.921976 1 171 172
98 6 0 1 0 21 28 18 13 8 32 13 20 -0.715278 31 173 174
99 6 1 0 4 1 4 0 0 2 2 453 
100 6 0 1 0 23 33 12 17 22 16 15 14 -0.125016 -9 175 176
101 6 1 0 7 1 4 0 0 2 5 459 
102 6 1 0 5 1 4 1 4 0 0 460 
103 6 1 0 10 1 4 10 0 0 0 462 
104 6 0 1 0 5 27 13 13 3 19 15 16 -0.347196 4 177 178
105 6 0 1 0 21 13 14 16 3 5 13 14 -0.28125 33 179 180
106 6 0 1 0 31 7 17 13 7 14 16 12 -0.538107 -7 181 182
107 6 0 1 0 26 1 16 20 26 13 12 14 -0.16353 -2 183 184
108 6 1 0 9 1 4 8 0 0 1 501 
109 6 0 1 0 16 3 16 13 10 30 16 13 -0.595112 5 185 186
110 6 0 1 0 10 20 12 15 11 18 19 18 -0.0888889 -1 187 188
111 6 0 1 0 1 32 14 19 10 28 14 14 -0.710878 -20 189 190
112 6 0 1 0 18 1 16 16 30 9 14 13 -0.423077 -26 191 192
113 6 0 1 0 9 20 17 19 6 24 13 16 -0.0810799 44 193 194
114 6 1 0 4 1 4 4 0 0 0 551 
115 6 0 1 0 23 15 14 12 12 20 20 12 -0.0263158 -19 195 196
116 6 1 0 9 1 4 0 0 1 8 554 
117 6 1 0 9 1 4 0 8 0 1 555 
118 6 0 1 0 9 0 19 13 16 10 18 19 -0.390915 0 197 198
119 6 0 1 0 9 11 20 12 1 2 15 16 -0.0175265 2 199 200
120 6 1 0 7 1 4 0 1 0 6 568 
121 7 0 1 0 24 28 17 13 6 25 13 18 -0.0478308 41 201 202
122 7 0 1 0 13 26 14 13 25 31 13 14 -0.411221 28 203 204
123 7 0 1 0 8 32 15 14 21 31 14 17 -0.148362 26 205 206
124 7 0 1 0 32 23 13 13 30 15 15 16 -0.45 9 207 208
125 7 0 1 0 2 28 13 20 20 11 16 17 -0.0111111 -28 209 210
126 7 1 0 2 1 4 0 0 0 2 65 
127 7 0 1 0 34 1 19 13 15 8 16 15 -0.05 -31 211 212
128 7 0 1 0 28 5 18 16 13 33 14 13 -0.181818 -61 213 214
129 7 0 1 0 4 3 17 15 5 6 17 15 -0.625455 0 215 216
130 7 0 1 0 4 22 19 18 4 5 17 14 -0.142857 21 217 218
131 7 0 1 0 27 12 20 19 31 22 16 14 -0.385965 4 219 220
132 7 0 1 0 10 34 12 14 14 3 17 12 -0.0990156 68 221 222
133 7 0 1 0 1 31 14 12 6 1 18 14 -0.154155 6 223 224
134 7 0 1 0 9 25 12 16 12 17 15 14 -0.88335 -20 225 226
135 7 0 1 0 4 35 12 14 1 3 19 16 -0.296296 40 227 228
136 7 0 1 0 30 7 15 13 28 21 15 14 -0.0769231 -39 229 230
137 7 1 0 4 1 4 1 1 2 0 177 
138 7 0 1 0 3 22 17 17 3 27 13 19 -0.045584 -9 231 232
139 7 1 0 6 1 4 5 1 0 0 180 
140 7 0 1 0 27 29 12 16 28 34 13 13 -0.643856 -5 233 234
141 7 0 1 0 27 16 20 19 26 25 12 13 -0 -42 235 236
142 7 0 1 0 4 29 17 19 24 17 19 19 -0.715523 -13 237 238
143 7 0 1 0 30 20 14 17 22 11 13 20 -0.266667 -23 239 240
144 7 0 1 0 21 12 13 17 0 8 17 19 -0.0104167 15 241 242
145 7 1 0 2 1 4 0 0 0 2 207 
146 7 0 1 0 23 7 18 20 21 30 16 19 -0 -67 243 244
147 7 0 1 0 23 10 18 18 26 6 18 14 -0.02 4 245 246
148 7 0 1 0 6 32 13 12 23 14 20 16 -0.31814 42 247 248
149 7 0 1 0 33 29 18 12 15 12 19 12 -0.27972 -6 249 250
150 7 0 1 0 25 0 18 17 6 2 13 18 -0.823504 10 251 252
151 7 0 1 0 23 3 12 15 8 19 17 14 -0.1375 -22 253 254
152 7 0 1 0 31 17 14 15 33 9 18 12 -0 36 255 256
153 7 0 1 0 16 5 19 14 11 25 12 14 -0.569699 -23 257 258
154 7 0 1 0 12 33 13 15 27 24 20 13 -0.473708 2 259 260
155 7 0 1 0 8 19 14 16 3 16 13 13 -0 -3 261 262
156 7 0 1 0 2 34 13 13 1 25 18 19 -0.203874 -29 263 264
157 7 1 0 6 1 4 0 0 6 0 364 
158 7 1 0 4 1 4 0 0 0 4 365 
159 7 0 1 0 7 16 16 12 7 11 14 17 -0.307413 13 265 266
160 7 0 1 0 35 20 15 12 13 17 16 15 -0.148133 8 267 268
161 7 1 0 14 1 4 0 14 0 0 413 
162 7 1 0 2 1 4 1 1 0 0 414 
163 7 0 1 0 21 4 20 14 13 30 14 18 -0.360902 -52 269 270
164 7 1 0 5 1 4 4 1 0 0 422 
165 7 1 0 8 1 4 0 3 3 2 423 
166 7 0 1 0 27 1 19 13 33 5 17 12 -0.154155 -15 271 272
167 7 1 0 12 1 4 0 0 12 0 433 
168 7 1 0 2 1 4 0 1 1 0 434 
169 7 1 0 3 1 4 0 3 0 0 437 
170 7 1 0 14 1 4 14 0 0 0 438 
171 7 0 1 0 27 28 12 14 0 30 17 20 -0.87414 13 273 274
172 7 0 1 0 1 22 19 13 2 33 12 15 -0.220888 -2 275 276
173 7 0 1 0 27 12 12 20 0 2 13 12 -0.0694444 13 277 278
174 7 0 1 0 16 6 18 17 14 12 15 16 -0 -17 279 280
175 7 0 1 0 7 21 13 16 6 16 16 18 -0.0508386 9 281 282
176 7 0 1 0 23 16 12 17 21 3 19 16 -0.2875 26 283 284
177 7 0 1 0 16 29 18 16 17 1 19 15 -0.290414 0 285 286
178 7 1 0 5 1 4 0 1 0 4 474 
179 7 1 0 2 1 4 1 0 0 1 475 
180 7 1 0 14 1 4 14 0 0 0 476 
181 7 0 1 0 12 7 15 20 32 23 14 12 -0.169122 -49 287 288
182 7 0 1 0 0 21 15 13 26 13 14 19 -0.397143 3 289 290
183 7 0 1 0 7 18 16 13 0 23 18 15 -0.139232 -18 291 292
184 7 1 0 3 1 4 2 1 0 0 500 
185 7 0 1 0 0 7 17 15 2 2 13 16 -0.388878 -1 293 294
186 7 0 1 0 20 20 19 14 18 26 20 17 -0.228291 -4 295 296
187 7 1 0 9 1 4 9 0 0 0 511 
188 7 1 0 6 1 4 0 4 2 0 512 
189 7 0 1 0 23 8 12 19 0 18 19 13 -0.131818 20 297 298
190 7 0 1 0 22 30 15 12 28 25 17 18 -0.378075 5 299 300
191 7 1 0 8 1 4 7 0 1 0 524 
192 7 0 1 0 1 28 16 17 21 16 13 15 -0.196979 -2 301 302
193 7 0 1 0 20 6 12 19 11 27 17 20 -0.0744637 1 303 304
194 7 1 0 3 1 4 3 0 0 0 550 
195 7 1 0 2 1 4 0 1 1 0 552 
196 7 1 0 17 1 4 17 0 0 0 553 
197 7 0 1 0 7 20 19 12 6 15 18 14 -0.254621 7 305 306
198 7 0 1 0 1 0 12 20 2 3 13 17 -0.170455 -1 307 308
199 7 1 0 2 1 4 0 0 2 0 565 
200 7 0 1 0 12 5 16 14 18 24 16 16 -0.00925926 -77 309 310
201 8 0 1 0 26 26 19 12 30 30 16 12 -0.00581395 22 311 312
202 8 1 0 9 1 4 0 8 0 1 2 
203 8 0 1 0 17 15 20 17 18 19 20 17 -0.280096 -2 313 314
204 8 0 1 0 6 6 20 15 4 20 20 13 -0 11 315 316
205 8 0 1 0 11 7 16 19 2 10 15 13 -0.103129 19 317 318
206 8 0 1 0 17 8 20 13 6 35 12 13 -0.981771 -29 319 320
207 8 0 1 0 0 5 19 12 0 9 17 19 -0.0875 -2 321 322
208 8 0 1 0 6 20 15 17 12 6 20 16 -0.276786 -3 323 324
209 8 1 0 2 1 4 0 1 1 0 63 
210 8 1 0 43 1 4 0 0 43 0 64 
211 8 1 0 8 1 4 8 0 0 0 66 
212 8 1 0 2 1 4 1 1 0 0 67 
213 8 1 0 2 1 4 0 1 0 1 68 
214 8 1 0 9 1 4 0 9 0 0 69 
215 8 0 1 0 27 5 15 14 32 26 12 15 -0.470972 28 325 326
216 8 0 1 0 12 21 19 15 17 2 15 19 -0.573003 12 327 328
217 8 1 0 2 1 4 1 0 1 0 97 
218 8 1 0 12 1 4 0 0 0 12 98 
219 8 0 1 0 34 31 14 12 23 21 14 12 -0.234503 -10 329 330
220 8 1 0 8 1 4 0 0 0 8 102 
221 8 0 1 0 22 27 20 14 18 18 20 13 -0.0599078 10 331 332
222 8 1 0 3 1 4 1 0 0 2 111 
223 8 0 1 0 10 31 16 14 17 30 13 17 -0.125809 13 333 334
224 8 0 1 0 28 26 16 18 34 29 12 13 -0.294528 13 335 336
225 8 0 1 0 1 28 17 17 2 33 14 14 -0.142869 -6 337 338
226 8 0 1 0 5 23 14 13 1 33 14 12 -0.808095 -4 339 340
227 8 1 0 9 1 4 0 8 0 1 172 
228 8 1 0 3 1 4 3 0 0 0 173 
229 8 1 0 4 1 4 0 3 0 1 174 
230 8 1 0 35 1 4 0 0 0 35 175 
231 8 1 0 111 1 4 0 0 0 111 178 
232 8 1 0 6 1 4 0 2 0 4 179 
233 8 0 1 0 7 30 16 17 24 0 20 15 -0.113409 85 341 342
234 8 0 1 0 18 27 16 16 21 26 18 15 -0.1875 6 343 344
235 8 1 0 4 1 4 0 4 0 0 188 
236 8 1 0 8 1 4 0 0 0 8 189 
237 8 1 0 9 1 4 0 3 1 5 190 
238 8 0 1 0 3 4 17 16 0 4 17 20 -0.525085 0 345 346
239 8 1 0 5 1 4 3 2 0 0 200 
240 8 0 1 0 9 5 13 17 13 4 20 20 -0.115181 -8 347 348
241 8 1 0 2 1 4 0 1 1 0 205 
242 8 1 0 46 1 4 0 0 0 46 206 
243 8 1 0 10 1 4 0 10 0 0 208 
244 8 1 0 5 1 4 5 0 0 0 209 
245 8 1 0 23 1 4 0 0 23 0 210 
246 8 1 0 2 1 4 0 1 1 0 211 
247 8 0 1 0 6 25 20 12 16 22 18 20 -0.189972 -41 349 350
248 8 0 1 0 29 2 18 16 26 31 12 18 -0.29972 -51 351 352
249 8 1 0 2 1 4 0 0 0 2 226 
250 8 0 1 0 13 20 13 14 12 25 17 14 -0.181818 -22 353 354
251 8 1 0 9 1 4 4 2 1 2 229 
252 8 0 1 0 20 19 18 15 23 11 18 14 -0.428406 2 355 356
253 8 1 0 8 1 4 0 0 7 1 233 
254 8 1 0 2 1 4 0 1 1 0 234 
255 8 1 0 92 1 4 0 0 0 92 235 
256 8 1 0 2 1 4 0 0 2 0 236 
257 8 1 0 9 1 4 0 0 1 8 238 
258 8 0 1 0 21 5 19 17 23 7 16 18 -0.207031 4 357 358
259 8 0 1 0 3 26 20 18 8 11 16 13 -0.132 19 359 360
260 8 0 1 0 11 26 20 20 17 18 17 13 -0.229755 -1 361 362
261 8 1 0 4 1 4 0 0 4 0 255 
262 8 1 0 49 1 4 0 49 0 0 256 
263 8 0 1 0 21 21 16 19 3 26 16 18 -0 9 363 364
264 8 0 1 0 29 25 20 18 23 2 20 15 -0.195755 2 365 366
265 8 0 1 0 10 23 12 16 11 27 15 18 -0.12314 -13 367 368
266 8 0 1 0 19 24 20 18 31 27 16 15 -0.197368 17 369 370
267 8 0 1 0 34 22 13 12 17 7 17 18 -0.124694 -61 371 372
268 8 0 1 0 30 30 16 17 7 1 13 17 -0.251941 136 373 374
269 8 1 0 5 1 4 0 5 0 0 419 
270 8 0 1 0 21 0 17 12 17 15 17 16 -0 -12 375 376
271 8 0 1 0 5 10 14 20 5 13 18 14 -0 -12 377 378
272 8 0 1 0 22 22 15 13 21 14 20 13 -0.094693 -7 379 380
273 8 0 1 0 3 13 16 19 0 21 14 18 -0.848485 7 381 382
274 8 0 1 0 17 0 18 20 7 22 12 20 -0.113553 21 383 384
275 8 0 1 0 29 18 14 12 1 33 13 12 -0.0888158 -19 385 386
276 8 1 0 4 1 4 1 1 1 1 448 
277 8 1 0 6 1 4 1 5 0 0 449 
278 8 1 0 6 1 4 0 0 0 6 450 
279 8 1 0 9 1 4 9 0 0 0 451 
280 8 1 0 3 1 4 0 3 0 0 452 
281 8 0 1 0 33 6 16 14 29 18 18 17 -0.00471698 -46 387 388
282 8 1 0 2 1 4 1 0 0 1 456 
283 8 1 0 8 1 4 1 7 0 0 457 
284 8 1 0 2 1 4 0 1 0 1 458 
285 8 1 0 3 1 4 0 0 1 2 463 
286 8 0 1 0 28 26 18 17 25 21 16 20 -0.236317 -13 389 390
287 8 0 1 0 26 9 16 19 9 21 12 12 -0 -29 391 392
288 8 0 1 0 4 0 16 12 0 32 15 20 -0.0576691 -45 393 394
289 8 0 1 0 26 7 19 12 25 6 17 18 -0.262879 0 395 396
290 8 0 1 0 34 0 18 12 28 4 14 12 -0.120968 -4 397 398
291 8 1 0 3 1 4 2 0 0 1 492 
292 8 0 1 0 13 33 12 16 29 34 12 16 -0.114553 24 399 400
293 8 0 1 0 17 27 18 18 15 24 13 19 -0.481283 9 401 402
294 8 0 1 0 21 9 13 20 22 30 12 15 -0.101302 -36 403 404
295 8 1 0 3 1 4 0 0 1 2 508 
296 8 0 1 0 27 21 18 19 28 10 17 16 -0 -3 405 406
297 8 1 0 5 1 4 3 2 0 0 513 
298 8 0 1 0 17 27 14 12 18 31 13 20 -0.0454545 -2 407 408
299 8 1 0 9 1 4 1 0 6 2 516 
300 8 0 1 0 13 20 19 15 13 31 16 14 -0.255724 -39 409 410
301 8 0 1 0 14 32 14 17 33 16 17 12 -0.0416667 -2 411 412
302 8 0 1 0 4 26 20 19 4 33 13 13 -0.041358 -2 413 414
303 8 0 1 0 7 21 18 14 0 27 16 13 -0.0505289 -32 415 416
304 8 0 1 0 17 4 14 13 4 1 13 16 -0.369565 41 417 418
305 8 0 1 0 19 13 19 18 22 26 18 13 -0 -18 419 420
306 8 0 1 0 19 19 15 12 12 25 16 16 -0.139974 -10 421 422
307 8 1 0 6 1 4 0 0 0 6 562 
308 8 0 1 0 33 30 17 13 22 2 19 16 -0 3 423 424
309 8 1 0 2 1 4 1 1 0 0 566 
310 8 1 0 52 1 4 0 52 0 0 567 
311 9 1 0 84 1 4 84 0 0 0 0 
312 9 1 0 2 1 4 1 1 0 0 1 
313 9 0 1 0 9 9 14 13 3 1 17 12 -0.226239 4 425 426
314 9 0 1 0 23 31 16 18 25 32 14 13 -0.0602365 -8 427 428
315 9 1 0 8 1 4 0 0 0 8 13 
316 9 1 0 2 1 4 0 2 0 0 14 
317 9 0 1 0 12 8 18 19 9 31 15 17 -0.429194 -34 429 430
318 9 0 1 0 1 26 12 19 10 6 20 20 -0.0656831 43 431 432
319 9 0 1 0 29 11 18 13 17 25 19 13 -0.05 -85 433 434
320 9 0 1 0 0 31 16 12 1 21 19 20 -0.438099 1 435 436
321 9 1 0 2 1 4 0 0 0 2 57 
322 9 1 0 8 1 4 0 1 7 0 58 
323 9 0 1 0 22 31 14 14 10 29 17 18 -0.0634921 26 437 438
324 9 1 0 4 1 4 0 1 2 1 62 
325 9 0 1 0 23 4 18 13 32 13 19 13 -0.337966 17 439 440
326 9 0 1 0 7 30 17 14 22 21 20 17 -0.0952381 -24 441 442
327 9 0 1 0 17 17 12 12 9 27 12 18 -0.257754 4 443 444
328 9 0 1 0 6 17 16 15 7 24 15 18 -0.181818 -13 445 446
329 9 1 0 9 1 4 0 8 0 1 99 
330 9 0 1 0 4 29 18 18 14 1 16 14 -0.05 -48 447 448
331 9 0 1 0 2 24 18 18 8 27 16 14 -0.0290173 -3 449 450
332 9 0 1 0 9 21 18 15 4 15 20 19 -0.130135 4 451 452
333 9 0 1 0 4 24 17 16 21 34 13 14 -0.1173 -52 453 454
334 9 1 0 6 1 4 0 1 0 5 153 
335 9 0 1 0 19 21 20 12 18 14 12 20 -0 0 455 456
336 9 0 1 0 28 17 14 16 23 3 19 14 -0.321505 -29 457 458
337 9 1 0 9 1 4 8 1 0 0 163 
338 9 0 1 0 1 14 13 14 9 16 16 14 -0.0927083 -25 459 460
339 9 1 0 8 1 4 6 1 0 1 167 
340 9 0 1 0 20 27 20 17 23 10 16 16 -0.499389 5 461 462
341 9 0 1 0 12 12 18 19 9 31 12 13 -0.0782164 9 463 464
342 9 1 0 4 1 4 0 4 0 0 184 
343 9 0 1 0 16 23 15 14 1 22 18 16 -0 86 465 466
344 9 1 0 4 1 4 0 0 0 4 187 
345 9 0 1 0 11 30 14 16 4 31 16 20 -0.209064 30 467 468
346 9 0 1 0 11 4 16 18 9 3 19 15 -0.31994 14 469 470
347 9 0 1 0 1 16 16 14 11 1 14 18 -0.03125 -9 471 472
348 9 0 1 0 33 26 20 14 26 14 19 15 -0.017094 10 473 474
349 9 1 0 3 1 4 0 0 1 2 212 
350 9 0 1 0 21 20 14 18 3 7 19 12 -0.137245 138 475 476
351 9 0 1 0 9 17 20 13 23 22 16 19 -0.0995475 -5 477 478
352 9 1 0 7 1 4 0 0 2 5 225 
353 9 1 0 2 1 4 1 0 1 0 227 
354 9 1 0 9 1 4 9 0 0 0 228 
355 9 1 0 4 1 4 2 0 1 1 230 
356 9 0 1 0 18 6 20 16 15 13 15 13 -0.137255 -9 479 480
357 9 0 1 0 10 32 15 12 2 27 12 15 -0.0833333 40 481 482
358 9 1 0 8 1 4 4 4 0 0 243 
359 9 0 1 0 32 22 12 13 24 28 15 18 -0.05 -45 483 484
360 9 0 1 0 30 27 19 13 14 27 20 12 -0 23 485 486
361 9 0 1 0 16 22 15 12 22 30 16 16 -0.0381783 -3 487 488
362 9 0 1 0 28 18 15 16 23 28 15 19 -0.133333 -36 489 490
363 9 1 0 40 1 4 0 40 0 0 257 
364 9 1 0 4 1 4 0 0 4 0 258 
365 9 0 1 0 1 20 15 14 0 24 19 12 -0.499767 -19 491 492
366 9 0 1 0 12 13 14 15 33 31 12 14 -0.16749 7 493 494
367 9 0 1 0 12 5 15 19 2 10 19 20 -0.075 -12 495 496
368 9 0 1 0 33 31 14 13 23 5 17 15 -0 21 497 498
369 9 1 0 4 1 4 0 0 3 1 371 
370 9 0 1 0 26 31 14 15 24 30 13 13 -0.0493421 -1 499 500
371 9 1 0 5 1 4 0 1 0 4 375 
372 9 0 1 0 19 8 19 15 23 30 13 18 -0.111709 12 501 502
373 9 0 1 0 5 8 14 17 31 12 16 14 -0.105769 -45 503 504
374 9 1 0 7 1 4 0 6 1 0 412 
375 9 1 0 12 1 4 0 0 0 12 420 
376 9 1 0 2 1 4 0 2 0 0 421 
377 9 1 0 2 1 4 0 0 2 0 424 
378 9 1 0 15 1 4 15 0 0 0 425 
379 9 1 0 2 1 4 0 0 1 1 426 
380 9 0 1 0 21 20 19 16 21 14 12 13 -0.072 -4 505 506
381 9 1 0 8 1 4 1 0 1 6 439 
382 9 0 1 0 17 28 17 13 12 19 15 16 -0.190909 38 507 508
383 9 0 1 0 3 26 12 13 31 10 12 14 -0.0512821 2 509 510
384 9 1 0 3 1 4 0 3 0 0 445 
385 9 1 0 4 1 4 1 1 0 2 446 
386 9 1 0 72 1 4 0 0 0 72 447 
387 9 1 0 2 1 4 1 1 0 0 454 
388 9 1 0 104 1 4 104 0 0 0 455 
389 9 1 0 4 1 4 0 1 0 3 464 
390 9 0 1 0 5 28 14 20 7 12 18 14 -0.172275 17 511 512
391 9 1 0 25 1 4 0 0 25 0 477 
392 9 1 0 3 1 4 0 0 0 3 478 
393 9 1 0 9 1 4 8 1 0 0 479 
394 9 0 1 0 31 1 13 14 1 15 20 17 -0.0217391 -38 513 514
395 9 0 1 0 2 12 13 12 29 24 13 12 -0 -1 515 516
396 9 0 1 0 10 4 15 15 2 5 18 13 -0.247896 2 517 518
397 9 1 0 4 1 4 3 1 0 0 489 
398 9 0 1 0 20 0 20 19 32 17 16 12 -0 -4 519 520
399 9 0 1 0 19 17 15 20 29 15 18 18 -0.372309 21 521 522
400 9 0 1 0 26 9 17 19 12 6 19 12 -0.0192308 9 523 524
401 9 1 0 6 1 4 0 0 0 6 502 
402 9 0 1 0 7 27 14 13 16 8 14 16 -0.0808081 6 525 526
403 9 1 0 4 1 4 0 2 1 1 505 
404 9 0 1 0 15 25 20 18 9 25 17 18 -0 6 527 528
405 9 1 0 5 1 4 5 0 0 0 509 
406 9 1 0 9 1 4 0 9 0 0 510 
407 9 1 0 2 1 4 0 0 1 1 514 
408 9 1 0 9 1 4 0 0 0 9 515 
409 9 1 0 2 1 4 0 0 1 1 517 
410 9 0 1 0 27 15 16 15 25 13 15 19 -0.185541 12 529 530
411 9 1 0 2 1 4 0 0 1 1 525 
412 9 1 0 10 1 4 0 0 0 10 526 
413 9 0 1 0 14 32 14 17 33 16 17 12 -0.0138889 16 531 532
414 9 1 0 9 1 4 1 8 0 0 529 
415 9 1 0 2 1 4 1 0 1 0 530 
416 9 0 1 0 22 17 19 13 30 25 17 12 -0.0472601 112 533 534
417 9 1 0 5 1 4 5 0 0 0 547 
418 9 0 1 0 30 20 15 13 29 18 18 13 -0.25 -12 535 536
419 9 1 0 6 1 4 0 6 0 0 556 
420 9 1 0 5 1 4 0 0 0 5 557 
421 9 0 1 0 5 23 14 18 4 17 12 18 -0.0590059 2 537 538
422 9 1 0 9 1 4 0 3 1 5 561 
423 9 1 0 10 1 4 0 10 0 0 563 
424 9 1 0 6 1 4 0 0 6 0 564 
425 10 1 0 6 1 4 0 1 1 4 3 
426 10 0 1 0 14 31 16 19 24 6 16 20 -0.151521 51 539 540
427 10 1 0 8 1 4 2 6 0 0 10 
428 10 0 1 0 3 8 17 14 30 35 12 13 -0.0151515 -15 541 542
429 10 0 1 0 27 11 12 12 9 28 17 15 -0.214286 -10 543 544
430 10 0 1 0 23 19 14 19 27 18 20 12 -0.140217 -8 545 546
431 10 0 1 0 4 26 14 18 28 30 13 15 -0.0573287 53 547 548
432 10 1 0 5 1 4 0 1 3 1 51 
433 10 1 0 2 1 4 0 0 1 1 52 
434 10 1 0 8 1 4 0 0 0 8 53 
435 10 1 0 6 1 4 1 0 0 5 54 
436 10 0 1 0 9 3 12 19 11 13 16 15 -0.145161 -2 549 550
437 10 1 0 10 1 4 10 0 0 0 59 
438 10 0 1 0 11 19 16 19 24 3 15 19 -0 -21 551 552
439 10 0 1 0 1 4 19 13 0 27 19 15 -0.14425 -14 553 554
440 10 0 1 0 6 21 13 18 13 35 12 17 -0.417253 -48 555 556
441 10 1 0 6 1 4 2 4 0 0 89 
442 10 1 0 8 1 4 0 0 0 8 90 
443 10 1 0 5 1 4 0 0 3 2 91 
444 10 0 1 0 17 11 17 13 12 28 15 18 -0.0542986 9 557 558
445 10 1 0 9 1 4 0 0 0 9 95 
446 10 1 0 2 1 4 0 1 0 1 96 
447 10 1 0 2 1 4 1 1 0 0 100 
448 10 1 0 8 1 4 8 0 0 0 101 
449 10 0 1 0 13 3 16 20 17 3 17 14 -0.00513831 4 559 560
450 10 1 0 3 1 4 2 0 0 1 106 
451 10 0 1 0 9 17 18 17 2 18 13 19 -0.0384615 9 561 562
452 10 0 1 0 26 22 19 17 15 9 12 20 -0 41 563 564
453 10 0 1 0 3 18 13 15 10 13 17 12 -0.098868 2 565 566
454 10 0 1 0 26 1 17 13 24 18 12 15 -0.267749 -35 567 568
455 10 1 0 2 1 4 0 2 0 0 154 
456 10 1 0 47 1 4 47 0 0 0 155 
457 10 1 0 2 1 4 0 0 0 2 156 
458 10 0 1 0 10 12 15 16 6 15 16 20 -0.226618 6 569 570
459 10 0 1 0 31 22 19 13 28 15 20 15 -0.0166667 -17 571 572
460 10 1 0 2 1 4 0 1 0 1 166 
461 10 1 0 3 1 4 1 2 0 0 168 
462 10 0 1 0 30 18 19 12 2 1 17 12 -0.275113 8 573 574
463 10 0 1 0 14 7 18 12 14 16 18 15 -0.0138889 -57 575 576
464 10 1 0 2 1 4 0 1 0 1 183 
465 10 1 0 6 1 4 6 0 0 0 185 
466 10 1 0 10 1 4 0 10 0 0 186 
467 10 0 1 0 16 4 20 12 12 4 18 14 -0.0131579 15 577 578
468 10 0 1 0 22 28 16 13 8 19 13 20 -0.207407 32 579 580
469 10 0 1 0 0 10 17 20 25 34 13 12 -0.157197 -71 581 582
470 10 1 0 4 1 4 0 0 0 4 199 
471 10 1 0 2 1 4 0 1 1 0 201 
472 10 1 0 14 1 4 0 0 0 14 202 
473 10 1 0 3 1 4 0 2 1 0 203 
474 10 1 0 36 1 4 0 0 36 0 204 
475 10 0 1 0 24 16 20 12 23 26 14 12 -0.0932696 25 583 584
476 10 1 0 5 1 4 0 1 4 0 221 
477 10 0 1 0 12 1 15 15 13 30 15 19 -0 -57 585 586
478 10 1 0 4 1 4 4 0 0 0 224 
479 10 1 0 3 1 4 1 0 1 1 231 
480 10 1 0 31 1 4 0 0 0 31 232 
481 10 0 1 0 10 12 17 16 2 4 14 18 -0.0689223 -7 587 588
482 10 1 0 3 1 4 0 0 0 3 242 
483 10 1 0 8 1 4 0 8 0 0 244 
484 10 1 0 2 1 4 1 1 0 0 245 
485 10 1 0 12 1 4 0 0 12 0 246 
486 10 1 0 3 1 4 0 3 0 0 247 
487 10 1 0 3 1 4 0 2 1 0 248 
488 10 0 1 0 19 29 15 16 28 15 20 12 -0.0125 91 589 590
489 10 0 1 0 18 24 14 13 3 19 14 20 -0.0892857 80 591 592
490 10 1 0 5 1 4 0 0 4 1 254 
491 10 1 0 7 1 4 4 0 0 3 259 
492 10 0 1 0 8 34 13 17 21 12 19 17 -0.1 32 593 594
493 10 0 1 0 31 11 13 16 1 32 15 12 -0.139443 12 595 596
494 10 0 1 0 20 21 18 13 15 16 12 18 -0.512136 -4 597 598
495 10 0 1 0 10 5 19 17 14 32 15 18 -0.05 -62 599 600
496 10 1 0 2 1 4 2 0 0 0 368 
497 10 1 0 4 1 4 0 4 0 0 369 
498 10 1 0 37 1 4 37 0 0 0 370 
499 10 0 1 0 9 34 13 15 8 2 17 19 -0.03125 137 601 602
500 10 1 0 3 1 4 3 0 0 0 374 
501 10 0 1 0 27 15 19 14 26 16 20 18 -0.101601 -14 603 604
502 10 1 0 2 1 4 0 0 0 2 408 
503 10 1 0 3 1 4 0 0 0 3 409 
504 10 0 1 0 29 27 17 13 27 29 12 14 -0 -3 605 606
505 10 1 0 5 1 4 4 1 0 0 427 
506 10 0 1 0 9 10 14 17 13 27 19 15 -0.0530081 -13 607 608
507 10 0 1 0 1 24 12 20 7 7 15 13 -0 1 609 610
508 10 1 0 2 1 4 0 0 0 2 442 
509 10 1 0 36 1 4 0 0 0 36 443 
510 10 1 0 3 1 4 0 1 1 1 444 
511 10 0 1 0 18 13 14 20 24 31 15 15 -0.129269 15 611 612
512 10 1 0 2 1 4 0 0 0 2 473 
513 10 1 0 2 1 4 0 1 1 0 480 
514 10 1 0 21 1 4 0 21 0 0 481 
515 10 1 0 30 1 4 0 0 30 0 482 
516 10 1 0 3 1 4 0 3 0 0 483 
517 10 0 1 0 1 28 18 12 4 29 12 17 -0.0159574 4 613 614
518 10 0 1 0 18 4 20 12 15 8 13 15 -0.318596 4 615 616
519 10 1 0 27 1 4 0 0 27 0 490 
520 10 1 0 4 1 4 0 4 0 0 491 
521 10 0 1 0 14 2 12 18 23 7 12 18 -0.168354 -68 617 618
522 10 1 0 4 1 4 2 1 1 0 497 
523 10 1 0 6 1 4 1 0 0 5 498 
524 10 1 0 384 1 4 0 0 0 384 499 
525 10 1 0 9 1 4 1 8 0 0 503 
526 10 1 0 2 1 4 0 0 0 2 504 
527 10 1 0 4 1 4 0 0 4 0 506 
528 10 1 0 56 1 4 0 0 0 56 507 
529 10 0 1 0 30 21 13 13 6 8 14 13 -0.125189 -5 619 620
530 10 1 0 4 1 4 0 3 0 1 523 
531 10 1 0 34 1 4 0 0 34 0 527 
532 10 1 0 2 1 4 0 1 1 0 528 
533 10 0 1 0 30 6 18 13 17 25 15 20 -0.0419477 -110 621 622
534 10 1 0 2 1 4 1 0 0 1 546 
535 10 1 0 2 1 4 1 0 0 1 548 
536 10 1 0 16 1 4 0 0 0 16 549 
537 10 1 0 2 1 4 0 1 0 1 558 
538 10 0 1 0 2 7 19 19 13 5 12 16 -0.020202 9 623 624
539 11 1 0 9 1 4 9 0 0 0 4 
540 11 0 1 0 13 1 18 13 12 1 19 19 -0.0421123 -11 625 626
541 11 1 0 31 1 4 31 0 0 0 11 
542 11 1 0 2 1 4 1 1 0 0 12 
543 11 0 1 0 23 19 14 19 27 18 20 12 -0 2 627 628
544 11 1 0 2 1 4 2 0 0 0 17 
545 11 1 0 8 1 4 0 5 3 0 18 
546 11 0 1 0 17 27 18 15 15 20 16 16 -0.0513988 19 629 630
547 11 0 1 0 27 29 18 13 18 17 19 18 -0.0510107 34 631 632
548 11 1 0 2 1 4 0 0 0 2 50 
549 11 1 0 29 1 4 29 0 0 0 55 
550 11 1 0 2 1 4 1 0 0 1 56 
551 11 1 0 2 1 4 2 0 0 0 60 
552 11 1 0 16 1 4 0 16 0 0 61 
553 11 0 1 0 25 13 12 16 11 22 17 17 -0.0333333 13 633 634
554 11 0 1 0 4 27 18 17 3 21 12 16 -0.119573 20 635 636
555 11 0 1 0 5 25 12 20 7 7 14 19 -0.205882 12 637 638
556 11 0 1 0 10 27 19 16 11 29 15 16 -0.171893 1 639 640
557 11 1 0 4 1 4 4 0 0 0 92 
558 11 0 1 0 8 26 14 15 23 14 15 17 -0.0384615 -16 641 642
559 11 0 1 0 32 33 13 13 27 27 15 19 -0.0014881 -12 643 644
560 11 1 0 4 1 4 1 3 0 0 105 
561 11 1 0 2 1 4 0 1 1 0 107 
562 11 1 0 11 1 4 0 11 0 0 108 
563 11 1 0 14 1 4 14 0 0 0 109 
564 11 1 0 4 1 4 0 4 0 0 110 
565 11 0 1 0 34 25 18 13 31 23 18 14 -0.0918258 3 645 646
566 11 1 0 3 1 4 0 0 0 3 146 
567 11 0 1 0 27 28 14 13 24 23 19 19 -0.175699 5 647 648
568 11 0 1 0 1 23 16 14 26 34 12 20 -0.106996 -33 649 650
569 11 0 1 0 31 14 20 12 17 7 15 20 -0 -6 651 652
570 11 0 1 0 28 19 14 12 27 16 13 12 -0.153846 -11 653 654
571 11 1 0 2 1 4 1 1 0 0 164 
572 11 1 0 28 1 4 0 28 0 0 165 
573 11 1 0 5 1 4 0 4 0 1 169 
574 11 0 1 0 23 6 17 17 27 29 12 12 -0 -40 655 656
575 11 1 0 2 1 4 0 0 1 1 181 
576 11 1 0 34 1 4 0 0 0 34 182 
577 11 1 0 2 1 4 0 1 1 0 191 
578 11 1 0 36 1 4 36 0 0 0 192 
579 11 1 0 3 1 4 3 0 0 0 193 
580 11 0 1 0 13 27 13 14 3 4 15 14 -0.133333 100 657 658
581 11 0 1 0 17 21 16 15 4 9 12 18 -0 102 659 660
582 11 1 0 2 1 4 0 0 1 1 198 
583 11 0 1 0 2 10 16 20 1 0 18 16 -0.0640237 59 661 662
584 11 1 0 2 1 4 0 0 1 1 220 
585 11 1 0 11 1 4 0 11 0 0 222 
586 11 1 0 2 1 4 0 0 2 0 223 
587 11 1 0 2 1 4 0 0 1 1 239 
588 11 0 1 0 30 27 19 13 14 27 20 12 -0.0263158 48 663 664
589 11 1 0 38 1 4 38 0 0 0 249 
590 11 1 0 2 1 4 1 1 0 0 250 
591 11 0 1 0 13 17 17 18 21 1 18 18 -0.0357143 53 665 666
592 11 1 0 2 1 4 0 1 1 0 253 
593 11 1 0 5 1 4 1 1 2 1 260 
594 11 1 0 47 1 4 0 0 0 47 261 
595 11 0 1 0 23 28 14 18 23 34 13 19 -0.129163 11 667 668
596 11 0 1 0 9 29 15 16 9 25 13 12 -0.208381 10 669 670
597 11 1 0 9 1 4 0 0 0 9 353 
598 11 0 1 0 4 16 20 18 20 7 20 15 -0.397956 0 671 672
599 11 1 0 8 1 4 0 8 0 0 366 
600 11 1 0 2 1 4 0 1 1 0 367 
601 11 1 0 14 1 4 0 14 0 0 372 
602 11 1 0 2 1 4 0 1 1 0 373 
603 11 1 0 3 1 4 0 0 1 2 376 
604 11 0 1 0 19 10 13 13 11 11 16 15 -0.093943 5 673 674
605 11 1 0 2 1 4 0 2 0 0 410 
606 11 1 0 11 1 4 0 0 11 0 411 
607 11 0 1 0 5 12 16 16 2 22 18 12 -0.03541 -1 675 676
608 11 1 0 4 1 4 3 1 0 0 432 
609 11 1 0 6 1 4 0 6 0 0 440 
610 11 1 0 14 1 4 14 0 0 0 441 
611 11 0 1 0 21 18 19 19 23 27 19 14 -0.0996244 0 677 678
612 11 1 0 8 1 4 8 0 0 0 472 
613 11 1 0 43 1 4 0 0 0 43 484 
614 11 1 0 4 1 4 0 0 3 1 485 
615 11 1 0 6 1 4 1 2 3 0 486 
616 11 0 1 0 25 24 17 19 19 22 19 18 -0 -10 679 680
617 11 1 0 4 1 4 2 1 0 1 493 
618 11 0 1 0 24 7 13 18 14 22 14 15 -0.0142627 -55 681 682
619 11 1 0 2 1 4 0 1 1 0 518 
620 11 0 1 0 32 12 14 13 29 28 17 14 -0.0817647 30 683 684
621 11 1 0 6 1 4 0 3 0 3 531 
622 11 0 1 0 10 29 17 16 17 10 18 20 -0.0366387 -12 685 686
623 11 1 0 97 1 4 0 0 0 97 559 
624 11 1 0 2 1 4 0 1 0 1 560 
625 12 1 0 4 1 4 0 0 0 4 5 
626 12 0 1 0 13 27 16 19 35 15 20 12 -0.0278764 33 687 688
627 12 1 0 6 1 4 0 0 6 0 15 
628 12 1 0 6 1 4 0 0 0 6 16 
629 12 0 1 0 14 0 20 15 4 30 15 19 -0.00943396 2 689 690
630 12 1 0 5 1 4 1 3 1 0 21 
631 12 0 1 0 31 34 12 15 13 7 19 20 -0.0361171 81 691 692
632 12 0 1 0 25 10 17 14 11 10 18 18 -0.151014 -73 693 694
633 12 1 0 13 1 4 13 0 0 0 73 
634 12 1 0 2 1 4 1 1 0 0 74 
635 12 0 1 0 6 1 19 17 20 30 17 19 -0.0875969 -16 695 696
636 12 1 0 2 1 4 0 0 1 1 81 
637 12 0 1 0 10 32 15 13 10 26 13 20 -0.0514706 2 697 698
638 12 1 0 3 1 4 0 0 0 3 84 
639 12 0 1 0 23 28 18 15 5 25 16 20 -0.0259259 62 699 700
640 12 1 0 7 1 4 2 3 0 2 88 
641 12 1 0 11 1 4 0 11 0 0 93 
642 12 1 0 2 1 4 0 1 1 0 94 
643 12 1 0 2 1 4 1 1 0 0 103 
644 12 1 0 334 1 4 334 0 0 0 104 
645 12 0 1 0 26 13 12 13 9 13 18 12 -0.0818919 117 701 702
646 12 0 1 0 25 23 20 12 20 22 15 18 -0.0227273 9 703 704
647 12 1 0 4 1 4 3 1 0 0 147 
648 12 0 1 0 0 28 14 17 0 14 14 19 -0.0909091 6 705 706
649 12 0 1 0 7 15 12 13 6 30 14 18 -0 20 707 708
650 12 1 0 9 1 4 1 7 1 0 152 
651 12 1 0 17 1 4 17 0 0 0 157 
652 12 1 0 4 1 4 0 4 0 0 158 
653 12 1 0 5 1 4 5 0 0 0 159 
654 12 0 1 0 32 14 17 14 17 18 16 15 -0.113971 -56 709 710
655 12 1 0 2 1 4 0 2 0 0 170 
656 12 1 0 32 1 4 0 0 0 32 171 
657 12 1 0 2 1 4 0 1 0 1 194 
658 12 1 0 13 1 4 0 13 0 0 195 
659 12 1 0 18 1 4 0 18 0 0 196 
660 12 1 0 4 1 4 4 0 0 0 197 
661 12 0 1 0 19 8 19 15 0 24 15 13 -0.0437826 -30 711 712
662 12 1 0 2 1 4 0 0 2 0 219 
663 12 1 0 17 1 4 0 0 17 0 240 
664 12 1 0 2 1 4 0 1 1 0 241 
665 12 1 0 2 1 4 1 1 0 0 251 
666 12 1 0 12 1 4 0 12 0 0 252 
667 12 0 1 0 15 8 13 20 12 11 18 13 -0.124749 18 713 714
668 12 0 1 0 9 28 14 12 5 31 13 18 -0.0430622 8 715 716
669 12 0 1 0 1 14 18 13 14 27 18 19 -0 -19 717 718
670 12 0 1 0 19 0 20 18 17 7 14 19 -0.0722973 5 719 720
671 12 1 0 8 1 4 0 1 2 5 354 
672 12 0 1 0 14 23 18 17 13 5 18 15 -0.266184 39 721 722
673 12 0 1 0 33 9 16 13 32 7 12 13 -0.0874167 -7 723 724
674 12 1 0 8 1 4 7 1 0 0 407 
675 12 1 0 2 1 4 0 0 2 0 428 
676 12 0 1 0 21 10 13 16 22 10 20 13 -0.026326 5 725 726
677 12 0 1 0 22 28 15 19 22 21 20 14 -0.0660437 9 727 728
678 12 1 0 3 1 4 0 0 2 1 471 
679 12 1 0 11 1 4 0 0 0 11 487 
680 12 1 0 8 1 4 0 0 8 0 488 
681 12 1 0 6 1 4 0 0 6 0 494 
682 12 0 1 0 11 18 18 14 0 17 15 14 -0.00793651 -12 729 730
683 12 0 1 0 19 1 12 18 1 25 19 14 -0.0195918 63 731 732
684 12 1 0 2 1 4 1 0 0 1 522 
685 12 1 0 2 1 4 1 0 0 1 532 
686 12 0 1 0 3 32 14 14 0 28 14 17 -0.0322857 -3 733 734
687 13 1 0 4 1 4 3 1 0 0 6 
688 13 0 1 0 16 5 14 17 22 17 19 19 -0.017124 9 735 736
689 13 1 0 51 1 4 51 0 0 0 19 
690 13 1 0 2 1 4 1 1 0 0 20 
691 13 0 1 0 16 29 16 14 23 32 15 15 -0.0325549 -34 737 738
692 13 1 0 6 1 4 1 2 3 0 44 
693 13 0 1 0 6 29 12 15 24 3 14 12 -0.0185185 49 739 740
694 13 0 1 0 20 25 17 19 8 20 17 13 -0.0805322 34 741 742
695 13 0 1 0 12 8 16 16 20 26 14 19 -0.0501434 14 743 744
696 13 1 0 6 1 4 5 1 0 0 80 
697 13 1 0 9 1 4 0 9 0 0 82 
698 13 1 0 8 1 4 7 1 0 0 83 
699 13 0 1 0 30 33 13 13 24 32 13 14 -0.0198413 -30 745 746
700 13 1 0 3 1 4 0 3 0 0 87 
701 13 0 1 0 1 18 12 15 0 12 20 12 -0.0763782 -3 747 748
702 13 1 0 2 1 4 0 0 0 2 142 
703 13 0 1 0 3 26 17 19 33 19 15 12 -0.0227273 -4 749 750
704 13 1 0 20 1 4 0 20 0 0 145 
705 13 1 0 20 1 4 0 20 0 0 148 
706 13 1 0 2 1 4 0 1 0 1 149 
707 13 1 0 25 1 4 25 0 0 0 150 
708 13 1 0 2 1 4 0 2 0 0 151 
709 13 0 1 0 18 22 12 18 21 13 16 12 -0.0208333 -6 751 752
710 13 1 0 2 1 4 0 1 0 1 162 
711 13 1 0 8 1 4 1 7 0 0 213 
712 13 0 1 0 14 35 12 20 22 29 12 13 -0.0304522 0 753 754
713 13 0 1 0 17 25 15 18 20 20 20 15 -0.113725 -3 755 756
714 13 0 1 0 15 11 15 18 4 31 16 17 -0.0909091 -82 757 758
715 13 0 1 0 7 10 17 15 8 11 13 16 -0.0263158 5 759 760
716 13 1 0 3 1 4 0 0 3 0 347 
717 13 1 0 3 1 4 0 3 0 0 348 
718 13 1 0 11 1 4 0 0 11 0 349 
719 13 0 1 0 21 0 13 16 11 0 16 15 -0 9 761 762
720 13 1 0 5 1 4 0 1 4 0 352 
721 13 0 1 0 15 24 16 15 14 19 15 14 -0 13 763 764
722 13 0 1 0 22 28 16 12 7 2 13 15 -0.197944 52 765 766
723 13 1 0 5 1 4 0 1 3 1 377 
724 13 0 1 0 15 35 12 18 9 7 14 20 -0.0802845 13 767 768
725 13 0 1 0 2 0 16 17 6 0 20 12 -0.00367647 4 769 770
726 13 1 0 3 1 4 0 2 0 1 431 
727 13 0 1 0 22 32 13 16 18 9 17 19 -0.0540335 0 771 772
728 13 1 0 5 1 4 5 0 0 0 470 
729 13 1 0 2 1 4 0 0 1 1 495 
730 13 1 0 61 1 4 0 0 0 61 496 
731 13 0 1 0 2 13 20 13 1 16 19 12 -0 -14 773 774
732 13 1 0 2 1 4 0 2 0 0 521 
733 13 1 0 4 1 4 1 0 1 2 533 
734 13 0 1 0 3 29 12 12 3 16 19 18 -0.0280565 -20 775 776
735 14 0 1 0 15 19 15 19 23 24 14 17 -0.00406504 30 777 778
736 14 1 0 5 1 4 2 3 0 0 9 
737 14 0 1 0 19 11 14 17 7 14 13 19 -0 75 779 780
738 14 0 1 0 22 2 17 18 23 1 14 19 -0.0287267 -5 781 782
739 14 1 0 2 1 4 1 1 0 0 45 
740 14 1 0 25 1 4 25 0 0 0 46 
741 14 1 0 4 1 4 0 0 3 1 47 
742 14 0 1 0 18 13 18 20 18 10 17 14 -0.0294118 7 783 784
743 14 0 1 0 10 13 14 17 1 6 17 20 -0.0304882 10 785 786
744 14 1 0 2 1 4 0 0 1 1 79 
745 14 1 0 7 1 4 5 2 0 0 85 
746 14 1 0 65 1 4 65 0 0 0 86 
747 14 1 0 3 1 4 0 0 1 2 112 
748 14 0 1 0 24 26 14 20 17 6 15 17 -0.0731544 -10 787 788
749 14 1 0 2 1 4 1 1 0 0 143 
750 14 1 0 20 1 4 20 0 0 0 144 
751 14 1 0 3 1 4 2 1 0 0 160 
752 14 1 0 29 1 4 0 29 0 0 161 
753 14 0 1 0 15 31 16 13 22 6 15 16 -0.0880952 35 789 790
754 14 0 1 0 27 28 19 17 29 26 12 12 -0.00211864 -8 791 792
755 14 0 1 0 23 10 16 20 20 8 18 16 -0.160428 -2 793 794
756 14 0 1 0 27 11 17 17 10 8 12 13 -0.106941 -5 795 796
757 14 1 0 4 1 4 0 0 2 2 343 
758 14 1 0 7 1 4 7 0 0 0 344 
759 14 1 0 17 1 4 0 0 0 17 345 
760 14 1 0 2 1 4 0 0 1 1 346 
761 14 1 0 30 1 4 0 0 0 30 350 
762 14 1 0 2 1 4 0 0 2 0 351 
763 14 1 0 12 1 4 12 0 0 0 355 
764 14 1 0 3 1 4 0 3 0 0 356 
765 14 1 0 3 1 4 0 0 1 2 357 
766 14 0 1 0 25 18 13 17 24 11 16 18 -0.138528 19 797 798
767 14 1 0 4 1 4 0 0 4 0 378 
768 14 0 1 0 19 29 18 12 10 6 12 17 -0.0742722 37 799 800
769 14 1 0 134 1 4 0 134 0 0 429 
770 14 1 0 2 1 4 1 1 0 0 430 
771 14 1 0 2 1 4 0 1 0 1 465 
772 14 0 1 0 18 15 19 13 18 29 18 18 -0.0259921 12 801 802
773 14 1 0 2 1 4 0 2 0 0 519 
774 14 1 0 96 1 4 96 0 0 0 520 
775 14 1 0 7 1 4 0 2 0 5 534 
776 14 0 1 0 6 22 15 16 25 13 15 15 -0.0242355 -105 803 804
777 15 1 0 121 1 4 0 121 0 0 7 
778 15 1 0 2 1 4 1 1 0 0 8 
779 15 1 0 10 1 4 0 10 0 0 22 
780 15 1 0 9 1 4 9 0 0 0 23 
781 15 1 0 2 1 4 0 1 1 0 24 
782 15 0 1 0 33 12 20 13 32 1 14 15 -0.0271427 68 805 806
783 15 1 0 15 1 4 0 15 0 0 48 
784 15 1 0 2 1 4 0 1 1 0 49 
785 15 1 0 2 1 4 0 0 2 0 75 
786 15 0 1 0 12 19 14 15 8 24 16 12 -0.0157398 12 807 808
787 15 0 1 0 2 24 14 19 12 15 20 17 -0.329912 -47 809 810
788 15 0 1 0 6 1 14 14 2 32 14 14 -0.044448 -21 811 812
789 15 0 1 0 0 19 15 20 7 13 12 15 -0.0357143 2 813 814
790 15 1 0 6 1 4 0 5 1 0 216 
791 15 1 0 2 1 4 1 1 0 0 217 
792 15 1 0 234 1 4 234 0 0 0 218 
793 15 0 1 0 27 31 14 16 11 12 16 18 -0 50 815 816
794 15 1 0 6 1 4 0 0 6 0 264 
795 15 0 1 0 35 27 15 12 30 24 12 13 -0.230866 8 817 818
796 15 0 1 0 8 26 15 20 14 23 13 17 -0.0889953 -22 819 820
797 15 0 1 0 8 28 15 19 17 15 19 12 -0.0697436 7 821 822
798 15 0 1 0 0 1 17 16 15 19 19 18 -0 -106 823 824
799 15 0 1 0 22 16 16 16 21 24 13 12 -0.0416667 -6 825 826
800 15 0 1 0 7 1 12 17 13 5 13 20 -0.0660161 8 827 828
801 15 0 1 0 0 33 13 12 4 14 18 13 -0.0172932 5 829 830
802 15 1 0 4 1 4 3 1 0 0 469 
803 15 1 0 5 1 4 1 0 0 4 535 
804 15 0 1 0 10 12 15 16 10 17 18 17 -0.01999 11 831 832
805 16 0 1 0 11 30 12 17 15 14 20 17 -0.0234208 37 833 834
806 16 1 0 5 1 4 3 0 2 0 43 
807 16 1 0 2 1 4 2 0 0 0 76 
808 16 0 1 0 19 16 18 18 17 13 17 13 -0.0116144 -23 835 836
809 16 0 1 0 11 6 15 17 13 8 14 14 -0.152579 -25 837 838
810 16 0 1 0 25 18 15 15 1 1 19 17 -0 -22 839 840
811 16 0 1 0 15 29 16 17 15 21 18 14 -0.0274725 4 841 842
812 16 0 1 0 29 26 12 17 26 13 17 13 -0.0385905 -31 843 844
813 16 1 0 2 1 4 1 1 0 0 214 
814 16 1 0 12 1 4 12 0 0 0 215 
815 16 1 0 6 1 4 6 0 0 0 262 
816 16 1 0 5 1 4 0 5 0 0 263 
817 16 0 1 0 5 21 15 20 9 5 19 15 -0.23652 40 845 846
818 16 0 1 0 24 22 20 12 21 25 13 17 -0.118469 15 847 848
819 16 1 0 3 1 4 2 1 0 0 276 
820 16 0 1 0 25 26 13 15 23 17 15 14 -0.0852714 -12 849 850
821 16 1 0 5 1 4 4 1 0 0 358 
822 16 0 1 0 5 13 20 17 13 29 15 17 -0.0321839 -76 851 852
823 16 1 0 4 1 4 0 4 0 0 362 
824 16 1 0 8 1 4 0 0 8 0 363 
825 16 0 1 0 8 13 15 13 22 6 14 18 -0.0416667 42 853 854
826 16 1 0 10 1 4 0 10 0 0 381 
827 16 0 1 0 18 30 13 19 9 21 16 19 -0.0562463 -37 855 856
828 16 0 1 0 9 13 16 14 4 30 14 16 -0.0267857 1 857 858
829 16 0 1 0 13 31 15 18 6 8 17 20 -0.0037594 1 859 860
830 16 1 0 7 1 4 2 5 0 0 468 
831 16 0 1 0 19 11 18 17 17 14 13 20 -0.0178509 12 861 862
832 16 1 0 4 1 4 0 1 0 3 545 
833 17 0 1 0 19 34 13 16 14 29 18 19 -0.0156524 27 863 864
834 17 0 1 0 26 28 13 14 27 25 20 20 -0.0699301 1 865 866
835 17 1 0 7 1 4 2 5 0 0 77 
836 17 1 0 116 1 4 0 116 0 0 78 
837 17 1 0 2 1 4 0 0 0 2 113 
838 17 0 1 0 16 0 17 14 26 23 14 15 -0.0790334 47 867 868
839 17 1 0 3 1 4 0 3 0 0 118 
840 17 1 0 7 1 4 0 0 0 7 119 
841 17 1 0 9 1 4 9 0 0 0 120 
842 17 0 1 0 6 5 14 20 14 7 13 15 -0.0192308 -14 869 870
843 17 1 0 7 1 4 0 5 0 2 123 
844 17 0 1 0 5 7 15 16 8 26 20 14 -0.0327916 -45 871 872
845 17 0 1 0 18 18 14 13 18 15 15 17 -0.120798 7 873 874
846 17 0 1 0 0 34 12 12 17 34 12 15 -0 1 875 876
847 17 0 1 0 13 14 16 12 8 22 19 15 -0.0902278 2 877 878
848 17 1 0 7 1 4 0 7 0 0 275 
849 17 0 1 0 7 29 17 18 27 23 20 15 -0.0454545 53 879 880
850 17 0 1 0 18 14 12 14 12 17 19 15 -0.0824904 9 881 882
851 17 1 0 2 1 4 0 0 2 0 359 
852 17 0 1 0 9 20 14 12 2 13 12 19 -0.0229885 63 883 884
853 17 1 0 2 1 4 1 1 0 0 379 
854 17 1 0 10 1 4 10 0 0 0 380 
855 17 1 0 3 1 4 3 0 0 0 382 
856 17 0 1 0 19 30 12 19 20 1 16 13 -0.0536572 27 885 886
857 17 1 0 8 1 4 0 0 8 0 404 
858 17 0 1 0 15 16 14 18 18 8 12 18 -0.0178571 14 887 888
859 17 1 0 2 1 4 0 1 1 0 466 
860 17 1 0 131 1 4 0 131 0 0 467 
861 17 0 1 0 6 26 12 12 9 23 13 14 -0.0110631 -38 889 890
862 17 0 1 0 28 14 16 14 16 21 14 18 -0.0238095 -49 891 892
863 18 0 1 0 0 30 17 18 1 28 15 18 -0.0139228 29 893 894
864 18 1 0 7 1 4 3 4 0 0 39 
865 18 1 0 2 1 4 0 0 0 2 40 
866 18 0 1 0 22 21 14 20 29 21 17 16 -0.0454545 3 895 896
867 18 0 1 0 8 27 15 17 3 35 12 16 -0.0146958 -1 897 898
868 18 1 0 3 1 4 0 1 0 2 117 
869 18 1 0 24 1 4 0 24 0 0 121 
870 18 1 0 2 1 4 1 1 0 0 122 
871 18 1 0 7 1 4 0 5 0 2 124 
872 18 0 1 0 2 25 16 13 7 3 16 13 -0.0271402 8 899 900
873 18 1 0 6 1 4 0 0 6 0 265 
874 18 0 1 0 12 27 12 17 5 23 14 18 -0 13 901 902
875 18 1 0 25 1 4 0 0 25 0 268 
876 18 1 0 5 1 4 0 5 0 0 269 
877 18 0 1 0 24 14 14 12 18 11 13 15 -0.0381824 -22 903 904
878 18 1 0 5 1 4 2 1 2 0 274 
879 18 1 0 9 1 4 0 0 0 9 277 
880 18 1 0 2 1 4 0 0 1 1 278 
881 18 0 1 0 18 34 13 20 5 25 17 19 -0.0755576 108 905 906
882 18 0 1 0 6 21 19 20 28 29 16 14 -0.140625 -11 907 908
883 18 1 0 52 1 4 0 52 0 0 360 
884 18 1 0 6 1 4 0 4 2 0 361 
885 18 1 0 2 1 4 0 1 0 1 383 
886 18 0 1 0 5 9 19 18 3 12 19 19 -0.0481946 10 909 910
887 18 1 0 2 1 4 0 1 1 0 405 
888 18 1 0 26 1 4 0 26 0 0 406 
889 18 1 0 7 1 4 1 0 0 6 536 
890 18 0 1 0 20 33 13 18 17 26 19 16 -0.00669922 13 911 912
891 18 1 0 2 1 4 1 1 0 0 543 
892 18 1 0 19 1 4 0 0 0 19 544 
893 19 0 1 0 33 30 17 13 23 30 16 19 -0.0127088 -51 913 914
894 19 1 0 4 1 4 1 3 0 0 38 
895 19 1 0 2 1 4 1 1 0 0 41 
896 19 1 0 9 1 4 9 0 0 0 42 
897 19 1 0 2 1 4 2 0 0 0 114 
898 19 0 1 0 24 7 18 12 11 13 16 16 -0.00769231 -86 915 916
899 19 0 1 0 27 27 17 14 24 15 15 13 -0.0246302 -5 917 918
900 19 1 0 2 1 4 0 1 0 1 141 
901 19 1 0 5 1 4 5 0 0 0 266 
902 19 1 0 23 1 4 0 23 0 0 267 
903 19 1 0 7 1 4 0 0 2 5 270 
904 19 0 1 0 9 19 14 16 7 25 17 14 -0.0149184 4 919 920
905 19 0 1 0 29 18 16 16 21 9 17 16 -0.0734819 -23 921 922
906 19 1 0 8 1 4 0 8 0 0 339 
907 19 0 1 0 30 10 19 12 25 5 16 13 -0 2 923 924
908 19 1 0 4 1 4 4 0 0 0 342 
909 19 0 1 0 30 3 14 16 24 4 17 17 -0.0446005 -32 925 926
910 19 1 0 4 1 4 3 1 0 0 403 
911 19 0 1 0 29 29 15 12 28 14 16 13 -0.00628996 10 927 928
912 19 1 0 2 1 4 0 0 1 1 542 
913 20 1 0 2 1 4 0 2 0 0 25 
914 20 0 1 0 3 0 14 12 2 30 14 13 -0.0118205 0 929 930
915 20 1 0 2 1 4 1 1 0 0 115 
916 20 1 0 63 1 4 0 63 0 0 116 
917 20 0 1 0 6 27 18 15 13 7 20 14 -0.0462963 -20 931 932
918 20 0 1 0 5 34 12 19 17 25 17 17 -0.0214301 -14 933 934
919 20 0 1 0 4 8 13 14 0 31 16 12 -0.010989 -127 935 936
920 20 1 0 2 1 4 0 2 0 0 273 
921 20 0 1 0 30 17 20 12 17 0 20 17 -0 24 937 938
922 20 0 1 0 0 32 14 13 7 11 18 13 -0.069903 -1 939 940
923 20 1 0 9 1 4 0 0 9 0 340 
924 20 1 0 3 1 4 0 3 0 0 341 
925 20 1 0 2 1 4 0 1 0 1 384 
926 20 0 1 0 13 17 20 18 8 15 19 14 -0.0391294 55 941 942
927 20 0 1 0 4 19 20 13 3 24 20 12 -0.00424204 1 943 944
928 20 0 1 0 8 28 19 15 20 16 13 13 -0.142857 -9 945 946
929 21 0 1 0 0 33 13 14 17 8 15 15 -0.0109289 51 947 948
930 21 1 0 2 1 4 0 2 0 0 37 
931 21 1 0 12 1 4 0 12 0 0 125 
932 21 1 0 6 1 4 5 1 0 0 126 
933 21 0 1 0 12 24 20 12 15 31 16 16 -0.0196584 -4 949 950
934 21 1 0 9 1 4 3 6 0 0 140 
935 21 1 0 7 1 4 0 2 5 0 271 
936 21 1 0 123 1 4 0 0 123 0 272 
937 21 1 0 8 1 4 0 0 0 8 279 
938 21 1 0 3 1 4 0 0 3 0 280 
939 21 0 1 0 25 32 14 16 28 32 12 14 -0.1 4 951 952
940 21 0 1 0 20 7 12 12 24 10 17 20 -0.0631637 26 953 954
941 21 0 1 0 31 22 12 12 21 23 18 13 -0.0325515 0 955 956
942 21 1 0 2 1 4 0 1 0 1 402 
943 21 1 0 1750 1 4 0 0 0 1750 537 
944 21 0 1 0 16 9 20 19 15 15 15 12 -0.0589102 -33 957 958
945 21 1 0 2 1 4 0 1 0 1 540 
946 21 1 0 12 1 4 0 0 0 12 541 
947 22 0 1 0 29 27 14 13 31 30 15 15 -0.010491 10 959 960
948 22 1 0 2 1 4 0 2 0 0 36 
949 22 0 1 0 27 16 12 20 27 19 15 17 -0.0166242 -1 961 962
950 22 1 0 8 1 4 0 7 0 1 139 
951 22 0 1 0 21 0 15 19 1 8 13 17 -0.0659091 -75 963 964
952 22 0 1 0 1 0 12 12 13 18 20 17 -0.0798611 -2 965 966
953 22 0 1 0 18 16 13 12 20 18 18 15 -0.0596227 13 967 968
954 22 1 0 6 1 4 2 2 2 0 338 
955 22 0 1 0 32 24 17 14 27 33 13 15 -0.0294918 -11 969 970
956 22 1 0 3 1 4 3 0 0 0 401 
957 22 1 0 7 1 4 0 2 0 5 538 
958 22 1 0 90 1 4 0 0 0 90 539 
959 23 0 1 0 5 21 20 17 15 6 13 14 -0.00976397 14 971 972
960 23 1 0 4 1 4 2 2 0 0 35 
961 23 0 1 0 29 31 16 12 33 33 12 12 -0.0136499 -7 973 974
962 23 1 0 7 1 4 0 6 0 1 138 
963 23 1 0 2 1 4 0 1 1 0 281 
964 23 0 1 0 8 18 15 13 9 16 19 12 -0.025 -2 975 976
965 23 0 1 0 23 5 12 13 19 32 13 14 -0.03125 -104 977 978
966 23 1 0 2 1 4 1 1 0 0 286 
967 23 0 1 0 10 24 15 16 3 29 18 13 -0.0564993 40 979 980
968 23 1 0 3 1 4 1 2 0 0 337 
969 23 0 1 0 4 32 15 12 2 29 15 17 -0.023375 7 981 982
970 23 0 1 0 27 3 15 17 28 29 13 18 -0 -91 983 984
971 24 0 1 0 22 23 20 15 17 10 19 20 -0.00118337 46 985 986
972 24 0 1 0 18 2 16 13 1 27 18 13 -0.0956947 -8 987 988
973 24 1 0 2 1 4 1 1 0 0 127 
974 24 0 1 0 18 13 15 12 11 6 20 18 -0.0128882 69 989 990
975 24 1 0 2 1 4 0 0 1 1 282 
976 24 1 0 18 1 4 0 0 18 0 283 
977 24 1 0 2 1 4 0 1 1 0 284 
978 24 1 0 14 1 4 0 14 0 0 285 
979 24 0 1 0 18 21 14 20 24 19 16 12 -0.0540875 -17 991 992
980 24 0 1 0 22 4 18 20 27 4 15 13 -0 8 993 994
981 24 0 1 0 13 17 18 13 18 12 13 19 -0.0144457 108 995 996
982 24 0 1 0 26 29 16 20 27 24 12 16 -0.088 41 997 998
983 24 1 0 7 1 4 0 7 0 0 399 
984 24 1 0 5 1 4 0 0 5 0 400 
985 25 0 1 0 28 22 17 17 5 26 15 12 -0.00091648 81 999 1000
986 25 1 0 2 1 4 1 1 0 0 31 
987 25 0 1 0 6 19 19 13 6 10 14 17 -0.00714286 35 1001 1002
988 25 1 0 3 1 4 1 0 0 2 34 
989 25 0 1 0 20 8 18 13 24 25 14 13 -0.0122532 5 1003 1004
990 25 1 0 2 1 4 1 1 0 0 137 
991 25 1 0 5 1 4 0 0 0 5 287 
992 25 0 1 0 18 4 17 20 35 31 14 12 -0.0521121 -1 1005 1006
993 25 1 0 9 1 4 0 0 0 9 335 
994 25 1 0 2 1 4 0 0 2 0 336 
995 25 0 1 0 8 12 17 14 5 12 15 19 -0.0119521 -1 1007 1008
996 25 1 0 4 1 4 2 2 0 0 394 
997 25 0 1 0 16 15 12 18 5 18 13 20 -0.0382609 2 1009 1010
998 25 1 0 5 1 4 5 0 0 0 398 
999 26 0 1 0 6 23 16 19 12 27 17 12 -0.000454814 -46 1011 1012
1000 26 0 1 0 17 10 13 14 0 1 18 14 -0.0333333 94 1013 1014
1001 26 1 0 68 1 4 68 0 0 0 32 
1002 26 1 0 2 1 4 1 1 0 0 33 
1003 26 0 1 0 32 27 18 14 32 29 18 15 -0.0113627 -12 1015 1016
1004 26 1 0 3 1 4 1 2 0 0 136 
1005 26 0 1 0 0 31 15 12 18 8 14 17 -0.0507422 6 1017 1018
1006 26 1 0 7 1 4 0 0 1 6 334 
1007 26 1 0 5 1 4 2 3 0 0 385 
1008 26 0 1 0 30 24 17 13 31 24 18 13 -0.00953236 -1 1019 1020
1009 26 0 1 0 14 3 14 18 16 28 19 19 -0.0217391 -59 1021 1022
1010 26 1 0 2 1 4 2 0 0 0 397 
1011 27 0 1 0 5 22 19 20 25 8 20 18 -0.0238095 16 1023 1024
1012 27 1 0 2073 1 4 2073 0 0 0 28 
1013 27 1 0 2 1 4 1 1 0 0 29 
1014 27 1 0 13 1 4 13 0 0 0 30 
1015 27 1 0 2 1 4 1 1 0 0 128 
1016 27 0 1 0 16 32 13 18 16 27 19 16 -0.0107203 -9 1025 1026
1017 27 0 1 0 17 26 15 15 30 31 14 17 -0.146902 26 1027 1028
1018 27 0 1 0 18 19 17 13 12 26 15 19 -0.0441596 6 1029 1030
1019 27 0 1 0 18 6 15 15 22 9 15 20 -0.045977 4 1031 1032
1020 27 0 1 0 29 26 20 15 29 28 13 13 -0.00449349 16 1033 1034
1021 27 1 0 21 1 4 0 21 0 0 395 
1022 27 1 0 2 1 4 1 1 0 0 396 
1023 28 1 0 19 1 4 19 0 0 0 26 
1024 28 1 0 2 1 4 1 1 0 0 27 
1025 28 1 0 3 1 4 1 2 0 0 129 
1026 28 0 1 0 25 19 18 18 26 14 12 20 -0.0100356 16 1035 1036
1027 28 0 1 0 21 3 17 16 2 7 15 14 -0.113217 -4 1037 1038
1028 28 1 0 5 1 4 0 0 0 5 294 
1029 28 0 1 0 13 9 20 17 33 29 18 13 -0.0409531 -2 1039 1040
1030 28 1 0 4 1 4 2 0 2 0 333 
1031 28 1 0 23 1 4 0 23 0 0 386 
1032 28 1 0 6 1 4 4 2 0 0 387 
1033 28 0 1 0 5 31 12 17 6 28 19 13 -0.00297211 -9 1041 1042
1034 28 0 1 0 9 22 20 15 13 31 13 20 -0.0454545 -12 1043 1044
1035 29 0 1 0 22 31 13 18 1 23 17 15 -0.0761905 78 1045 1046
1036 29 0 1 0 2 17 18 12 1 19 12 17 -0.00402138 2 1047 1048
1037 29 1 0 8 1 4 0 0 2 6 288 
1038 29 0 1 0 19 24 12 14 20 28 18 18 -0.0775097 -56 1049 1050
1039 29 0 1 0 0 29 18 14 4 11 15 15 -0.039909 6 1051 1052
1040 29 1 0 4 1 4 0 4 0 0 332 
1041 29 1 0 9 1 4 1 8 0 0 388 
1042 29 0 1 0 26 32 15 20 28 31 14 14 -0.00150348 9 1053 1054
1043 29 1 0 2 1 4 1 1 0 0 392 
1044 29 1 0 9 1 4 0 9 0 0 393 
1045 30 1 0 58 1 4 0 58 0 0 130 
1046 30 1 0 5 1 4 0 3 0 2 131 
1047 30 0 1 0 18 18 18 15 15 19 14 20 -0.00328704 18 1055 1056
1048 30 1 0 7 1 4 1 6 0 0 135 
1049 30 1 0 4 1 4 0 0 1 3 289 
1050 30 0 1 0 26 16 18 18 14 14 12 14 -0.0426471 -4 1057 1058
1051 30 0 1 0 15 21 16 16 15 23 18 16 -0.0274725 -14 1059 1060
1052 30 0 1 0 33 27 13 13 27 4 12 14 -0.0366291 -12 1061 1062
1053 30 1 0 609 1 4 0 609 0 0 389 
1054 30 0 1 0 18 17 15 19 0 18 14 14 -0.0294118 18 1063 1064
1055 31 1 0 1128 1 4 0 1128 0 0 132 
1056 31 0 1 0 13 31 15 20 11 29 13 19 -0.0277778 13 1065 1066
1057 31 1 0 2 1 4 0 0 0 2 290 
1058 31 0 1 0 1 18 12 20 21 9 18 16 -0.0321195 3 1067 1068
1059 31 1 0 9 1 4 0 9 0 0 295 
1060 31 0 1 0 18 8 16 16 19 21 16 14 -0.0192308 2 1069 1070
1061 31 1 0 2 1 4 0 0 0 2 298 
1062 31 0 1 0 14 25 17 16 11 28 16 18 -0.0333073 10 1071 1072
1063 31 1 0 15 1 4 0 15 0 0 390 
1064 31 1 0 2 1 4 1 1 0 0 391 
1065 32 1 0 2 1 4 0 1 0 1 133 
1066 32 1 0 70 1 4 0 70 0 0 134 
1067 32 0 1 0 25 33 14 20 24 30 14 18 -0.00793651 22 1073 1074
1068 32 1 0 5 1 4 0 2 3 0 293 
1069 32 1 0 24 1 4 0 0 24 0 296 
1070 32 1 0 2 1 4 0 1 1 0 297 
1071 32 0 1 0 19 16 14 18 26 16 20 14 -0.0320503 17 1075 1076
1072 32 1 0 2 1 4 2 0 0 0 331 
1073 33 1 0 61 1 4 0 0 61 0 291 
1074 33 1 0 2 1 4 0 0 1 1 292 
1075 33 0 1 0 20 13 12 13 18 11 20 16 -0.0302051 12 1077 1078
1076 33 1 0 3 1 4 0 0 0 3 330 
1077 34 0 1 0 2 22 20 13 27 8 15 16 -0.0289085 -14 1079 1080
1078 34 1 0 2 1 4 1 1 0 0 329 
1079 35 1 0 6 1 4 2 0 4 0 299 
1080 35 0 1 0 34 35 12 12 28 30 12 16 -0.0254315 -45 1081 1082
1081 36 1 0 3 1 4 0 0 0 3 300 
1082 36 0 1 0 24 17 13 14 21 19 16 15 -0.0246031 13 1083 1084
1083 37 0 1 0 19 17 19 16 23 16 15 13 -0.0237842 -7 1085 1086
1084 37 1 0 2 1 4 0 0 0 2 328 
1085 38 1 0 2 1 4 1 0 1 0 301 
1086 38 0 1 0 25 15 19 20 25 15 13 18 -0.0223744 -8 1087 1088
1087 39 1 0 3 1 4 0 0 1 2 302 
1088 39 0 1 0 6 1 13 19 35 29 17 12 -0.0217035 0 1089 1090
1089 40 0 1 0 4 17 17 20 9 13 17 18 -0.0208755 -6 1091 1092
1090 40 1 0 4 1 4 0 2 2 0 327 
1091 41 1 0 4 1 4 0 0 2 2 303 
1092 41 0 1 0 17 26 12 17 23 29 16 13 -0.0199242 7 1093 1094
1093 42 0 1 0 35 26 15 12 26 9 18 20 -0.0184857 -2 1095 1096
1094 42 1 0 3 1 4 1 0 2 0 326 
1095 43 0 1 0 30 25 15 12 27 21 12 13 -0.0347826 1 1097 1098
1096 43 0 1 0 1 30 17 16 20 16 20 15 -0.01688 -32 1099 1100
1097 44 1 0 18 1 4 0 0 18 0 304 
1098 44 1 0 5 1 4 0 0 1 4 305 
1099 44 1 0 5 1 4 0 0 3 2 306 
1100 44 0 1 0 19 8 18 15 33 33 14 13 -0.0159839 -44 1101 1102
1101 45 0 1 0 17 3 17 20 34 15 14 13 -0.00528599 27 1103 1104
1102 45 0 1 0 25 18 12 12 17 14 19 20 -0.0719252 10 1105 1106
1103 46 0 1 0 20 11 15 13 28 29 16 15 -0.00478805 -149 1107 1108
1104 46 1 0 2 1 4 0 0 1 1 317 
1105 46 0 1 0 16 20 17 14 14 24 14 20 -0.0584234 3 1109 1110
1106 46 1 0 5 1 4 1 2 2 0 325 
1107 47 1 0 2 1 4 0 1 1 0 307 
1108 47 0 1 0 11 25 15 20 13 23 19 13 -0.0042886 -16 1111 1112
1109 47 0 1 0 19 11 15 13 19 35 12 12 -0.0465872 -87 1113 1114
1110 47 1 0 2 1 4 1 0 1 0 324 
1111 48 1 0 2 1 4 0 1 1 0 308 
1112 48 0 1 0 11 7 17 14 3 26 19 16 -0.00378762 -1 1115 1116
1113 48 0 1 0 7 24 20 18 5 22 12 14 -0.0779101 30 1117 1118
1114 48 0 1 0 33 9 18 12 10 2 19 20 -0.0254879 -6 1119 1120
1115 49 0 1 0 33 30 17 12 7 26 18 19 -0.00328512 116 1121 1122
1116 49 1 0 2 1 4 0 1 1 0 316 
1117 49 1 0 8 1 4 0 7 1 0 318 
1118 49 0 1 0 29 25 16 17 28 15 16 13 -0 22 1123 1124
1119 49 0 1 0 30 34 13 14 17 26 12 12 -0 3 1125 1126
1120 49 1 0 261 1 4 0 0 261 0 323 
1121 50 0 1 0 3 33 13 18 12 28 12 13 -0.00278314 -36 1127 1128
1122 50 1 0 2 1 4 0 1 1 0 315 
1123 50 1 0 25 1 4 0 0 25 0 319 
1124 50 1 0 2 1 4 0 2 0 0 320 
1125 50 1 0 16 1 4 0 0 16 0 321 
1126 50 1 0 2 1 4 2 0 0 0 322 
1127 51 1 0 2 1 4 0 0 1 1 309 
1128 51 0 1 0 9 23 16 12 8 23 13 17 -0.00236407 -12 1129 1130
1129 52 1 0 3 1 4 0 0 2 1 310 
1130 52 0 1 0 20 25 20 18 20 33 12 15 -0.0018029 -46 1131 1132
1131 53 1 0 9 1 4 0 0 7 2 311 
1132 53 0 1 0 32 31 15 15 3 12 14 15 -0.000987513 36 1133 1134
1133 54 0 1 0 22 16 20 17 20 16 19 20 -0.0104167 5 1135 1136
1134 54 1 0 1898 1 4 0 0 1898 0 314 
1135 55 1 0 61 1 4 0 0 61 0 312 
1136 55 1 0 3 1 4 0 2 1 0 313 
