-2147483648 -2147483648 data/trees_headpose/tree_029.txt
100 10 5000 30 30000 1 48 1 data/trees_headpose ./data/Cropped_HBO_Data_4view.txt
1 0
0 0 0 1 0 30 17 17 15 32 29 18 13 -0.962169 0 1 2
1 1 0 1 0 9 20 17 18 16 10 18 12 -0.722041 -4 3 4
2 1 0 1 0 6 11 20 19 8 25 20 16 -0.699978 -18 5 6
3 2 0 1 0 3 33 12 14 4 29 13 16 -0.578999 3 7 8
4 2 0 1 0 7 15 12 15 3 27 14 15 -0.598196 2 9 10
5 2 0 1 0 0 18 19 14 1 20 13 18 -0.445429 16 11 12
6 2 0 1 0 10 35 12 19 16 15 19 19 -1.349 0 13 14
7 3 0 1 0 8 30 12 14 32 31 14 15 -0.603972 44 15 16
8 3 0 1 0 8 32 14 12 20 26 15 13 -0.318804 36 17 18
9 3 0 1 0 17 12 20 15 14 16 20 14 -0.60225 5 19 20
10 3 0 1 0 17 1 19 16 9 9 16 18 -0.302512 -3 21 22
11 3 0 1 0 26 12 16 19 0 4 18 13 -0.390483 0 23 24
12 3 0 1 0 4 31 15 15 22 13 20 18 -0.222403 29 25 26
13 3 0 1 0 15 28 14 18 18 29 12 14 -1.15956 -6 27 28
14 3 0 1 0 25 14 19 14 21 29 12 19 -1.05628 -8 29 30
15 4 0 1 0 31 10 19 14 0 31 16 12 -0.432031 -1 31 32
16 4 0 1 0 5 18 20 18 7 24 19 14 -0.985002 -8 33 34
17 4 0 1 0 32 34 13 12 28 26 20 12 -0.243772 -4 35 36
18 4 0 1 0 33 17 20 13 6 9 13 19 -0.453641 -79 37 38
19 4 0 1 0 31 27 19 13 24 11 13 20 -0.461991 -2 39 40
20 4 0 1 0 21 21 16 15 24 34 13 12 -1.14131 -26 41 42
21 4 0 1 0 3 4 12 12 7 0 14 15 -0.255851 -37 43 44
22 4 0 1 0 20 13 19 16 25 12 19 17 -0.407612 25 45 46
23 4 0 1 0 24 25 18 17 26 14 19 13 -0.691719 4 47 48
24 4 0 1 0 12 27 18 12 16 6 16 19 -0.332578 5 49 50
25 4 0 1 0 30 22 14 13 25 16 20 19 -0.0238095 -4 51 52
26 4 0 1 0 28 10 18 12 10 7 17 12 -0 38 53 54
27 4 0 1 0 7 1 18 16 34 27 17 12 -0.682417 -18 55 56
28 4 0 1 0 8 10 18 13 9 20 12 16 -1.1744 -21 57 58
29 4 0 1 0 12 3 20 14 13 10 15 15 -0.337889 -1 59 60
30 4 0 1 0 0 27 20 13 7 12 19 12 -0.973597 11 61 62
31 5 0 1 0 28 0 14 15 20 5 13 14 -0.431037 -25 63 64
32 5 0 1 0 11 29 16 15 19 25 15 18 -0.361759 15 65 66
33 5 0 1 0 10 17 15 16 31 30 12 12 -0.658651 26 67 68
34 5 0 1 0 3 20 15 16 18 1 14 20 -0.746144 5 69 70
35 5 0 1 0 17 30 16 15 14 32 15 15 -0.517341 -7 71 72
36 5 0 1 0 26 27 19 13 19 23 20 17 -0.165025 18 73 74
37 5 1 0 14 1 4 14 0 0 0 180 
38 5 0 1 0 9 4 15 20 5 11 17 20 -0.273659 16 75 76
39 5 0 1 0 1 27 16 17 6 26 14 15 -0.447454 -1 77 78
40 5 0 1 0 35 19 17 12 15 5 19 13 -0.408039 -7 79 80
41 5 0 1 0 5 19 19 18 30 8 17 12 -0.600733 47 81 82
42 5 0 1 0 5 28 16 14 13 18 12 17 -0.752494 -2 83 84
43 5 0 1 0 5 24 15 17 11 5 12 12 -0.0454545 3 85 86
44 5 0 1 0 0 24 16 17 0 30 16 13 -0.239395 -5 87 88
45 5 0 1 0 5 0 13 16 5 25 12 13 -0.138166 2 89 90
46 5 0 1 0 7 13 12 14 7 2 15 19 -0.117647 30 91 92
47 5 0 1 0 12 35 12 16 32 13 14 12 -0.320875 50 93 94
48 5 0 1 0 31 21 17 13 19 11 14 13 -0.177713 11 95 96
49 5 0 1 0 9 7 14 13 2 32 13 12 -1.08845 -16 97 98
50 5 0 1 0 28 13 19 19 30 32 15 13 -0.248153 -2 99 100
51 5 1 0 19 1 4 19 0 0 0 519 
52 5 1 0 2 1 4 0 1 1 0 520 
53 5 1 0 7 1 4 0 0 7 0 521 
54 5 1 0 4 1 4 0 0 0 4 522 
55 5 0 1 0 14 10 14 20 28 19 12 16 -0.427004 -8 101 102
56 5 0 1 0 13 29 15 14 12 22 19 18 -0.44535 1 103 104
57 5 0 1 0 1 2 14 20 20 29 17 12 -0.360119 -122 105 106
58 5 0 1 0 21 20 14 13 19 10 13 13 -0.68226 35 107 108
59 5 0 1 0 31 20 16 15 21 2 20 15 -0.065173 8 109 110
60 5 0 1 0 14 25 15 12 4 14 18 15 -0.17094 30 111 112
61 5 0 1 0 27 20 18 16 34 26 16 12 -0.567016 0 113 114
62 5 0 1 0 14 30 12 18 9 30 17 18 -0.92192 -4 115 116
63 6 0 1 0 16 9 13 16 21 31 13 14 -0.31301 -25 117 118
64 6 0 1 0 22 8 13 18 24 20 17 19 -0.32969 6 119 120
65 6 0 1 0 10 12 14 13 17 24 18 16 -0.328355 -75 121 122
66 6 0 1 0 18 22 12 19 23 14 14 14 -0.0394737 11 123 124
67 6 0 1 0 12 29 17 15 1 21 20 12 -0.697097 60 125 126
68 6 0 1 0 1 21 16 13 1 24 13 12 -0.283726 8 127 128
69 6 0 1 0 10 4 14 19 19 5 15 18 -0.411141 3 129 130
70 6 0 1 0 13 10 15 19 14 34 12 14 -0.233874 -29 131 132
71 6 0 1 0 21 19 17 19 7 27 18 16 -0.693122 -16 133 134
72 6 0 1 0 19 13 20 20 20 32 14 20 -0.336643 -13 135 136
73 6 0 1 0 10 33 13 20 16 31 13 18 -0.137989 19 137 138
74 6 0 1 0 12 12 12 16 7 7 19 12 -0.37615 22 139 140
75 6 0 1 0 29 8 13 17 28 16 16 12 -0.0143678 8 141 142
76 6 0 1 0 5 13 16 17 23 13 12 20 -0.146104 -16 143 144
77 6 0 1 0 16 28 13 13 19 8 15 19 -0.23466 10 145 146
78 6 0 1 0 8 5 17 17 10 17 17 15 -0.687063 -22 147 148
79 6 0 1 0 0 26 20 20 8 32 14 14 -0.982867 -27 149 150
80 6 0 1 0 6 17 17 12 2 31 15 19 -0.232854 -8 151 152
81 6 0 1 0 15 29 14 13 23 26 16 19 -0.378307 2 153 154
82 6 1 0 6 1 4 6 0 0 0 368 
83 6 0 1 0 0 29 14 15 3 16 17 15 -1.08306 23 155 156
84 6 0 1 0 19 31 13 12 25 28 18 20 -0.383927 -6 157 158
85 6 1 0 9 1 4 0 0 0 9 387 
86 6 1 0 2 1 4 0 0 1 1 388 
87 6 0 1 0 11 20 18 19 19 31 16 13 -0.378351 -26 159 160
88 6 0 1 0 21 35 12 17 9 29 18 16 -0.191344 -46 161 162
89 6 0 1 0 22 13 18 14 22 15 16 15 -0 2 163 164
90 6 0 1 0 26 12 13 20 29 4 14 18 -0.0646998 7 165 166
91 6 1 0 15 1 4 0 0 0 15 456 
92 6 1 0 2 1 4 0 1 0 1 457 
93 6 1 0 5 1 4 4 1 0 0 458 
94 6 0 1 0 29 16 13 14 30 6 17 14 -0.030303 -1 167 168
95 6 0 1 0 23 16 19 14 9 5 16 12 -0.0972973 13 169 170
96 6 1 0 3 1 4 0 0 2 1 464 
97 6 0 1 0 13 31 16 12 13 24 16 17 -0.285916 23 171 172
98 6 0 1 0 25 17 20 18 32 29 13 14 -0.0238095 23 173 174
99 6 0 1 0 16 30 14 12 19 18 20 12 -0.827252 -4 175 176
100 6 0 1 0 15 18 15 20 10 28 18 13 -0.091774 53 177 178
101 6 0 1 0 28 16 18 18 22 35 12 19 -0.145136 36 179 180
102 6 1 0 7 1 4 0 1 0 6 526 
103 6 0 1 0 25 6 14 20 31 8 18 12 -0.146413 -9 181 182
104 6 0 1 0 11 16 12 18 14 13 18 17 -0.13125 -10 183 184
105 6 1 0 4 1 4 3 1 0 0 535 
106 6 0 1 0 27 23 15 12 19 27 20 12 -0.0555556 0 185 186
107 6 0 1 0 14 33 14 16 7 4 19 15 -0.4294 3 187 188
108 6 1 0 9 1 4 0 1 0 8 544 
109 6 0 1 0 4 16 16 15 28 7 13 17 -0.040903 -7 189 190
110 6 0 1 0 30 0 19 13 12 9 13 18 -0.0277778 -64 191 192
111 6 0 1 0 7 29 13 17 26 23 14 19 -0.0277778 -45 193 194
112 6 1 0 8 1 4 0 7 0 1 552 
113 6 0 1 0 30 30 14 13 17 25 12 14 -0.187675 11 195 196
114 6 0 1 0 14 26 13 12 9 15 20 19 -0.456665 17 197 198
115 6 0 1 0 2 12 14 17 9 28 19 13 -0.424242 -26 199 200
116 6 0 1 0 3 32 15 14 32 8 20 12 -0.0263158 10 201 202
117 7 0 1 0 8 25 20 13 6 26 19 20 -0.413456 0 203 204
118 7 0 1 0 3 33 14 18 7 29 13 15 -0.176031 -18 205 206
119 7 0 1 0 19 32 15 15 17 16 13 12 -0.185943 -4 207 208
120 7 0 1 0 17 10 15 17 3 35 12 19 -0.175 -12 209 210
121 7 0 1 0 28 4 20 14 32 25 15 14 -0.622157 5 211 212
122 7 0 1 0 3 15 14 20 7 18 17 14 -0.257696 -21 213 214
123 7 0 1 0 12 28 14 13 10 3 19 13 -0.0263158 14 215 216
124 7 1 0 5 1 4 0 5 0 0 96 
125 7 0 1 0 28 29 14 18 6 15 20 18 -0 8 217 218
126 7 0 1 0 28 0 16 15 6 12 12 13 -0.0470588 -11 219 220
127 7 0 1 0 15 31 16 20 19 29 13 15 -0.173932 0 221 222
128 7 1 0 4 1 4 1 3 0 0 105 
129 7 0 1 0 11 28 13 17 7 8 14 19 -0 50 223 224
130 7 0 1 0 5 10 15 17 7 29 14 16 -0.223776 -27 225 226
131 7 0 1 0 19 34 13 17 12 23 16 12 -0 -13 227 228
132 7 0 1 0 20 9 16 18 26 24 15 15 -0 16 229 230
133 7 1 0 9 1 4 3 4 0 2 115 
134 7 0 1 0 25 23 19 19 23 3 14 13 -0.166667 26 231 232
135 7 0 1 0 16 24 17 15 16 22 12 12 -0.264563 6 233 234
136 7 0 1 0 15 32 15 12 3 30 15 20 -0.126652 65 235 236
137 7 0 1 0 24 33 14 13 16 8 12 18 -0.109331 66 237 238
138 7 0 1 0 26 4 19 15 18 9 17 16 -0.727273 -40 239 240
139 7 0 1 0 9 22 17 15 19 24 14 20 -0 -47 241 242
140 7 0 1 0 1 21 19 14 30 31 15 14 -0.257699 -139 243 244
141 7 1 0 52 1 4 0 0 0 52 181 
142 7 1 0 6 1 4 0 1 5 0 182 
143 7 1 0 4 1 4 3 1 0 0 183 
144 7 1 0 7 1 4 0 0 6 1 184 
145 7 1 0 3 1 4 2 0 1 0 185 
146 7 0 1 0 2 12 17 16 0 29 17 14 -0.148952 9 245 246
147 7 0 1 0 5 18 16 13 11 16 12 13 -0 -23 247 248
148 7 0 1 0 4 14 12 19 8 10 19 16 -0.195804 -3 249 250
149 7 0 1 0 26 24 12 17 26 7 12 12 -0.940263 14 251 252
150 7 0 1 0 4 22 13 14 15 7 16 14 -0.669533 24 253 254
151 7 0 1 0 19 26 16 19 16 16 18 12 -0.195929 -3 255 256
152 7 0 1 0 13 10 17 16 6 2 19 16 -0.327446 -2 257 258
153 7 0 1 0 26 25 19 15 17 28 16 12 -0.254422 9 259 260
154 7 0 1 0 30 32 14 12 33 17 13 13 -0.0555556 127 261 262
155 7 0 1 0 12 8 17 16 9 29 13 18 -0.637363 -23 263 264
156 7 0 1 0 26 22 19 17 0 9 13 18 -0.333333 93 265 266
157 7 0 1 0 18 12 20 19 18 0 15 18 -0 66 267 268
158 7 0 1 0 11 18 20 15 3 25 20 17 -0.249326 11 269 270
159 7 0 1 0 32 3 20 14 21 2 17 17 -0.14349 6 271 272
160 7 0 1 0 7 10 20 15 7 26 17 15 -0.269958 -31 273 274
161 7 1 0 8 1 4 0 1 1 6 399 
162 7 0 1 0 23 23 20 12 29 21 18 16 -0.179148 2 275 276
163 7 1 0 19 1 4 0 19 0 0 450 
164 7 1 0 3 1 4 3 0 0 0 451 
165 7 0 1 0 5 23 15 13 1 9 20 19 -0.0232143 -1 277 278
166 7 1 0 4 1 4 0 0 0 4 455 
167 7 1 0 3 1 4 0 2 1 0 459 
168 7 1 0 19 1 4 0 0 0 19 460 
169 7 0 1 0 9 11 17 18 3 15 14 17 -0.0540541 14 279 280
170 7 1 0 3 1 4 3 0 0 0 463 
171 7 0 1 0 26 20 12 14 15 4 17 17 -0 -27 281 282
172 7 1 0 8 1 4 1 0 0 7 467 
173 7 1 0 7 1 4 1 6 0 0 468 
174 7 1 0 29 1 4 0 0 0 29 469 
175 7 0 1 0 23 26 13 18 23 19 17 17 -0.274286 -5 283 284
176 7 0 1 0 1 10 15 19 3 3 15 18 -0.640223 13 285 286
177 7 0 1 0 1 33 14 19 6 27 12 13 -0.0877208 56 287 288
178 7 1 0 3 1 4 3 0 0 0 518 
179 7 0 1 0 27 20 14 14 23 15 14 13 -0 -3 289 290
180 7 1 0 3 1 4 0 0 2 1 525 
181 7 1 0 2 1 4 0 1 0 1 527 
182 7 0 1 0 22 30 15 15 24 17 20 14 -0.101338 17 291 292
183 7 0 1 0 7 34 13 15 12 28 18 16 -0 -27 293 294
184 7 1 0 6 1 4 0 0 0 6 534 
185 7 1 0 18 1 4 0 0 0 18 536 
186 7 1 0 6 1 4 0 2 4 0 537 
187 7 1 0 8 1 4 0 0 8 0 538 
188 7 0 1 0 14 16 15 20 18 31 16 13 -0.275629 -1 295 296
189 7 1 0 2 1 4 0 1 0 1 545 
190 7 0 1 0 1 23 20 13 0 7 17 16 -0.00704225 14 297 298
191 7 1 0 2 1 4 1 1 0 0 548 
192 7 1 0 16 1 4 16 0 0 0 549 
193 7 1 0 2 1 4 0 0 1 1 550 
194 7 1 0 16 1 4 0 0 0 16 551 
195 7 0 1 0 27 25 14 16 17 26 19 19 -0.054902 8 299 300
196 7 1 0 4 1 4 0 0 2 2 556 
197 7 0 1 0 9 35 12 13 16 2 15 17 -0.227318 1 301 302
198 7 0 1 0 10 34 13 19 19 11 17 14 -0.706667 -2 303 304
199 7 1 0 13 1 4 0 0 0 13 566 
200 7 0 1 0 1 28 15 17 29 24 20 14 -0.209091 20 305 306
201 7 1 0 2 1 4 0 0 1 1 569 
202 7 1 0 17 1 4 17 0 0 0 570 
203 8 0 1 0 4 2 18 19 32 30 17 12 -0.262855 -40 307 308
204 8 1 0 7 1 4 1 0 0 6 9 
205 8 0 1 0 17 19 17 14 15 19 18 17 -0 4 309 310
206 8 0 1 0 5 2 14 16 13 10 19 18 -0.0873316 -7 311 312
207 8 0 1 0 9 3 17 18 30 4 20 14 -0 37 313 314
208 8 0 1 0 24 29 14 16 16 12 16 12 -0.125134 -26 315 316
209 8 1 0 2 1 4 1 1 0 0 30 
210 8 0 1 0 17 26 19 14 16 27 15 18 -0 6 317 318
211 8 0 1 0 28 1 12 16 30 13 12 13 -0.538873 -59 319 320
212 8 1 0 21 1 4 0 0 0 21 39 
213 8 0 1 0 15 18 16 16 33 2 18 13 -0.2 97 321 322
214 8 0 1 0 23 29 16 16 16 21 15 18 -0.239991 -18 323 324
215 8 1 0 2 1 4 0 0 1 1 94 
216 8 1 0 17 1 4 0 0 0 17 95 
217 8 1 0 9 1 4 9 0 0 0 97 
218 8 1 0 2 1 4 0 2 0 0 98 
219 8 1 0 5 1 4 1 4 0 0 99 
220 8 1 0 12 1 4 0 0 0 12 100 
221 8 1 0 4 1 4 2 1 0 1 101 
222 8 0 1 0 10 23 12 14 13 11 12 12 -0.0960317 -17 325 326
223 8 1 0 14 1 4 0 0 0 14 106 
224 8 1 0 2 1 4 0 2 0 0 107 
225 8 1 0 2 1 4 0 1 0 1 108 
226 8 0 1 0 26 29 12 14 21 16 15 17 -0.0454545 -12 327 328
227 8 1 0 2 1 4 0 0 0 2 111 
228 8 1 0 20 1 4 0 20 0 0 112 
229 8 1 0 3 1 4 0 3 0 0 113 
230 8 1 0 17 1 4 17 0 0 0 114 
231 8 1 0 10 1 4 0 0 0 10 116 
232 8 1 0 2 1 4 0 1 0 1 117 
233 8 0 1 0 8 18 20 14 7 14 14 17 -0.0857338 -7 329 330
234 8 0 1 0 25 22 17 17 34 25 16 13 -0.182796 7 331 332
235 8 0 1 0 31 24 16 12 29 4 12 17 -0.011194 56 333 334
236 8 1 0 3 1 4 1 0 0 2 132 
237 8 0 1 0 10 19 14 18 13 14 19 16 -0.087104 0 335 336
238 8 0 1 0 25 0 16 19 26 30 15 13 -0.271152 -76 337 338
239 8 1 0 9 1 4 9 0 0 0 170 
240 8 0 1 0 28 21 18 19 23 30 16 16 -0.0808081 12 339 340
241 8 1 0 3 1 4 0 0 0 3 173 
242 8 1 0 14 1 4 0 0 14 0 174 
243 8 1 0 2 1 4 0 0 0 2 175 
244 8 0 1 0 8 15 15 17 23 6 14 20 -0.106976 -10 341 342
245 8 0 1 0 23 13 18 16 23 16 16 19 -0.122922 1 343 344
246 8 1 0 3 1 4 1 2 0 0 191 
247 8 1 0 3 1 4 0 3 0 0 192 
248 8 1 0 8 1 4 8 0 0 0 193 
249 8 1 0 2 1 4 2 0 0 0 194 
250 8 0 1 0 13 8 14 18 8 26 18 18 -0 -12 345 346
251 8 0 1 0 0 21 20 17 7 24 18 16 -0.497994 -31 347 348
252 8 0 1 0 13 30 14 12 20 16 20 17 -0.951218 28 349 350
253 8 0 1 0 18 8 20 20 25 28 15 20 -0.643349 11 351 352
254 8 0 1 0 2 23 17 18 0 22 16 19 -0.312109 9 353 354
255 8 0 1 0 13 27 16 20 17 28 17 16 -0.21324 -2 355 356
256 8 0 1 0 20 0 13 17 29 4 18 15 -0.172043 33 357 358
257 8 0 1 0 20 34 12 14 0 3 17 18 -0.11706 75 359 360
258 8 0 1 0 24 9 13 20 28 15 12 15 -0.353564 -17 361 362
259 8 1 0 7 1 4 3 4 0 0 361 
260 8 0 1 0 15 7 12 13 22 13 17 15 -0.109656 -27 363 364
261 8 1 0 34 1 4 0 0 0 34 366 
262 8 1 0 2 1 4 0 1 0 1 367 
263 8 0 1 0 1 19 12 19 1 20 13 17 -0.155579 -3 365 366
264 8 0 1 0 14 13 14 18 27 1 12 19 -0.244444 11 367 368
265 8 1 0 13 1 4 13 0 0 0 374 
266 8 1 0 5 1 4 1 0 2 2 375 
267 8 1 0 8 1 4 0 0 8 0 376 
268 8 1 0 2 1 4 0 0 0 2 377 
269 8 0 1 0 10 24 17 15 14 6 14 13 -0.177199 90 369 370
270 8 1 0 5 1 4 0 0 0 5 386 
271 8 0 1 0 25 12 20 15 32 18 14 14 -0.0333333 31 371 372
272 8 1 0 4 1 4 0 0 2 2 393 
273 8 1 0 6 1 4 1 2 0 3 394 
274 8 0 1 0 28 32 15 18 15 25 19 12 -0.0783751 17 373 374
275 8 0 1 0 12 16 18 20 9 33 12 15 -0.178555 8 375 376
276 8 0 1 0 25 7 16 12 19 31 16 20 -0.161999 -24 377 378
277 8 0 1 0 16 24 18 20 32 33 14 12 -0.0125 6 379 380
278 8 1 0 2 1 4 0 2 0 0 454 
279 8 1 0 35 1 4 0 35 0 0 461 
280 8 1 0 2 1 4 0 1 0 1 462 
281 8 1 0 2 1 4 0 2 0 0 465 
282 8 1 0 24 1 4 24 0 0 0 466 
283 8 1 0 18 1 4 18 0 0 0 470 
284 8 1 0 7 1 4 1 0 3 3 471 
285 8 0 1 0 27 9 19 18 18 30 17 16 -0.40225 -33 381 382
286 8 0 1 0 31 29 12 15 33 24 18 13 -0.792659 6 383 384
287 8 0 1 0 2 16 19 14 28 30 14 19 -0.0672849 -129 385 386
288 8 0 1 0 1 3 14 18 9 2 16 19 -0.0632184 -10 387 388
289 8 1 0 3 1 4 3 0 0 0 523 
290 8 1 0 16 1 4 0 16 0 0 524 
291 8 0 1 0 13 14 13 20 12 35 12 14 -0.0823286 -5 389 390
292 8 1 0 3 1 4 0 3 0 0 531 
293 8 1 0 3 1 4 0 3 0 0 532 
294 8 1 0 7 1 4 7 0 0 0 533 
295 8 0 1 0 27 17 18 15 27 24 18 16 -0.170455 14 391 392
296 8 1 0 25 1 4 25 0 0 0 543 
297 8 1 0 69 1 4 0 69 0 0 546 
298 8 1 0 2 1 4 1 1 0 0 547 
299 8 0 1 0 29 16 14 17 17 31 15 13 -0.0333333 -10 393 394
300 8 1 0 2 1 4 2 0 0 0 555 
301 8 1 0 9 1 4 1 2 5 1 557 
302 8 0 1 0 27 28 13 16 25 24 16 19 -0.0810224 3 395 396
303 8 1 0 5 1 4 4 1 0 0 563 
304 8 0 1 0 19 10 13 16 27 19 13 12 -0.222222 0 397 398
305 8 1 0 6 1 4 3 3 0 0 567 
306 8 1 0 5 1 4 0 0 4 1 568 
307 9 0 1 0 23 19 17 13 20 15 17 19 -0.153746 19 399 400
308 9 0 1 0 24 19 20 20 34 24 16 12 -0.0452381 16 401 402
309 9 1 0 5 1 4 0 0 0 5 10 
310 9 1 0 5 1 4 5 0 0 0 11 
311 9 0 1 0 22 31 14 14 19 28 19 20 -0.0717671 14 403 404
312 9 1 0 2 1 4 0 0 1 1 21 
313 9 1 0 18 1 4 18 0 0 0 22 
314 9 1 0 2 1 4 0 2 0 0 23 
315 9 1 0 2 1 4 0 0 0 2 24 
316 9 0 1 0 10 9 20 14 7 28 16 12 -0.0715494 -1 405 406
317 9 1 0 2 1 4 0 0 2 0 31 
318 9 1 0 8 1 4 0 0 0 8 32 
319 9 1 0 7 1 4 0 1 0 6 33 
320 9 0 1 0 10 15 20 12 17 19 15 20 -0.317669 -47 407 408
321 9 1 0 2 1 4 0 1 0 1 40 
322 9 1 0 8 1 4 0 0 0 8 41 
323 9 0 1 0 0 32 15 16 24 23 14 18 -0.0268519 -77 409 410
324 9 0 1 0 30 29 14 12 2 32 14 15 -0.227182 1 411 412
325 9 0 1 0 18 25 12 17 19 27 12 15 -0.0666667 -9 413 414
326 9 1 0 116 1 4 0 0 0 116 104 
327 9 1 0 2 1 4 1 1 0 0 109 
328 9 1 0 9 1 4 0 9 0 0 110 
329 9 0 1 0 24 26 20 12 18 10 16 19 -0.0217391 22 415 416
330 9 0 1 0 27 1 19 20 13 29 17 17 -0 -121 417 418
331 9 1 0 5 1 4 0 0 2 3 122 
332 9 0 1 0 10 14 16 18 13 19 14 15 -0.118047 -25 419 420
333 9 1 0 63 1 4 63 0 0 0 130 
334 9 1 0 4 1 4 1 3 0 0 131 
335 9 0 1 0 22 20 17 19 7 27 15 15 -0.0698692 89 421 422
336 9 0 1 0 15 26 17 19 23 1 15 18 -0.15 49 423 424
337 9 0 1 0 34 29 18 13 30 28 13 13 -0.140541 -1 425 426
338 9 1 0 5 1 4 0 0 3 2 169 
339 9 1 0 9 1 4 0 0 1 8 171 
340 9 1 0 2 1 4 2 0 0 0 172 
341 9 0 1 0 25 4 19 19 27 32 14 16 -0 -76 427 428
342 9 0 1 0 20 27 12 14 11 4 16 13 -0 -7 429 430
343 9 1 0 3 1 4 0 2 0 1 186 
344 9 0 1 0 7 25 14 12 0 32 13 15 -0.0890793 -11 431 432
345 9 1 0 7 1 4 0 0 0 7 195 
346 9 1 0 4 1 4 0 0 4 0 196 
347 9 0 1 0 17 7 16 13 9 17 20 15 -0.125831 -56 433 434
348 9 0 1 0 10 34 13 16 14 16 17 16 -0.305357 39 435 436
349 9 0 1 0 9 30 17 16 28 35 12 17 -0.661247 31 437 438
350 9 0 1 0 7 4 13 12 26 1 20 17 -0.615302 -3 439 440
351 9 0 1 0 19 4 17 18 31 9 12 15 -0.515184 15 441 442
352 9 1 0 9 1 4 1 0 0 8 233 
353 9 0 1 0 18 32 12 19 27 29 16 19 -0.163478 25 443 444
354 9 0 1 0 30 14 18 14 21 0 16 16 -0.23178 -2 445 446
355 9 0 1 0 20 15 19 17 14 26 13 12 -0.0238095 -30 447 448
356 9 0 1 0 7 23 16 13 0 24 13 19 -0.138393 -2 449 450
357 9 0 1 0 21 11 16 14 1 27 20 12 -0.157523 23 451 452
358 9 0 1 0 23 12 14 16 23 5 14 13 -0.181818 2 453 454
359 9 0 1 0 20 25 16 18 20 23 19 16 -0.0763484 -2 455 456
360 9 0 1 0 6 2 16 13 12 9 13 16 -0.054902 19 457 458
361 9 0 1 0 3 18 14 20 5 30 17 15 -0.131942 7 459 460
362 9 0 1 0 30 15 14 15 31 12 19 13 -0.299611 4 461 462
363 9 1 0 8 1 4 0 0 1 7 362 
364 9 0 1 0 26 13 15 13 4 25 19 19 -0.0355556 24 463 464
365 9 1 0 2 1 4 1 1 0 0 369 
366 9 0 1 0 25 18 14 16 22 15 20 16 -0.018018 10 465 466
367 9 1 0 5 1 4 0 0 2 3 372 
368 9 1 0 9 1 4 4 5 0 0 373 
369 9 0 1 0 8 7 15 12 5 3 18 18 -0.11905 7 467 468
370 9 1 0 8 1 4 1 1 5 1 385 
371 9 0 1 0 3 25 17 17 2 12 15 17 -0.0279319 38 469 470
372 9 1 0 7 1 4 7 0 0 0 392 
373 9 0 1 0 24 31 15 18 19 31 13 20 -0.0216931 -15 471 472
374 9 1 0 3 1 4 0 0 3 0 398 
375 9 0 1 0 12 7 17 20 8 9 14 17 -0 5 473 474
376 9 0 1 0 27 16 20 20 27 10 17 13 -0.0808081 24 475 476
377 9 0 1 0 25 25 12 14 15 0 12 18 -0.148673 -14 477 478
378 9 0 1 0 1 7 14 13 30 0 16 16 -0.0675926 1 479 480
379 9 1 0 38 1 4 0 0 38 0 452 
380 9 1 0 2 1 4 0 0 1 1 453 
381 9 0 1 0 9 22 18 14 8 8 19 18 -0.218359 5 481 482
382 9 0 1 0 16 7 12 19 8 2 17 17 -0.42522 31 483 484
383 9 0 1 0 15 0 19 13 32 30 16 15 -0.212214 -19 485 486
384 9 0 1 0 19 16 19 14 14 19 19 12 -0.195652 3 487 488
385 9 1 0 2 1 4 0 2 0 0 493 
386 9 0 1 0 10 4 12 13 8 21 15 14 -0.0634553 17 489 490
387 9 1 0 5 1 4 5 0 0 0 515 
388 9 0 1 0 21 18 19 12 25 20 15 14 -0 -27 491 492
389 9 1 0 4 1 4 3 0 0 1 528 
390 9 0 1 0 1 7 18 19 27 27 19 14 -0.00555556 -78 493 494
391 9 0 1 0 20 10 13 12 21 23 15 17 -0.046875 4 495 496
392 9 1 0 2 1 4 0 0 0 2 542 
393 9 1 0 13 1 4 0 13 0 0 553 
394 9 1 0 2 1 4 0 1 1 0 554 
395 9 0 1 0 25 20 14 13 22 15 18 19 -0.0708726 -11 497 498
396 9 1 0 2 1 4 2 0 0 0 562 
397 9 1 0 6 1 4 0 5 0 1 564 
398 9 1 0 9 1 4 0 0 0 9 565 
399 10 0 1 0 15 28 17 19 21 33 13 15 -0 -16 499 500
400 10 0 1 0 1 12 14 18 5 16 12 19 -0.111111 -19 501 502
401 10 1 0 2 1 4 0 0 0 2 6 
402 10 0 1 0 9 25 18 18 20 29 14 16 -0 -6 503 504
403 10 0 1 0 17 13 17 13 25 29 18 18 -0.0590305 -23 505 506
404 10 1 0 6 1 4 0 6 0 0 20 
405 10 1 0 9 1 4 8 1 0 0 25 
406 10 0 1 0 19 12 19 15 23 33 13 12 -0.043227 -21 507 508
407 10 0 1 0 21 21 19 15 1 31 14 12 -0.183303 107 509 510
408 10 1 0 4 1 4 0 1 0 3 38 
409 10 1 0 6 1 4 0 6 0 0 42 
410 10 0 1 0 26 14 16 12 2 29 12 20 -0.0166667 4 511 512
411 10 1 0 6 1 4 0 0 1 5 45 
412 10 0 1 0 0 12 15 14 7 2 18 16 -0.217478 7 513 514
413 10 1 0 3 1 4 1 2 0 0 102 
414 10 1 0 7 1 4 0 0 0 7 103 
415 10 1 0 2 1 4 1 1 0 0 118 
416 10 1 0 21 1 4 0 21 0 0 119 
417 10 1 0 5 1 4 0 5 0 0 120 
418 10 1 0 34 1 4 34 0 0 0 121 
419 10 1 0 2 1 4 0 0 0 2 123 
420 10 0 1 0 5 27 20 18 12 29 16 12 -0.0829593 13 515 516
421 10 0 1 0 19 23 14 13 3 1 12 15 -0.0637923 14 517 518
422 10 1 0 4 1 4 0 1 0 3 160 
423 10 1 0 6 1 4 0 0 3 3 161 
424 10 1 0 4 1 4 4 0 0 0 162 
425 10 0 1 0 0 13 16 20 17 23 14 16 -0.0846154 -102 519 520
426 10 0 1 0 5 0 14 19 13 15 17 18 -0 -67 521 522
427 10 1 0 4 1 4 0 4 0 0 176 
428 10 1 0 13 1 4 13 0 0 0 177 
429 10 1 0 2 1 4 0 0 2 0 178 
430 10 1 0 27 1 4 0 27 0 0 179 
431 10 1 0 2 1 4 1 0 0 1 187 
432 10 0 1 0 11 32 13 14 11 31 16 15 -0.0439329 7 523 524
433 10 1 0 7 1 4 0 7 0 0 197 
434 10 0 1 0 6 22 12 20 2 32 13 17 -0.0352941 -38 525 526
435 10 1 0 8 1 4 4 4 0 0 200 
436 10 0 1 0 16 12 12 13 1 0 15 15 -0.0866667 24 527 528
437 10 0 1 0 11 17 17 20 8 31 16 16 -0.434904 -28 529 530
438 10 1 0 4 1 4 0 0 0 4 208 
439 10 0 1 0 2 31 14 18 10 20 16 13 -0.155 9 531 532
440 10 0 1 0 31 24 19 13 22 25 18 18 -0.435484 -16 533 534
441 10 0 1 0 21 13 19 20 23 7 17 14 -0.197021 5 535 536
442 10 0 1 0 16 14 12 19 30 3 18 15 -0.391008 102 537 538
443 10 0 1 0 10 29 16 18 5 27 18 15 -0.094152 7 539 540
444 10 0 1 0 13 9 13 20 28 7 17 15 -0.0710923 5 541 542
445 10 1 0 8 1 4 0 0 0 8 240 
446 10 0 1 0 10 5 14 19 20 1 13 19 -0.142963 2 543 544
447 10 1 0 2 1 4 1 1 0 0 245 
448 10 1 0 19 1 4 19 0 0 0 246 
449 10 1 0 2 1 4 1 1 0 0 247 
450 10 0 1 0 6 14 16 14 12 25 15 19 -0 -47 545 546
451 10 0 1 0 31 29 18 15 31 28 14 14 -0.142371 -13 547 548
452 10 0 1 0 23 22 14 15 17 28 18 17 -0.218182 -8 549 550
453 10 1 0 9 1 4 9 0 0 0 333 
454 10 1 0 2 1 4 1 0 1 0 334 
455 10 1 0 7 1 4 0 6 1 0 335 
456 10 0 1 0 32 26 16 12 26 21 20 16 -0.0457895 -2 551 552
457 10 0 1 0 23 11 20 20 12 5 19 14 -0.0333333 7 553 554
458 10 1 0 2 1 4 0 0 2 0 342 
459 10 0 1 0 19 5 20 14 13 20 12 13 -0.0425532 -11 555 556
460 10 1 0 6 1 4 2 4 0 0 347 
461 10 0 1 0 20 31 15 18 2 3 13 20 -0.262918 40 557 558
462 10 1 0 9 1 4 9 0 0 0 360 
463 10 0 1 0 27 14 14 16 15 32 14 15 -0.02 -67 559 560
464 10 1 0 2 1 4 0 2 0 0 365 
465 10 1 0 34 1 4 0 0 0 34 370 
466 10 1 0 3 1 4 0 1 2 0 371 
467 10 0 1 0 18 6 16 12 12 2 19 13 -0.0805041 7 561 562
468 10 1 0 5 1 4 1 0 4 0 384 
469 10 0 1 0 14 23 17 16 21 18 12 15 -0.00980392 95 563 564
470 10 1 0 2 1 4 0 1 1 0 391 
471 10 1 0 6 1 4 0 6 0 0 395 
472 10 0 1 0 6 26 17 15 7 24 14 18 -0 -18 565 566
473 10 1 0 13 1 4 0 0 13 0 400 
474 10 1 0 2 1 4 0 0 0 2 401 
475 10 1 0 2 1 4 0 0 2 0 402 
476 10 1 0 9 1 4 1 8 0 0 403 
477 10 1 0 3 1 4 0 0 0 3 404 
478 10 0 1 0 4 29 12 13 0 22 19 19 -0.140561 21 567 568
479 10 1 0 5 1 4 0 3 2 0 447 
480 10 0 1 0 1 10 18 18 28 18 18 19 -0.0185185 35 569 570
481 10 1 0 6 1 4 1 3 0 2 472 
482 10 0 1 0 13 14 17 13 17 7 13 15 -0.153583 45 571 572
483 10 0 1 0 13 32 15 12 0 27 16 13 -0 46 573 574
484 10 0 1 0 15 21 12 19 1 14 20 18 -0.409091 93 575 576
485 10 0 1 0 25 8 17 12 9 5 19 19 -0.0580357 66 577 578
486 10 0 1 0 6 13 17 14 23 18 20 18 -0 1 579 580
487 10 0 1 0 32 8 16 15 6 30 16 13 -0 -51 581 582
488 10 1 0 5 1 4 1 3 1 0 492 
489 10 0 1 0 3 18 15 15 5 30 17 13 -0.0586496 1 583 584
490 10 1 0 3 1 4 0 2 1 0 514 
491 10 1 0 2 1 4 0 0 2 0 516 
492 10 1 0 22 1 4 0 0 0 22 517 
493 10 1 0 2 1 4 1 1 0 0 529 
494 10 1 0 88 1 4 88 0 0 0 530 
495 10 0 1 0 20 15 13 16 20 28 18 18 -0.03125 -15 585 586
496 10 1 0 4 1 4 4 0 0 0 541 
497 10 1 0 5 1 4 1 0 0 4 558 
498 10 0 1 0 27 24 20 15 33 27 16 12 -0.0120236 0 587 588
499 11 1 0 4 1 4 0 4 0 0 0 
500 11 1 0 25 1 4 25 0 0 0 1 
501 11 0 1 0 19 20 19 20 16 2 18 20 -0.0892857 55 589 590
502 11 1 0 2 1 4 2 0 0 0 5 
503 11 1 0 38 1 4 0 38 0 0 7 
504 11 1 0 2 1 4 2 0 0 0 8 
505 11 1 0 3 1 4 0 2 1 0 12 
506 11 0 1 0 25 34 12 13 19 33 12 17 -0.050848 12 591 592
507 11 0 1 0 8 31 15 17 27 7 20 20 -0.0105227 -9 593 594
508 11 1 0 6 1 4 4 2 0 0 29 
509 11 1 0 9 1 4 6 3 0 0 34 
510 11 0 1 0 26 23 16 18 10 8 20 19 -0.102171 10 595 596
511 11 1 0 2 1 4 1 1 0 0 43 
512 11 1 0 28 1 4 28 0 0 0 44 
513 11 0 1 0 21 28 14 13 5 24 17 18 -0.20453 16 597 598
514 11 0 1 0 4 24 20 16 1 17 13 16 -0 -3 599 600
515 11 0 1 0 22 9 16 16 25 17 14 15 -0.0626218 18 601 602
516 11 1 0 2 1 4 0 0 1 1 129 
517 11 0 1 0 2 1 20 19 2 14 19 18 -0.08 1 603 604
518 11 0 1 0 18 16 17 14 19 21 14 12 -0.0550825 -17 605 606
519 11 1 0 6 1 4 5 1 0 0 163 
520 11 0 1 0 31 1 20 12 13 18 14 14 -0.024948 -137 607 608
521 11 1 0 32 1 4 32 0 0 0 167 
522 11 1 0 5 1 4 0 5 0 0 168 
523 11 0 1 0 24 15 20 18 24 11 20 15 -0.0167539 0 609 610
524 11 1 0 2 1 4 1 0 0 1 190 
525 11 1 0 4 1 4 1 0 3 0 198 
526 11 1 0 81 1 4 0 0 0 81 199 
527 11 0 1 0 13 10 19 13 25 1 15 14 -0 15 611 612
528 11 1 0 5 1 4 0 0 0 5 203 
529 11 1 0 4 1 4 0 0 3 1 204 
530 11 0 1 0 2 33 14 14 12 17 15 12 -0.261154 -25 613 614
531 11 1 0 17 1 4 0 0 0 17 209 
532 11 1 0 8 1 4 1 1 6 0 210 
533 11 0 1 0 19 14 19 16 24 21 19 20 -0.315275 -2 615 616
534 11 1 0 5 1 4 0 0 0 5 218 
535 11 0 1 0 18 17 12 17 6 28 14 17 -0.0384615 -6 617 618
536 11 0 1 0 20 33 12 14 7 13 17 20 -0.0711354 34 619 620
537 11 0 1 0 27 32 12 16 0 26 18 13 -0.240507 51 621 622
538 11 0 1 0 31 31 15 13 0 18 16 15 -0.05 17 623 624
539 11 0 1 0 20 2 16 12 32 34 13 12 -0.05 -56 625 626
540 11 1 0 9 1 4 0 8 1 0 236 
541 11 1 0 4 1 4 0 1 3 0 237 
542 11 0 1 0 11 17 17 13 7 21 15 16 -0.0290557 3 627 628
543 11 1 0 4 1 4 2 2 0 0 241 
544 11 0 1 0 10 16 13 18 27 23 13 13 -0.056 38 629 630
545 11 1 0 2 1 4 0 0 0 2 248 
546 11 1 0 12 1 4 0 0 12 0 249 
547 11 0 1 0 4 17 15 15 13 31 15 16 -0 -57 631 632
548 11 0 1 0 13 22 16 12 18 15 14 13 -0.132452 -5 633 634
549 11 0 1 0 3 11 14 13 2 5 20 20 -0 4 635 636
550 11 0 1 0 10 10 16 15 7 13 18 14 -0.222222 9 637 638
551 11 1 0 5 1 4 0 0 1 4 336 
552 11 0 1 0 31 33 14 13 30 19 18 14 -0.0167941 3 639 640
553 11 1 0 13 1 4 0 13 0 0 340 
554 11 1 0 2 1 4 0 1 1 0 341 
555 11 0 1 0 14 12 14 17 19 14 14 14 -0.0343165 -28 641 642
556 11 1 0 4 1 4 0 4 0 0 346 
557 11 0 1 0 20 0 17 15 35 33 13 12 -0.0740741 -4 643 644
558 11 0 1 0 11 12 13 19 1 17 17 18 -0.219991 14 645 646
559 11 1 0 2 1 4 0 0 1 1 363 
560 11 1 0 23 1 4 0 0 23 0 364 
561 11 1 0 2 1 4 0 1 0 1 378 
562 11 0 1 0 32 0 18 14 25 22 13 16 -0.0490741 -112 647 648
563 11 1 0 49 1 4 0 49 0 0 389 
564 11 1 0 2 1 4 1 1 0 0 390 
565 11 1 0 2 1 4 0 2 0 0 396 
566 11 1 0 82 1 4 82 0 0 0 397 
567 11 0 1 0 0 27 15 14 1 29 18 14 -0.123584 -15 649 650
568 11 1 0 8 1 4 1 2 0 5 446 
569 11 1 0 25 1 4 25 0 0 0 448 
570 11 1 0 2 1 4 1 1 0 0 449 
571 11 0 1 0 30 7 20 12 33 5 20 14 -0.105688 0 651 652
572 11 0 1 0 17 15 18 20 18 14 18 18 -0.2 3 653 654
573 11 1 0 10 1 4 0 0 10 0 481 
574 11 1 0 10 1 4 0 0 0 10 482 
575 11 1 0 9 1 4 9 0 0 0 483 
576 11 1 0 2 1 4 1 0 0 1 484 
577 11 0 1 0 32 8 16 15 6 30 16 13 -0.0357143 -52 655 656
578 11 1 0 2 1 4 0 2 0 0 487 
579 11 1 0 11 1 4 11 0 0 0 488 
580 11 1 0 7 1 4 0 7 0 0 489 
581 11 1 0 15 1 4 0 0 0 15 490 
582 11 1 0 3 1 4 0 0 3 0 491 
583 11 0 1 0 0 27 13 14 0 24 20 13 -0.0544118 -14 657 658
584 11 1 0 5 1 4 0 2 3 0 513 
585 11 1 0 2 1 4 1 1 0 0 539 
586 11 1 0 14 1 4 0 14 0 0 540 
587 11 1 0 3 1 4 0 0 2 1 559 
588 11 0 1 0 7 25 16 16 4 8 13 20 -0.0037037 39 659 660
589 12 1 0 2 1 4 0 1 1 0 2 
590 12 0 1 0 2 8 13 15 32 3 19 13 -0.0357143 58 661 662
591 12 0 1 0 27 16 14 19 27 10 20 16 -0.0424548 -19 663 664
592 12 1 0 6 1 4 2 4 0 0 19 
593 12 1 0 2 1 4 0 0 2 0 26 
594 12 0 1 0 30 16 16 16 14 3 12 15 -0.00543478 -36 665 666
595 12 1 0 2 1 4 0 1 0 1 35 
596 12 0 1 0 31 17 15 14 23 10 13 15 -0.0185185 -58 667 668
597 12 0 1 0 3 21 15 16 16 24 20 20 -0.218487 -19 669 670
598 12 0 1 0 4 26 15 18 18 31 16 17 -0.189812 -47 671 672
599 12 1 0 2 1 4 0 2 0 0 92 
600 12 1 0 15 1 4 15 0 0 0 93 
601 12 0 1 0 17 9 13 17 24 34 13 13 -0.030356 -11 673 674
602 12 1 0 2 1 4 0 1 0 1 128 
603 12 1 0 5 1 4 0 0 4 1 133 
604 12 1 0 5 1 4 5 0 0 0 134 
605 12 1 0 2 1 4 0 0 2 0 135 
606 12 0 1 0 23 0 12 16 1 29 16 12 -0.0528109 58 675 676
607 12 1 0 2 1 4 2 0 0 0 164 
608 12 0 1 0 9 26 12 15 5 20 17 19 -0.0135135 21 677 678
609 12 1 0 186 1 4 0 0 0 186 188 
610 12 1 0 5 1 4 0 1 0 4 189 
611 12 1 0 13 1 4 0 0 13 0 201 
612 12 1 0 2 1 4 0 2 0 0 202 
613 12 1 0 9 1 4 1 6 1 1 205 
614 12 0 1 0 7 25 13 17 4 10 14 20 -0 23 679 680
615 12 0 1 0 26 0 19 19 1 20 18 14 -0.0357143 -62 681 682
616 12 0 1 0 27 28 14 17 17 1 13 19 -0.213884 3 683 684
617 12 1 0 11 1 4 0 0 11 0 219 
618 12 1 0 2 1 4 0 0 1 1 220 
619 12 1 0 8 1 4 8 0 0 0 221 
620 12 0 1 0 23 28 12 18 20 26 13 15 -0.0226744 -7 685 686
621 12 0 1 0 16 31 13 13 13 32 14 17 -0.136986 -5 687 688
622 12 1 0 3 1 4 0 0 0 3 230 
623 12 1 0 4 1 4 1 3 0 0 231 
624 12 1 0 11 1 4 0 0 11 0 232 
625 12 1 0 8 1 4 0 0 8 0 234 
626 12 1 0 2 1 4 0 0 1 1 235 
627 12 1 0 52 1 4 0 52 0 0 238 
628 12 1 0 7 1 4 4 3 0 0 239 
629 12 0 1 0 5 30 13 19 9 26 14 14 -0.0166667 17 689 690
630 12 1 0 5 1 4 0 5 0 0 244 
631 12 1 0 30 1 4 0 0 0 30 250 
632 12 1 0 8 1 4 0 0 8 0 251 
633 12 0 1 0 20 9 13 15 11 8 20 20 -0.309524 5 691 692
634 12 0 1 0 24 30 13 14 13 18 19 12 -0.116601 116 693 694
635 12 1 0 53 1 4 0 0 0 53 328 
636 12 1 0 2 1 4 0 0 2 0 329 
637 12 0 1 0 3 33 14 14 29 22 20 17 -0 -38 695 696
638 12 1 0 3 1 4 2 1 0 0 332 
639 12 1 0 3 1 4 0 3 0 0 337 
640 12 0 1 0 24 28 19 18 29 31 12 16 -0.0105263 11 697 698
641 12 1 0 2 1 4 0 0 1 1 343 
642 12 0 1 0 12 22 15 16 13 13 14 17 -0.0121951 80 699 700
643 12 0 1 0 30 19 13 16 28 27 13 16 -0.0277778 -28 701 702
644 12 1 0 6 1 4 0 5 1 0 350 
645 12 0 1 0 15 3 13 20 26 5 18 17 -0.175508 -21 703 704
646 12 1 0 3 1 4 0 0 1 2 359 
647 12 0 1 0 22 3 16 12 21 3 13 18 -0.107143 29 705 706
648 12 0 1 0 16 30 14 15 28 34 12 18 -0.0135371 44 707 708
649 12 0 1 0 29 24 16 17 35 35 12 12 -0.211437 -34 709 710
650 12 0 1 0 24 16 13 13 23 19 12 16 -0.097168 13 711 712
651 12 1 0 9 1 4 1 0 5 3 473 
652 12 0 1 0 4 8 12 18 4 11 19 16 -0.0697643 9 713 714
653 12 1 0 2 1 4 1 1 0 0 479 
654 12 1 0 8 1 4 0 0 6 2 480 
655 12 1 0 2 1 4 0 0 1 1 485 
656 12 1 0 12 1 4 0 0 12 0 486 
657 12 1 0 2 1 4 1 0 1 0 494 
658 12 0 1 0 5 28 19 17 0 31 14 20 -0.0516985 -4 715 716
659 12 1 0 133 1 4 0 0 0 133 560 
660 12 1 0 2 1 4 0 0 1 1 561 
661 13 1 0 12 1 4 0 12 0 0 3 
662 13 1 0 2 1 4 1 1 0 0 4 
663 13 1 0 2 1 4 1 0 1 0 13 
664 13 0 1 0 29 31 14 14 27 27 19 13 -0.0337801 -7 717 718
665 13 1 0 2 1 4 1 1 0 0 27 
666 13 1 0 90 1 4 0 90 0 0 28 
667 13 1 0 2 1 4 1 1 0 0 36 
668 13 1 0 25 1 4 0 25 0 0 37 
669 13 1 0 3 1 4 0 0 0 3 46 
670 13 0 1 0 10 27 14 19 14 8 12 18 -0.142857 -4 719 720
671 13 0 1 0 10 31 12 18 22 28 18 17 -0.152575 -3 721 722
672 13 0 1 0 22 1 15 13 33 16 17 12 -0.287846 3 723 724
673 13 0 1 0 32 5 18 14 33 15 13 12 -0.00847269 8 725 726
674 13 1 0 4 1 4 3 1 0 0 127 
675 13 0 1 0 28 15 20 14 25 13 18 20 -0.0496302 20 727 728
676 13 0 1 0 11 3 16 20 0 15 14 15 -0 68 729 730
677 13 1 0 35 1 4 0 35 0 0 165 
678 13 1 0 2 1 4 0 1 1 0 166 
679 13 1 0 5 1 4 0 5 0 0 206 
680 13 1 0 23 1 4 23 0 0 0 207 
681 13 1 0 4 1 4 0 3 1 0 211 
682 13 1 0 17 1 4 0 0 17 0 212 
683 13 1 0 2 1 4 0 0 0 2 213 
684 13 0 1 0 20 1 14 17 20 5 14 13 -0.0995475 -21 731 732
685 13 0 1 0 2 17 20 18 12 6 18 20 -0.0125 24 733 734
686 13 1 0 3 1 4 0 0 3 0 224 
687 13 1 0 2 1 4 0 0 0 2 225 
688 13 0 1 0 24 28 14 14 29 31 16 16 -0.0605197 17 735 736
689 13 1 0 41 1 4 0 0 41 0 242 
690 13 1 0 4 1 4 0 3 1 0 243 
691 13 0 1 0 19 22 12 17 31 14 16 13 -0.122024 41 737 738
692 13 1 0 10 1 4 10 0 0 0 254 
693 13 0 1 0 28 11 17 13 1 29 16 14 -0.112871 21 739 740
694 13 0 1 0 12 10 13 16 4 32 12 16 -0.0178571 -90 741 742
695 13 1 0 5 1 4 0 0 0 5 330 
696 13 1 0 10 1 4 0 0 10 0 331 
697 13 1 0 109 1 4 0 0 109 0 338 
698 13 1 0 5 1 4 0 2 3 0 339 
699 13 1 0 39 1 4 0 0 39 0 344 
700 13 1 0 2 1 4 0 1 1 0 345 
701 13 1 0 2 1 4 0 1 1 0 348 
702 13 1 0 16 1 4 0 0 16 0 349 
703 13 1 0 8 1 4 6 2 0 0 351 
704 13 0 1 0 4 13 15 16 1 10 18 12 -0.123245 -1 743 744
705 13 1 0 8 1 4 0 6 2 0 379 
706 13 1 0 6 1 4 6 0 0 0 380 
707 13 0 1 0 28 27 12 12 27 31 12 19 -0.00502092 18 745 746
708 13 1 0 6 1 4 2 4 0 0 383 
709 13 0 1 0 1 7 13 15 6 29 17 12 -0.0782164 -72 747 748
710 13 0 1 0 32 16 15 12 5 13 19 14 -0.114466 -9 749 750
711 13 0 1 0 16 6 19 14 19 30 14 14 -0.0901106 -13 751 752
712 13 1 0 2 1 4 0 0 0 2 445 
713 13 0 1 0 5 22 18 17 8 29 16 15 -0.0352352 -12 753 754
714 13 1 0 6 1 4 0 2 0 4 478 
715 13 0 1 0 14 14 12 19 5 26 18 15 -0 -9 755 756
716 13 0 1 0 19 5 18 16 6 28 18 19 -0.0387702 29 757 758
717 14 0 1 0 2 8 15 19 8 7 16 14 -0.196897 -9 759 760
718 14 0 1 0 22 13 18 17 17 3 17 12 -0.0015674 -61 761 762
719 14 1 0 12 1 4 0 0 12 0 47 
720 14 1 0 2 1 4 1 0 1 0 48 
721 14 0 1 0 27 19 13 20 21 0 14 14 -0.115102 -63 763 764
722 14 0 1 0 16 24 17 13 25 0 18 16 -0.441045 78 765 766
723 14 0 1 0 4 20 13 20 7 0 12 18 -0.205031 -3 767 768
724 14 0 1 0 6 10 16 12 33 34 12 13 -0.0907811 -10 769 770
725 14 0 1 0 5 6 15 16 17 18 13 20 -0.00434783 -102 771 772
726 14 1 0 2 1 4 2 0 0 0 126 
727 14 0 1 0 24 35 12 20 11 31 14 16 -0.0475399 -25 773 774
728 14 1 0 6 1 4 0 6 0 0 157 
729 14 1 0 3 1 4 3 0 0 0 158 
730 14 1 0 8 1 4 0 8 0 0 159 
731 14 1 0 5 1 4 5 0 0 0 214 
732 14 0 1 0 8 2 20 16 7 29 18 15 -0.028463 -96 775 776
733 14 1 0 38 1 4 0 38 0 0 222 
734 14 1 0 2 1 4 0 1 1 0 223 
735 14 0 1 0 25 20 13 12 22 12 18 18 -0 40 777 778
736 14 0 1 0 9 17 14 15 2 18 15 19 -0.0306513 13 779 780
737 14 1 0 8 1 4 0 0 7 1 252 
738 14 1 0 6 1 4 1 5 0 0 253 
739 14 0 1 0 5 12 15 15 0 25 18 15 -0.105086 1 781 782
740 14 0 1 0 15 16 17 14 5 7 17 19 -0.112377 41 783 784
741 14 1 0 2 1 4 0 1 1 0 326 
742 14 1 0 26 1 4 0 26 0 0 327 
743 14 0 1 0 32 29 17 13 21 22 13 12 -0 -6 785 786
744 14 0 1 0 17 2 20 20 34 16 12 12 -0.0631068 -20 787 788
745 14 1 0 234 1 4 234 0 0 0 381 
746 14 1 0 5 1 4 3 2 0 0 382 
747 14 1 0 2 1 4 0 1 0 1 405 
748 14 0 1 0 28 30 16 17 18 2 16 17 -0.0138889 122 789 790
749 14 0 1 0 11 18 16 18 14 30 15 19 -0.0688759 1 791 792
750 14 1 0 4 1 4 4 0 0 0 411 
751 14 0 1 0 24 27 15 19 20 18 14 20 -0.0787737 -15 793 794
752 14 0 1 0 7 3 17 15 8 23 20 16 -0.125 -30 795 796
753 14 0 1 0 3 27 19 18 2 26 16 15 -0.0168712 9 797 798
754 14 1 0 3 1 4 0 1 1 1 477 
755 14 1 0 17 1 4 0 0 0 17 495 
756 14 1 0 3 1 4 3 0 0 0 496 
757 14 0 1 0 9 26 19 12 8 8 15 19 -0.0325742 11 799 800
758 14 1 0 2 1 4 1 0 0 1 512 
759 15 0 1 0 18 11 19 12 19 23 16 14 -0.02 -2 801 802
760 15 1 0 4 1 4 1 2 0 1 16 
761 15 1 0 2 1 4 1 1 0 0 17 
762 15 1 0 317 1 4 317 0 0 0 18 
763 15 1 0 4 1 4 0 1 0 3 49 
764 15 0 1 0 1 16 17 15 2 16 19 16 -0.10582 2 803 804
765 15 0 1 0 16 15 18 17 20 30 16 16 -0 -25 805 806
766 15 0 1 0 11 21 19 18 10 8 15 19 -0.113782 39 807 808
767 15 1 0 5 1 4 0 1 1 3 85 
768 15 0 1 0 12 3 17 14 13 30 17 15 -0.0708333 -29 809 810
769 15 0 1 0 19 25 13 18 14 28 15 12 -0.0306122 17 811 812
770 15 1 0 9 1 4 0 9 0 0 91 
771 15 1 0 2 1 4 1 1 0 0 124 
772 15 1 0 113 1 4 0 113 0 0 125 
773 15 0 1 0 29 27 20 16 1 35 12 13 -0.224176 -18 813 814
774 15 0 1 0 28 27 12 13 32 27 19 15 -0.0274879 22 815 816
775 15 1 0 3 1 4 0 0 3 0 215 
776 15 0 1 0 21 15 12 16 2 12 15 17 -0.016129 46 817 818
777 15 1 0 112 1 4 112 0 0 0 226 
778 15 1 0 3 1 4 0 3 0 0 227 
779 15 1 0 20 1 4 0 20 0 0 228 
780 15 1 0 9 1 4 8 1 0 0 229 
781 15 0 1 0 5 30 15 13 8 31 12 16 -0.0973644 -18 819 820
782 15 0 1 0 26 33 13 18 16 25 16 19 -0.185714 12 821 822
783 15 0 1 0 25 0 14 14 5 19 18 14 -0 19 823 824
784 15 1 0 8 1 4 0 1 7 0 325 
785 15 1 0 6 1 4 0 6 0 0 352 
786 15 1 0 12 1 4 0 0 12 0 353 
787 15 1 0 2 1 4 0 0 1 1 354 
788 15 0 1 0 21 33 14 19 13 14 15 20 -0.0287937 14 825 826
789 15 1 0 34 1 4 34 0 0 0 406 
790 15 1 0 2 1 4 1 1 0 0 407 
791 15 0 1 0 6 9 14 20 23 8 18 16 -0.037037 1 827 828
792 15 1 0 3 1 4 3 0 0 0 410 
793 15 0 1 0 31 29 18 16 23 10 16 20 -0.0514706 -2 829 830
794 15 0 1 0 17 12 17 18 23 33 12 14 -0.0690637 -3 831 832
795 15 1 0 2 1 4 0 1 0 1 443 
796 15 1 0 14 1 4 14 0 0 0 444 
797 15 1 0 4 1 4 0 1 1 2 474 
798 15 0 1 0 24 6 14 18 28 0 16 19 -0.00229358 -3 833 834
799 15 1 0 3 1 4 1 1 0 1 497 
800 15 0 1 0 24 23 19 18 26 15 18 15 -0.0291183 7 835 836
801 16 1 0 2 1 4 1 1 0 0 14 
802 16 1 0 23 1 4 23 0 0 0 15 
803 16 0 1 0 34 8 17 13 33 0 17 14 -0.0989274 -31 837 838
804 16 1 0 2 1 4 0 0 0 2 79 
805 16 1 0 5 1 4 0 5 0 0 80 
806 16 1 0 13 1 4 0 0 0 13 81 
807 16 0 1 0 8 21 17 17 26 33 13 20 -0.0208333 0 839 840
808 16 1 0 2 1 4 0 1 0 1 84 
809 16 1 0 8 1 4 6 2 0 0 86 
810 16 0 1 0 22 21 14 19 26 23 16 18 -0 -14 841 842
811 16 1 0 41 1 4 41 0 0 0 89 
812 16 1 0 8 1 4 2 6 0 0 90 
813 16 0 1 0 12 7 17 16 25 27 20 17 -0.128571 1 843 844
814 16 1 0 4 1 4 0 0 0 4 138 
815 16 0 1 0 11 8 14 15 4 23 18 15 -0.0214692 -46 845 846
816 16 0 1 0 18 26 15 12 20 32 14 15 -0.101852 -8 847 848
817 16 1 0 29 1 4 0 29 0 0 216 
818 16 1 0 2 1 4 1 1 0 0 217 
819 16 0 1 0 25 14 20 19 27 5 18 16 -0.15587 2 849 850
820 16 0 1 0 21 0 18 18 3 12 17 18 -0.0728592 18 851 852
821 16 0 1 0 18 3 20 15 4 28 16 18 -0.0238095 -50 853 854
822 16 0 1 0 26 7 16 18 4 2 12 14 -0.109091 -6 855 856
823 16 1 0 20 1 4 0 0 0 20 323 
824 16 1 0 3 1 4 0 0 3 0 324 
825 16 1 0 3 1 4 3 0 0 0 355 
826 16 0 1 0 29 5 14 17 13 1 14 20 -0.0168994 -4 857 858
827 16 1 0 2 1 4 0 1 0 1 408 
828 16 1 0 52 1 4 0 52 0 0 409 
829 16 1 0 8 1 4 1 7 0 0 412 
830 16 1 0 9 1 4 9 0 0 0 413 
831 16 0 1 0 3 28 18 13 1 23 20 17 -0.0629525 6 859 860
832 16 1 0 3 1 4 0 0 1 2 442 
833 16 1 0 2 1 4 0 0 1 1 475 
834 16 1 0 216 1 4 0 0 0 216 476 
835 16 0 1 0 5 24 15 20 20 19 12 15 -0.0118973 -90 861 862
836 16 0 1 0 4 17 15 14 12 4 17 12 -0.190202 -9 863 864
837 17 1 0 2 1 4 0 0 0 2 50 
838 17 0 1 0 32 27 12 15 31 22 12 15 -0.0937266 -7 865 866
839 17 1 0 2 1 4 1 1 0 0 82 
840 17 1 0 22 1 4 0 22 0 0 83 
841 17 1 0 2 1 4 0 0 2 0 87 
842 17 1 0 38 1 4 0 38 0 0 88 
843 17 1 0 2 1 4 1 0 0 1 136 
844 17 1 0 33 1 4 33 0 0 0 137 
845 17 1 0 2 1 4 1 0 0 1 139 
846 17 0 1 0 14 23 15 16 14 27 18 13 -0.0174202 -24 867 868
847 17 1 0 13 1 4 0 13 0 0 154 
848 17 0 1 0 26 8 14 14 22 15 16 18 -0.0529101 -36 869 870
849 17 0 1 0 4 1 18 14 26 20 14 12 -0.106736 4 871 872
850 17 0 1 0 16 6 15 19 11 6 13 13 -0.127724 16 873 874
851 17 0 1 0 12 22 19 18 17 19 15 18 -0.0631258 -8 875 876
852 17 0 1 0 17 7 13 20 6 32 15 15 -0.0546875 -44 877 878
853 17 1 0 2 1 4 1 1 0 0 318 
854 17 1 0 19 1 4 0 19 0 0 319 
855 17 1 0 4 1 4 0 4 0 0 320 
856 17 0 1 0 23 6 19 16 20 11 18 12 -0 8 879 880
857 17 1 0 3 1 4 0 1 2 0 356 
858 17 0 1 0 21 1 12 16 15 23 12 14 -0.00526316 9 881 882
859 17 0 1 0 23 21 15 16 29 34 13 13 -0.056124 25 883 884
860 17 0 1 0 33 31 16 13 23 29 18 13 -0 -44 885 886
861 17 1 0 6 1 4 1 0 0 5 498 
862 17 0 1 0 1 7 17 19 16 18 20 14 -0.00769031 7 887 888
863 17 0 1 0 1 21 20 13 3 27 20 18 -0.194444 -46 889 890
864 17 0 1 0 17 10 17 13 4 8 20 19 -0.0485072 -4 891 892
865 18 1 0 6 1 4 0 2 2 2 51 
866 18 0 1 0 25 29 13 18 29 29 16 12 -0.0834745 13 893 894
867 18 1 0 2 1 4 1 0 0 1 140 
868 18 0 1 0 16 27 20 19 26 34 13 17 -0.0138 -28 895 896
869 18 1 0 7 1 4 2 5 0 0 155 
870 18 1 0 20 1 4 20 0 0 0 156 
871 18 0 1 0 26 26 19 20 17 12 12 19 -0.0276786 44 897 898
872 18 1 0 6 1 4 0 1 5 0 258 
873 18 0 1 0 15 13 18 19 22 10 16 19 -0.11191 1 899 900
874 18 0 1 0 21 17 12 12 6 23 19 13 -0.05 36 901 902
875 18 1 0 2 1 4 2 0 0 0 276 
876 18 0 1 0 12 16 18 12 13 20 13 18 -0.0596772 18 903 904
877 18 1 0 8 1 4 0 0 8 0 316 
878 18 1 0 8 1 4 7 1 0 0 317 
879 18 1 0 9 1 4 0 0 9 0 321 
880 18 1 0 2 1 4 0 0 0 2 322 
881 18 1 0 93 1 4 0 93 0 0 357 
882 18 1 0 2 1 4 0 1 1 0 358 
883 18 0 1 0 20 4 19 12 16 30 16 19 -0.0499057 -18 905 906
884 18 1 0 3 1 4 0 1 0 2 439 
885 18 1 0 5 1 4 0 5 0 0 440 
886 18 1 0 10 1 4 10 0 0 0 441 
887 18 0 1 0 4 12 16 19 7 25 15 14 -0.00727528 -4 907 908
888 18 1 0 2 1 4 0 0 1 1 506 
889 18 1 0 10 1 4 0 0 0 10 507 
890 18 1 0 8 1 4 0 7 0 1 508 
891 18 1 0 4 1 4 0 1 2 1 509 
892 18 0 1 0 16 14 19 13 16 13 20 15 -0.0252101 9 909 910
893 19 0 1 0 5 19 19 17 4 30 14 13 -0.0775009 -6 911 912
894 19 1 0 2 1 4 0 0 0 2 78 
895 19 1 0 7 1 4 3 3 1 0 141 
896 19 0 1 0 13 28 14 17 11 29 16 15 -0.0109253 -13 913 914
897 19 0 1 0 1 13 19 18 7 12 16 18 -0.015625 10 915 916
898 19 1 0 3 1 4 0 0 3 0 257 
899 19 0 1 0 5 13 16 12 5 2 17 17 -0.10296 1 917 918
900 19 0 1 0 24 26 18 15 4 9 16 13 -0.0824546 44 919 920
901 19 1 0 8 1 4 0 0 0 8 274 
902 19 1 0 2 1 4 0 0 1 1 275 
903 19 0 1 0 17 22 12 12 10 32 14 18 -0.056216 13 921 922
904 19 1 0 2 1 4 2 0 0 0 315 
905 19 0 1 0 0 2 15 18 7 13 13 16 -0.0450395 -1 923 924
906 19 1 0 2 1 4 0 0 1 1 438 
907 19 0 1 0 0 21 20 16 3 22 18 17 -0.00265361 1 925 926
908 19 0 1 0 26 21 20 20 26 28 19 17 -0.155172 -6 927 928
909 19 1 0 115 1 4 0 0 0 115 510 
910 19 1 0 4 1 4 0 1 0 3 511 
911 20 1 0 7 1 4 7 0 0 0 52 
912 20 0 1 0 14 5 20 13 5 26 19 20 -0.0671283 -12 929 930
913 20 1 0 3 1 4 2 0 0 1 142 
914 20 0 1 0 8 26 20 17 8 26 14 20 -0.00754886 16 931 932
915 20 1 0 30 1 4 0 0 0 30 255 
916 20 1 0 2 1 4 0 0 1 1 256 
917 20 0 1 0 25 27 18 19 20 34 13 17 -0.0396825 -20 933 934
918 20 1 0 16 1 4 0 0 16 0 261 
919 20 1 0 5 1 4 0 5 0 0 262 
920 20 0 1 0 23 22 19 16 17 19 16 19 -0.0688532 5 935 936
921 20 0 1 0 4 29 17 14 5 17 13 12 -0.053644 9 937 938
922 20 1 0 2 1 4 2 0 0 0 314 
923 20 0 1 0 25 2 20 20 28 5 19 12 -0.0403659 8 939 940
924 20 1 0 5 1 4 0 1 3 1 437 
925 20 0 1 0 23 30 12 16 28 19 12 12 -0.0021534 17 941 942
926 20 0 1 0 9 28 13 20 19 12 15 15 -0.0416667 26 943 944
927 20 1 0 2 1 4 1 0 0 1 504 
928 20 1 0 27 1 4 0 0 0 27 505 
929 21 1 0 3 1 4 0 0 0 3 53 
930 21 0 1 0 21 19 20 12 25 28 16 12 -0.0628976 19 945 946
931 21 0 1 0 17 24 19 14 17 26 18 12 -0.00581057 -11 947 948
932 21 0 1 0 19 1 17 18 22 30 17 16 -0 -63 949 950
933 21 1 0 15 1 4 0 0 0 15 259 
934 21 1 0 6 1 4 0 0 5 1 260 
935 21 1 0 5 1 4 0 0 0 5 263 
936 21 0 1 0 10 24 18 14 16 24 13 15 -0.0576666 -31 951 952
937 21 0 1 0 16 27 15 12 12 33 13 20 -0.135566 -21 953 954
938 21 0 1 0 28 18 13 14 23 12 15 18 -0.0479863 -17 955 956
939 21 0 1 0 29 9 20 13 28 14 16 19 -0.0372198 -17 957 958
940 21 1 0 7 1 4 5 2 0 0 436 
941 21 1 0 1734 1 4 0 0 0 1734 499 
942 21 0 1 0 9 13 12 12 12 7 12 16 -0.032345 9 959 960
943 21 1 0 10 1 4 0 0 0 10 502 
944 21 1 0 2 1 4 0 0 1 1 503 
945 22 0 1 0 15 5 17 14 2 29 15 16 -0.0595027 12 961 962
946 22 1 0 5 1 4 5 0 0 0 77 
947 22 1 0 3 1 4 2 0 1 0 143 
948 22 0 1 0 2 32 12 20 2 3 12 12 -0.0043483 16 963 964
949 22 1 0 4 1 4 0 4 0 0 152 
950 22 1 0 7 1 4 7 0 0 0 153 
951 22 1 0 4 1 4 2 0 2 0 264 
952 22 0 1 0 6 6 15 13 11 6 20 13 -0.0388857 5 965 966
953 22 0 1 0 22 15 18 15 2 23 15 17 -0 3 967 968
954 22 0 1 0 5 3 17 18 24 0 12 20 -0.0454545 5 969 970
955 22 1 0 6 1 4 0 0 1 5 281 
956 22 0 1 0 23 9 19 13 31 27 19 15 -0.0453685 1 971 972
957 22 0 1 0 2 24 13 13 16 27 16 14 -0 -66 973 974
958 22 0 1 0 20 24 17 17 11 1 15 16 -0.0332696 -3 975 976
959 22 1 0 99 1 4 0 0 0 99 500 
960 22 1 0 7 1 4 0 1 0 6 501 
961 23 1 0 4 1 4 0 2 0 2 54 
962 23 0 1 0 28 6 20 18 25 25 20 13 -0.0531451 -45 977 978
963 23 0 1 0 25 6 14 16 33 10 20 12 -0 6 979 980
964 23 0 1 0 26 14 17 12 21 9 14 17 -0.00256463 33 981 982
965 23 0 1 0 15 7 20 13 25 11 17 15 -0.0305276 17 983 984
966 23 1 0 4 1 4 0 3 1 0 273 
967 23 1 0 15 1 4 0 15 0 0 277 
968 23 1 0 4 1 4 0 0 4 0 278 
969 23 1 0 9 1 4 0 0 9 0 279 
970 23 1 0 2 1 4 0 0 1 1 280 
971 23 0 1 0 17 14 20 14 22 23 14 14 -0.0424389 8 985 986
972 23 1 0 3 1 4 2 0 1 0 313 
973 23 1 0 6 1 4 0 6 0 0 414 
974 23 1 0 5 1 4 0 0 5 0 415 
975 23 1 0 2 1 4 0 1 0 1 416 
976 23 0 1 0 3 35 12 12 12 28 18 17 -0.028867 -4 987 988
977 24 0 1 0 29 11 18 17 28 8 18 12 -0.0436702 24 989 990
978 24 0 1 0 22 6 14 20 22 9 16 12 -0.071684 -25 991 992
979 24 1 0 4 1 4 0 4 0 0 144 
980 24 1 0 25 1 4 25 0 0 0 145 
981 24 0 1 0 0 31 12 15 0 0 18 12 -0.00210127 -4 993 994
982 24 1 0 2 1 4 1 1 0 0 151 
983 24 0 1 0 16 30 16 13 10 35 12 14 -0.0247224 -12 995 996
984 24 1 0 2 1 4 0 2 0 0 272 
985 24 0 1 0 35 27 17 12 11 12 14 17 -0.0401966 -3 997 998
986 24 1 0 4 1 4 1 2 1 0 312 
987 24 0 1 0 20 19 19 12 1 15 15 20 -0.0271653 100 999 1000
988 24 1 0 3 1 4 3 0 0 0 435 
989 25 0 1 0 23 10 20 20 25 23 17 13 -0.041582 -24 1001 1002
990 25 1 0 3 1 4 3 0 0 0 72 
991 25 0 1 0 5 7 12 17 10 5 15 16 -0 -19 1003 1004
992 25 0 1 0 17 28 18 20 24 33 12 12 -0 1 1005 1006
993 25 1 0 2 1 4 1 1 0 0 146 
994 25 0 1 0 22 0 20 12 4 7 17 20 -0.00177705 92 1007 1008
995 25 1 0 2 1 4 0 0 0 2 265 
996 25 0 1 0 24 20 20 14 20 21 16 20 -0.0187672 20 1009 1010
997 25 0 1 0 24 7 13 15 29 2 14 12 -0 -1 1011 1012
998 25 0 1 0 12 9 20 17 32 32 13 15 -0.037675 2 1013 1014
999 25 0 1 0 9 9 18 16 10 16 13 19 -0.0263344 16 1015 1016
1000 25 1 0 2 1 4 2 0 0 0 434 
1001 26 0 1 0 5 9 18 17 21 23 17 12 -0.0265533 -111 1017 1018
1002 26 0 1 0 18 28 18 20 31 5 18 12 -0.220276 65 1019 1020
1003 26 1 0 2 1 4 0 2 0 0 73 
1004 26 1 0 11 1 4 11 0 0 0 74 
1005 26 1 0 35 1 4 0 35 0 0 75 
1006 26 1 0 2 1 4 2 0 0 0 76 
1007 26 0 1 0 4 30 12 20 0 31 16 20 -0.0013418 -12 1021 1022
1008 26 1 0 5 1 4 4 1 0 0 150 
1009 26 0 1 0 1 24 20 15 3 27 13 18 -0.0118946 -28 1023 1024
1010 26 1 0 2 1 4 0 0 0 2 271 
1011 26 1 0 6 1 4 0 6 0 0 282 
1012 26 1 0 5 1 4 0 0 5 0 283 
1013 26 0 1 0 19 21 20 14 15 25 20 20 -0.0340777 6 1025 1026
1014 26 1 0 3 1 4 0 0 0 3 311 
1015 26 0 1 0 6 31 16 14 19 31 16 18 -0.0247547 -11 1027 1028
1016 26 1 0 4 1 4 2 2 0 0 433 
1017 27 1 0 2 1 4 0 1 0 1 55 
1018 27 0 1 0 28 12 16 12 32 16 14 15 -0.0233385 58 1029 1030
1019 27 0 1 0 4 27 20 19 7 25 20 15 -0.0645161 4 1031 1032
1020 27 1 0 4 1 4 0 1 0 3 71 
1021 27 0 1 0 15 13 17 19 18 27 20 14 -0.0117188 -21 1033 1034
1022 27 1 0 2067 1 4 2067 0 0 0 149 
1023 27 1 0 4 1 4 0 0 1 3 266 
1024 27 0 1 0 1 26 17 19 19 25 18 15 -0.00799696 -87 1035 1036
1025 27 0 1 0 35 34 12 12 26 2 16 18 -0.0325322 -2 1037 1038
1026 27 1 0 2 1 4 2 0 0 0 310 
1027 27 0 1 0 30 24 12 14 30 22 19 17 -0.0145542 -21 1039 1040
1028 27 0 1 0 26 27 20 19 6 27 17 14 -0.129085 -6 1041 1042
1029 28 0 1 0 19 8 14 20 2 33 14 14 -0.0207832 -6 1043 1044
1030 28 1 0 3 1 4 2 1 0 0 68 
1031 28 1 0 28 1 4 0 28 0 0 69 
1032 28 1 0 3 1 4 0 1 1 1 70 
1033 28 1 0 4 1 4 1 3 0 0 147 
1034 28 1 0 60 1 4 60 0 0 0 148 
1035 28 1 0 2 1 4 0 1 1 0 267 
1036 28 0 1 0 28 20 19 16 32 27 15 14 -0.00484383 -42 1045 1046
1037 28 1 0 7 1 4 0 5 2 0 284 
1038 28 0 1 0 10 15 13 20 9 20 12 15 -0.0305361 10 1047 1048
1039 28 1 0 6 1 4 2 4 0 0 417 
1040 28 0 1 0 0 26 16 15 0 29 18 15 -0.0125907 -4 1049 1050
1041 28 0 1 0 19 1 19 14 3 20 19 12 -0.0833333 -5 1051 1052
1042 28 1 0 3 1 4 0 0 2 1 432 
1043 29 1 0 2 1 4 2 0 0 0 56 
1044 29 0 1 0 28 26 15 18 30 22 20 13 -0.0200387 18 1053 1054
1045 29 1 0 2 1 4 0 0 1 1 268 
1046 29 0 1 0 35 23 15 12 12 8 20 19 -0.00162866 -11 1055 1056
1047 29 0 1 0 15 2 20 16 19 3 17 12 -0.0292172 -12 1057 1058
1048 29 1 0 5 1 4 0 4 1 0 309 
1049 29 0 1 0 25 33 13 14 25 33 14 15 -0.0504072 1 1059 1060
1050 29 0 1 0 31 35 12 16 31 34 13 14 -0.005161 4 1061 1062
1051 29 0 1 0 19 5 16 14 17 26 18 19 -0.0321146 -17 1063 1064
1052 29 1 0 2 1 4 0 1 0 1 431 
1053 30 0 1 0 4 10 19 17 10 9 14 12 -0.0182775 -62 1065 1066
1054 30 1 0 5 1 4 2 3 0 0 67 
1055 30 1 0 2 1 4 0 0 1 1 269 
1056 30 1 0 305 1 4 0 0 305 0 270 
1057 30 1 0 7 1 4 1 2 4 0 285 
1058 30 0 1 0 8 33 14 14 27 4 18 18 -0.0266496 174 1067 1068
1059 30 0 1 0 11 21 13 12 23 28 13 12 -0 -14 1069 1070
1060 30 0 1 0 6 28 14 12 11 26 20 19 -0.00847458 -31 1071 1072
1061 30 0 1 0 12 18 13 18 21 29 12 13 -0.00362963 34 1073 1074
1062 30 1 0 4 1 4 2 2 0 0 427 
1063 30 0 1 0 11 2 17 18 13 9 14 18 -0.0113636 0 1075 1076
1064 30 1 0 2 1 4 1 1 0 0 430 
1065 31 1 0 6 1 4 2 4 0 0 57 
1066 31 0 1 0 3 33 12 19 19 29 12 18 -0.0150361 -36 1077 1078
1067 31 0 1 0 32 31 15 14 26 9 19 14 -0.0257053 0 1079 1080
1068 31 1 0 2 1 4 0 2 0 0 308 
1069 31 1 0 4 1 4 0 4 0 0 418 
1070 31 1 0 7 1 4 7 0 0 0 419 
1071 31 1 0 57 1 4 0 57 0 0 420 
1072 31 1 0 2 1 4 1 1 0 0 421 
1073 31 0 1 0 15 10 17 14 13 12 17 19 -0.00259875 16 1081 1082
1074 31 1 0 2 1 4 1 1 0 0 426 
1075 31 1 0 42 1 4 0 42 0 0 428 
1076 31 1 0 2 1 4 0 1 1 0 429 
1077 32 0 1 0 5 22 18 18 11 5 18 20 -0.0145567 -95 1083 1084
1078 32 1 0 2 1 4 2 0 0 0 66 
1079 32 1 0 2 1 4 0 0 0 2 286 
1080 32 0 1 0 14 17 12 15 30 25 19 14 -0.0249497 5 1085 1086
1081 32 0 1 0 24 13 13 15 34 14 18 13 -0.00156141 -26 1087 1088
1082 32 1 0 2 1 4 1 1 0 0 425 
1083 33 1 0 2 1 4 1 1 0 0 58 
1084 33 0 1 0 4 24 14 16 5 11 17 16 -0.0135698 13 1089 1090
1085 33 0 1 0 14 22 20 19 23 31 14 16 -0.0210322 11 1091 1092
1086 33 0 1 0 9 19 13 19 12 2 18 15 -0.047619 46 1093 1094
1087 33 1 0 2 1 4 1 1 0 0 422 
1088 33 0 1 0 8 8 15 13 3 0 18 13 -0.000913361 -4 1095 1096
1089 34 0 1 0 4 14 13 17 1 28 12 20 -0.0127724 -11 1097 1098
1090 34 1 0 2 1 4 1 1 0 0 65 
1091 34 0 1 0 4 29 18 14 4 31 13 20 -0.0198185 -21 1099 1100
1092 34 1 0 3 1 4 0 0 1 2 305 
1093 34 1 0 3 1 4 2 1 0 0 306 
1094 34 1 0 11 1 4 0 0 11 0 307 
1095 34 1 0 8 1 4 0 7 1 0 423 
1096 34 1 0 950 1 4 0 950 0 0 424 
1097 35 0 1 0 4 12 12 16 0 8 15 17 -0.166667 12 1101 1102
1098 35 0 1 0 5 28 15 17 9 13 14 15 -0.00905337 -14 1103 1104
1099 35 1 0 2 1 4 0 2 0 0 287 
1100 35 0 1 0 32 29 18 15 24 30 16 15 -0.0191304 -37 1105 1106
1101 36 1 0 10 1 4 0 10 0 0 59 
1102 36 1 0 2 1 4 0 1 0 1 60 
1103 36 0 1 0 10 22 19 18 4 32 13 18 -0.000967867 12 1107 1108
1104 36 0 1 0 29 19 13 17 27 13 20 19 -0.0527307 -6 1109 1110
1105 36 0 1 0 27 16 12 14 7 0 14 12 -0.0480282 -3 1111 1112
1106 36 0 1 0 23 24 13 17 20 16 12 15 -0.0123581 -10 1113 1114
1107 37 1 0 6 1 4 1 5 0 0 61 
1108 37 1 0 855 1 4 0 855 0 0 62 
1109 37 1 0 9 1 4 0 7 0 2 63 
1110 37 1 0 109 1 4 0 109 0 0 64 
1111 37 0 1 0 0 1 14 20 32 20 16 15 -0 5 1115 1116
1112 37 0 1 0 0 22 12 13 10 27 12 14 -0.0239417 -23 1117 1118
1113 37 1 0 3 1 4 0 0 1 2 293 
1114 37 0 1 0 26 24 19 19 20 18 15 20 -0.011651 -1 1119 1120
1115 38 1 0 13 1 4 0 13 0 0 288 
1116 38 1 0 3 1 4 0 0 3 0 289 
1117 38 0 1 0 11 9 15 14 20 3 13 20 -0.00549451 -9 1121 1122
1118 38 1 0 6 1 4 0 2 4 0 292 
1119 38 1 0 5 1 4 1 0 4 0 294 
1120 38 0 1 0 12 10 13 13 24 15 15 20 -0.00987057 3 1123 1124
1121 39 1 0 2 1 4 0 0 1 1 290 
1122 39 1 0 89 1 4 0 0 89 0 291 
1123 39 0 1 0 2 26 19 15 8 10 17 16 -0.00421141 9 1125 1126
1124 39 0 1 0 32 31 14 15 16 19 14 18 -0.0671094 0 1127 1128
1125 40 1 0 4 1 4 0 0 3 1 295 
1126 40 0 1 0 26 20 20 13 25 27 17 19 -0.00354133 8 1129 1130
1127 40 1 0 7 1 4 2 0 5 0 302 
1128 40 0 1 0 25 27 19 15 25 28 15 20 -0.0163399 14 1131 1132
1129 41 0 1 0 33 28 12 13 35 11 20 12 -0.00314719 -5 1133 1134
1130 41 1 0 2 1 4 0 1 1 0 301 
1131 41 1 0 127 1 4 0 0 127 0 303 
1132 41 1 0 9 1 4 0 4 5 0 304 
1133 42 0 1 0 3 27 19 15 6 20 20 16 -0 14 1135 1136
1134 42 0 1 0 8 10 16 14 14 5 18 16 -0.00216347 -10 1137 1138
1135 43 1 0 2 1 4 0 2 0 0 296 
1136 43 1 0 15 1 4 0 0 15 0 297 
1137 43 0 1 0 17 20 18 14 15 18 20 15 -0.0503145 5 1139 1140
1138 43 1 0 1761 1 4 0 0 1761 0 300 
1139 44 1 0 3 1 4 1 0 2 0 298 
1140 44 1 0 50 1 4 0 0 50 0 299 
