-2147483648 -2147483648 data/trees_headpose/tree_028.txt
100 10 5000 30 30000 1 48 1 data/trees_headpose ./data/Cropped_HBO_Data_4view.txt
1 0
0 0 0 1 0 8 33 12 18 28 35 12 18 -0.976348 43 1 2
1 1 0 1 0 18 9 17 16 24 14 16 20 -0.708044 11 3 4
2 1 0 1 0 0 10 14 18 27 11 12 12 -0.544365 -4 5 6
3 2 0 1 0 7 13 15 14 2 23 17 16 -0.584541 5 7 8
4 2 0 1 0 5 20 15 18 0 34 13 13 -0.574738 2 9 10
5 2 0 1 0 1 26 20 15 4 24 20 14 -0.279008 9 11 12
6 2 0 1 0 25 14 15 15 25 26 19 18 -0.825348 -7 13 14
7 3 0 1 0 12 9 15 14 8 9 19 18 -0.557723 2 15 16
8 3 0 1 0 33 34 12 12 24 19 17 20 -0.304602 -35 17 18
9 3 0 1 0 11 7 12 20 4 17 16 17 -0.310426 -6 19 20
10 3 0 1 0 6 13 13 16 3 27 14 19 -0.657404 -11 21 22
11 3 0 1 0 4 25 19 14 12 6 18 18 -0.222369 -61 23 24
12 3 0 1 0 16 31 12 17 29 24 15 13 -0.820879 33 25 26
13 3 0 1 0 6 3 17 18 10 0 14 16 -0.526712 2 27 28
14 3 0 1 0 29 26 12 12 33 32 15 12 -0.787472 -4 29 30
15 4 0 1 0 32 31 13 15 28 18 12 18 -0.374729 -8 31 32
16 4 0 1 0 29 30 14 16 27 22 15 16 -1.09742 -14 33 34
17 4 0 1 0 1 2 19 19 5 32 13 16 -0.915465 -12 35 36
18 4 0 1 0 25 4 14 19 27 3 16 14 -0.22483 8 37 38
19 4 0 1 0 2 13 16 16 5 16 20 13 -0.819045 -17 39 40
20 4 0 1 0 26 34 13 14 20 28 13 14 -0.215593 35 41 42
21 4 0 1 0 9 26 12 16 3 23 17 12 -1.10556 30 43 44
22 4 0 1 0 18 19 15 13 23 29 18 13 -0.431117 16 45 46
23 4 1 0 8 1 4 8 0 0 0 475 
24 4 0 1 0 6 24 20 12 0 26 18 20 -0.203035 -3 47 48
25 4 0 1 0 13 4 20 17 22 0 19 14 -0.2 -4 49 50
26 4 0 1 0 31 33 12 14 7 27 18 15 -0.408163 -96 51 52
27 4 0 1 0 27 22 13 14 23 29 14 13 -0.562249 -37 53 54
28 4 0 1 0 3 22 18 20 6 26 14 12 -0.417231 -14 55 56
29 4 0 1 0 4 26 19 14 1 16 13 13 -0.696296 58 57 58
30 4 0 1 0 9 32 13 16 21 28 16 14 -0.442741 4 59 60
31 5 0 1 0 14 27 20 13 6 27 14 19 -0.435139 15 61 62
32 5 0 1 0 1 17 12 20 0 27 19 16 -0.306051 3 63 64
33 5 0 1 0 2 29 18 20 1 27 19 13 -0.286514 14 65 66
34 5 0 1 0 5 6 17 19 17 6 12 13 -0.880072 -25 67 68
35 5 0 1 0 23 16 14 13 22 9 19 14 -0.503902 41 69 70
36 5 1 0 6 1 4 5 1 0 0 208 
37 5 0 1 0 19 16 12 16 30 23 20 12 -0.206422 43 71 72
38 5 0 1 0 23 21 15 12 17 15 20 20 -0.047619 12 73 74
39 5 0 1 0 14 21 18 14 22 23 17 14 -0.754269 13 75 76
40 5 0 1 0 11 0 17 19 2 9 20 20 -0.476167 -9 77 78
41 5 0 1 0 13 9 16 20 20 29 13 20 -0.194594 -46 79 80
42 5 0 1 0 31 8 20 12 21 5 20 13 -0.172808 -33 81 82
43 5 0 1 0 4 7 16 18 6 8 18 14 -0.717915 -2 83 84
44 5 0 1 0 12 1 13 13 22 6 17 16 -0.914828 -15 85 86
45 5 0 1 0 28 23 14 16 34 29 17 13 -0.361938 -18 87 88
46 5 0 1 0 12 12 20 14 1 21 19 14 -0.395199 30 89 90
47 5 0 1 0 23 28 12 15 30 31 15 13 -0.494333 41 91 92
48 5 0 1 0 7 26 20 15 13 22 19 18 -0.155112 -52 93 94
49 5 1 0 2 1 4 1 0 1 0 520 
50 5 1 0 8 1 4 0 0 0 8 521 
51 5 1 0 7 1 4 1 2 0 4 522 
52 5 0 1 0 28 33 12 13 25 16 12 20 -0 35 95 96
53 5 0 1 0 20 2 13 18 26 19 19 14 -0.327194 16 97 98
54 5 0 1 0 10 2 14 19 8 13 17 17 -0.1 2 99 100
55 5 0 1 0 18 12 15 12 24 35 12 13 -0.253355 -15 101 102
56 5 0 1 0 15 8 19 14 19 20 19 13 -0.326636 16 103 104
57 5 0 1 0 19 25 13 12 17 13 20 15 -0.109023 1 105 106
58 5 1 0 9 1 4 1 0 1 7 565 
59 5 0 1 0 25 14 16 13 11 32 12 15 -0.2 -47 107 108
60 5 0 1 0 30 10 16 14 28 18 17 15 -0.225863 2 109 110
61 6 0 1 0 25 7 17 14 33 20 17 13 -0.530668 12 111 112
62 6 0 1 0 5 10 19 19 17 0 14 20 -0.182981 13 113 114
63 6 0 1 0 13 21 19 14 23 10 14 16 -0.276731 -12 115 116
64 6 0 1 0 14 9 18 16 7 4 13 14 -0.384153 -3 117 118
65 6 0 1 0 27 8 13 17 17 4 19 20 -0 -15 119 120
66 6 0 1 0 26 5 13 19 2 28 16 13 -0.114407 -34 121 122
67 6 0 1 0 0 27 15 20 0 26 18 13 -0.54792 28 123 124
68 6 0 1 0 12 34 13 12 14 20 17 17 -0.824085 30 125 126
69 6 0 1 0 7 16 17 14 7 5 13 17 -0.244203 0 127 128
70 6 1 0 3 1 4 2 1 0 0 207 
71 6 0 1 0 16 28 16 16 0 4 12 16 -0.184239 5 129 130
72 6 0 1 0 23 2 14 12 18 1 17 16 -0.08 0 131 132
73 6 1 0 35 1 4 35 0 0 0 250 
74 6 1 0 7 1 4 1 5 1 0 251 
75 6 0 1 0 15 1 20 16 32 28 13 14 -0.474739 -63 133 134
76 6 0 1 0 13 22 15 14 17 10 17 19 -0.298667 57 135 136
77 6 0 1 0 18 26 19 17 13 19 20 20 -0.336206 17 137 138
78 6 1 0 4 1 4 0 0 1 3 273 
79 6 0 1 0 20 30 14 17 21 6 19 15 -0.357982 34 139 140
80 6 0 1 0 14 6 15 12 13 2 20 16 -0.171599 -8 141 142
81 6 0 1 0 10 2 17 19 25 23 19 15 -0.0699301 7 143 144
82 6 0 1 0 21 8 17 17 29 10 13 12 -0.0451128 22 145 146
83 6 0 1 0 21 10 12 17 22 13 18 19 -0.435036 4 147 148
84 6 0 1 0 12 25 20 20 14 27 19 12 -0.39814 -10 149 150
85 6 0 1 0 23 23 16 16 16 28 13 16 -0.787808 -3 151 152
86 6 0 1 0 26 17 14 19 23 10 15 19 -0.470007 -5 153 154
87 6 0 1 0 1 35 12 18 33 1 14 13 -0.315214 35 155 156
88 6 0 1 0 16 2 19 20 30 29 12 17 -0.317805 16 157 158
89 6 0 1 0 6 28 19 16 16 17 19 15 -0.0454545 -19 159 160
90 6 0 1 0 1 3 16 12 4 6 14 12 -0.348553 2 161 162
91 6 0 1 0 13 10 14 19 6 13 14 13 -0.247222 17 163 164
92 6 0 1 0 17 5 17 13 21 21 17 17 -0.0166667 -21 165 166
93 6 1 0 4 1 4 4 0 0 0 481 
94 6 0 1 0 9 13 17 15 1 2 20 12 -0.143716 -15 167 168
95 6 1 0 25 1 4 25 0 0 0 523 
96 6 1 0 10 1 4 0 10 0 0 524 
97 6 0 1 0 12 26 19 15 10 23 12 16 -0.253078 46 169 170
98 6 1 0 14 1 4 0 0 0 14 531 
99 6 0 1 0 9 27 20 15 21 29 16 16 -0 51 171 172
100 6 1 0 5 1 4 0 1 4 0 534 
101 6 0 1 0 5 28 15 13 9 17 13 14 -0.0759259 53 173 174
102 6 0 1 0 10 19 12 16 6 1 12 20 -0.0454545 27 175 176
103 6 0 1 0 19 18 12 12 18 16 18 17 -0.293919 31 177 178
104 6 0 1 0 4 16 13 19 16 15 16 18 -0.0217391 21 179 180
105 6 0 1 0 27 15 19 15 31 8 12 16 -0 -5 181 182
106 6 1 0 2 1 4 0 0 1 1 564 
107 6 1 0 2 1 4 0 0 0 2 566 
108 6 0 1 0 1 12 18 16 31 10 20 14 -0 15 183 184
109 6 0 1 0 11 28 12 15 8 29 16 16 -0.164511 11 185 186
110 6 0 1 0 31 13 17 15 31 22 14 13 -0.112554 6 187 188
111 7 0 1 0 19 1 13 20 32 0 12 12 -0.281119 3 189 190
112 7 0 1 0 15 15 15 16 13 26 12 18 -0 11 191 192
113 7 0 1 0 0 33 12 15 4 23 20 16 -0.0766681 23 193 194
114 7 0 1 0 33 14 16 14 20 28 13 16 -0.164327 -37 195 196
115 7 0 1 0 18 31 16 15 15 27 15 18 -0.979064 19 197 198
116 7 0 1 0 0 31 12 13 24 10 14 17 -0.223098 -11 199 200
117 7 0 1 0 5 20 20 14 26 21 14 12 -0.044186 -31 201 202
118 7 0 1 0 24 17 18 16 30 22 13 14 -0.355057 -7 203 204
119 7 1 0 2 1 4 0 2 0 0 149 
120 7 1 0 8 1 4 8 0 0 0 150 
121 7 1 0 4 1 4 2 0 1 1 151 
122 7 1 0 55 1 4 0 0 0 55 152 
123 7 0 1 0 5 21 20 14 5 29 18 12 -0.395787 -6 205 206
124 7 1 0 9 1 4 0 2 0 7 162 
125 7 0 1 0 18 27 14 15 16 5 17 13 -0.768401 53 207 208
126 7 0 1 0 17 32 15 14 24 6 16 15 -0.599586 19 209 210
127 7 1 0 3 1 4 1 1 0 1 204 
128 7 0 1 0 13 31 12 20 6 4 17 20 -0.025 43 211 212
129 7 0 1 0 25 21 15 19 23 10 14 20 -0.0518519 46 213 214
130 7 0 1 0 29 30 15 14 18 11 13 14 -0.163727 -21 215 216
131 7 1 0 23 1 4 23 0 0 0 248 
132 7 1 0 2 1 4 0 1 0 1 249 
133 7 0 1 0 9 24 14 16 1 30 17 18 -0.0519713 -20 217 218
134 7 0 1 0 24 30 17 14 11 17 16 18 -0.328115 10 219 220
135 7 1 0 20 1 4 0 0 0 20 260 
136 7 0 1 0 26 23 13 13 8 16 12 12 -0.128 -32 221 222
137 7 0 1 0 27 0 19 12 1 24 12 12 -0.22995 5 223 224
138 7 0 1 0 17 23 13 13 6 13 17 19 -0.0942761 75 225 226
139 7 0 1 0 15 1 16 13 13 3 18 18 -0.0208333 -10 227 228
140 7 0 1 0 20 12 18 19 8 2 16 14 -0.270539 90 229 230
141 7 1 0 3 1 4 0 0 0 3 284 
142 7 0 1 0 9 32 13 13 9 31 14 20 -0.161395 13 231 232
143 7 0 1 0 15 20 20 13 19 2 13 14 -0.0454545 -3 233 234
144 7 1 0 2 1 4 2 0 0 0 336 
145 7 0 1 0 6 26 20 19 11 23 17 19 -0.0263158 4 235 236
146 7 1 0 2 1 4 0 0 0 2 339 
147 7 0 1 0 7 22 13 20 7 24 12 18 -0.25402 -1 237 238
148 7 0 1 0 9 22 16 18 11 19 19 15 -0.0555556 6 239 240
149 7 1 0 8 1 4 2 0 0 6 347 
150 7 0 1 0 27 10 15 17 22 9 14 12 -0.120127 -18 241 242
151 7 0 1 0 3 25 16 17 10 10 17 12 -0.690581 7 243 244
152 7 0 1 0 22 11 15 12 25 15 15 19 -0.112821 26 245 246
153 7 0 1 0 16 21 12 18 14 14 14 14 -0.525 -3 247 248
154 7 0 1 0 13 31 16 17 19 0 17 20 -0.0597604 61 249 250
155 7 0 1 0 10 30 13 12 13 22 16 19 -0.256303 7 251 252
156 7 0 1 0 0 26 18 18 0 1 14 12 -0.195795 83 253 254
157 7 0 1 0 12 26 13 18 4 33 13 13 -0.173015 32 255 256
158 7 0 1 0 0 14 13 20 4 24 18 14 -0.897348 0 257 258
159 7 1 0 2 1 4 0 0 1 1 462 
160 7 1 0 9 1 4 0 0 0 9 463 
161 7 0 1 0 0 27 13 14 0 31 16 12 -0.244953 -2 259 260
162 7 1 0 7 1 4 3 0 0 4 474 
163 7 1 0 2 1 4 0 0 1 1 476 
164 7 0 1 0 25 9 18 18 22 24 15 19 -0 -21 261 262
165 7 1 0 28 1 4 0 0 0 28 479 
166 7 1 0 2 1 4 1 1 0 0 480 
167 7 1 0 3 1 4 3 0 0 0 482 
168 7 0 1 0 12 8 15 12 9 8 20 16 -0.131004 17 263 264
169 7 0 1 0 26 19 12 15 26 34 12 13 -0.167385 -90 265 266
170 7 0 1 0 22 13 17 14 1 35 12 13 -0 -63 267 268
171 7 1 0 27 1 4 0 0 0 27 532 
172 7 1 0 3 1 4 0 0 3 0 533 
173 7 0 1 0 2 20 19 16 6 24 19 19 -0.0333333 -36 269 270
174 7 1 0 9 1 4 0 0 8 1 537 
175 7 1 0 2 1 4 0 0 1 1 538 
176 7 1 0 9 1 4 0 0 0 9 539 
177 7 0 1 0 24 2 20 13 2 10 20 20 -0.254147 -10 271 272
178 7 1 0 5 1 4 0 0 0 5 559 
179 7 1 0 21 1 4 21 0 0 0 560 
180 7 1 0 2 1 4 1 1 0 0 561 
181 7 1 0 2 1 4 0 2 0 0 562 
182 7 1 0 17 1 4 17 0 0 0 563 
183 7 1 0 4 1 4 0 4 0 0 567 
184 7 1 0 6 1 4 6 0 0 0 568 
185 7 0 1 0 16 10 14 16 11 18 17 13 -0.110293 -51 273 274
186 7 1 0 4 1 4 1 1 0 2 574 
187 7 0 1 0 25 33 12 18 26 10 16 18 -0.0454545 7 275 276
188 7 1 0 3 1 4 0 0 1 2 577 
189 8 0 1 0 2 21 15 14 23 12 20 12 -0.133333 -25 277 278
190 8 1 0 6 1 4 3 1 2 0 5 
191 8 1 0 16 1 4 16 0 0 0 6 
192 8 1 0 2 1 4 0 0 0 2 7 
193 8 0 1 0 1 1 14 13 1 19 20 19 -0.0493977 9 279 280
194 8 1 0 3 1 4 2 0 0 1 13 
195 8 0 1 0 4 29 13 19 23 9 15 20 -0.05 -5 281 282
196 8 1 0 9 1 4 0 0 4 5 16 
197 8 0 1 0 0 32 12 13 5 1 12 20 -0.619639 8 283 284
198 8 0 1 0 12 26 17 13 3 21 20 20 -0.153846 11 285 286
199 8 0 1 0 1 34 12 19 2 34 13 13 -0.629443 11 287 288
200 8 0 1 0 2 31 16 16 26 34 13 20 -0.172646 -100 289 290
201 8 1 0 3 1 4 0 0 0 3 130 
202 8 0 1 0 25 30 17 12 5 3 19 12 -0 60 291 292
203 8 0 1 0 1 20 16 17 1 23 20 13 -0.214386 20 293 294
204 8 0 1 0 7 19 19 13 5 29 14 19 -0.267607 -20 295 296
205 8 0 1 0 13 7 13 17 31 26 16 12 -0.127941 -86 297 298
206 8 0 1 0 15 29 15 17 31 25 13 12 -0.332298 15 299 300
207 8 0 1 0 24 0 12 17 21 26 20 12 -0.654089 -20 301 302
208 8 0 1 0 8 7 13 14 18 15 13 19 -0.352107 -94 303 304
209 8 0 1 0 7 27 14 19 6 20 18 20 -0 12 305 306
210 8 0 1 0 23 22 20 14 20 10 17 14 -0.408812 7 307 308
211 8 1 0 2 1 4 0 0 1 1 205 
212 8 1 0 18 1 4 0 0 0 18 206 
213 8 0 1 0 27 14 20 18 13 10 16 18 -0.0333333 -7 309 310
214 8 1 0 3 1 4 0 3 0 0 211 
215 8 1 0 4 1 4 0 0 0 4 212 
216 8 0 1 0 33 23 18 12 12 9 13 16 -0.14843 105 311 312
217 8 1 0 5 1 4 0 5 0 0 252 
218 8 0 1 0 7 32 15 12 16 27 15 17 -0 6 313 314
219 8 1 0 4 1 4 0 0 1 3 255 
220 8 0 1 0 24 2 19 14 25 31 13 12 -0.0740859 -108 315 316
221 8 1 0 5 1 4 3 2 0 0 261 
222 8 0 1 0 23 30 13 20 18 22 13 14 -0.0722222 31 317 318
223 8 0 1 0 5 23 18 19 29 22 12 13 -0.0693248 0 319 320
224 8 1 0 4 1 4 1 1 0 2 269 
225 8 0 1 0 2 26 20 20 5 27 12 17 -0 5 321 322
226 8 1 0 3 1 4 0 0 2 1 272 
227 8 1 0 22 1 4 22 0 0 0 274 
228 8 1 0 2 1 4 1 1 0 0 275 
229 8 0 1 0 22 27 18 18 14 10 17 16 -0.164603 36 323 324
230 8 1 0 6 1 4 0 0 3 3 283 
231 8 0 1 0 27 29 17 14 30 35 12 14 -0.147544 8 325 326
232 8 1 0 5 1 4 1 0 0 4 333 
233 8 1 0 2 1 4 0 1 1 0 334 
234 8 1 0 9 1 4 0 9 0 0 335 
235 8 1 0 2 1 4 0 1 1 0 337 
236 8 1 0 17 1 4 0 0 17 0 338 
237 8 0 1 0 11 0 19 16 9 23 20 19 -0.0646259 -59 327 328
238 8 0 1 0 7 27 12 20 6 24 17 18 -0 4 329 330
239 8 1 0 9 1 4 0 0 0 9 345 
240 8 1 0 3 1 4 0 1 2 0 346 
241 8 0 1 0 20 8 12 12 27 23 18 14 -0.0522038 -12 331 332
242 8 1 0 5 1 4 0 0 4 1 352 
243 8 0 1 0 4 8 13 20 16 1 20 19 -1.01933 -20 333 334
244 8 0 1 0 12 10 17 18 9 24 19 20 -0.271539 -7 335 336
245 8 1 0 2 1 4 0 0 0 2 366 
246 8 0 1 0 15 4 15 14 23 16 17 17 -0 -41 337 338
247 8 1 0 10 1 4 0 0 0 10 369 
248 8 0 1 0 11 12 18 12 24 26 18 18 -0.0857143 -27 339 340
249 8 0 1 0 24 1 20 13 6 0 18 14 -0 3 341 342
250 8 0 1 0 10 9 17 15 4 30 14 14 -0.0151515 -31 343 344
251 8 0 1 0 26 30 15 16 0 32 15 18 -0.16816 54 345 346
252 8 1 0 7 1 4 0 0 1 6 387 
253 8 0 1 0 12 32 13 18 25 35 12 18 -0.155107 26 347 348
254 8 1 0 2 1 4 0 0 0 2 398 
255 8 0 1 0 25 27 19 12 29 30 15 15 -0.398372 15 349 350
256 8 0 1 0 15 6 20 17 26 14 13 19 -0.103535 8 351 352
257 8 0 1 0 25 30 12 16 11 27 19 14 -0.92911 -1 353 354
258 8 0 1 0 13 34 12 16 17 28 16 16 -0.529518 15 355 356
259 8 0 1 0 27 9 15 19 32 21 12 12 -0.0243243 -6 357 358
260 8 0 1 0 2 22 15 16 4 24 16 16 -0.501213 -9 359 360
261 8 1 0 8 1 4 0 8 0 0 477 
262 8 1 0 10 1 4 10 0 0 0 478 
263 8 0 1 0 30 29 16 13 28 14 12 18 -0.102453 9 361 362
264 8 0 1 0 34 28 19 13 24 18 18 20 -0.731944 -18 363 364
265 8 1 0 3 1 4 0 0 2 1 525 
266 8 0 1 0 29 18 18 18 11 5 14 12 -0.0331034 15 365 366
267 8 1 0 10 1 4 0 0 10 0 529 
268 8 1 0 2 1 4 0 0 0 2 530 
269 8 1 0 2 1 4 0 1 1 0 535 
270 8 1 0 13 1 4 0 13 0 0 536 
271 8 0 1 0 22 12 18 16 18 30 17 12 -0.18328 -49 367 368
272 8 0 1 0 20 29 13 19 11 23 14 14 -0.445013 -13 369 370
273 8 1 0 4 1 4 0 2 0 2 569 
274 8 0 1 0 2 26 16 14 2 26 13 15 -0.0684246 11 371 372
275 8 1 0 9 1 4 0 9 0 0 575 
276 8 1 0 2 1 4 1 1 0 0 576 
277 9 0 1 0 26 7 18 17 12 17 20 15 -0 -18 373 374
278 9 0 1 0 10 3 20 17 10 25 12 17 -0.0832151 3 375 376
279 9 0 1 0 1 0 17 16 4 1 20 12 -0.0296252 3 377 378
280 9 1 0 2 1 4 1 0 0 1 12 
281 9 1 0 2 1 4 1 1 0 0 14 
282 9 1 0 8 1 4 8 0 0 0 15 
283 9 0 1 0 22 13 13 18 25 20 12 13 -0.186508 -2 379 380
284 9 0 1 0 11 16 16 12 16 7 13 16 -0.0175439 -5 381 382
285 9 0 1 0 22 27 16 17 21 21 19 15 -0.0673077 15 383 384
286 9 1 0 18 1 4 0 0 0 18 23 
287 9 0 1 0 13 18 18 20 14 17 19 12 -0.898072 10 385 386
288 9 0 1 0 15 12 19 19 29 14 18 15 -0.287698 47 387 388
289 9 0 1 0 27 25 20 19 7 35 12 17 -0.0575655 16 389 390
290 9 0 1 0 31 12 20 12 17 9 12 14 -0.162473 -13 391 392
291 9 1 0 38 1 4 0 0 38 0 131 
292 9 1 0 2 1 4 0 2 0 0 132 
293 9 0 1 0 2 11 15 15 22 20 18 19 -0 -64 393 394
294 9 1 0 6 1 4 1 3 2 0 135 
295 9 1 0 4 1 4 0 0 0 4 136 
296 9 0 1 0 24 0 18 15 22 3 14 18 -0.201858 -2 395 396
297 9 1 0 7 1 4 0 3 1 3 153 
298 9 0 1 0 21 20 14 17 28 9 20 15 -0.0428758 47 397 398
299 9 0 1 0 26 14 13 18 5 5 12 19 -0.142391 48 399 400
300 9 1 0 5 1 4 0 0 0 5 161 
301 9 0 1 0 6 32 15 12 8 29 12 13 -0.606814 2 401 402
302 9 0 1 0 2 13 19 12 16 6 20 16 -0.0521978 -25 403 404
303 9 1 0 4 1 4 4 0 0 0 183 
304 9 0 1 0 33 18 19 13 23 6 13 20 -0.224924 0 405 406
305 9 1 0 4 1 4 0 0 4 0 190 
306 9 1 0 10 1 4 10 0 0 0 191 
307 9 0 1 0 14 7 16 19 18 10 17 14 -0 -4 407 408
308 9 0 1 0 35 17 18 12 22 5 13 15 -0.316613 -26 409 410
309 9 1 0 2 1 4 0 0 1 1 209 
310 9 1 0 13 1 4 0 0 13 0 210 
311 9 0 1 0 6 21 16 13 2 31 13 13 -0.128831 -8 411 412
312 9 1 0 8 1 4 0 3 0 5 247 
313 9 1 0 29 1 4 0 0 29 0 253 
314 9 1 0 2 1 4 0 0 0 2 254 
315 9 0 1 0 12 23 19 12 21 7 14 19 -0 117 413 414
316 9 0 1 0 28 27 20 16 7 4 15 18 -0.0294118 40 415 416
317 9 0 1 0 0 23 15 12 8 26 18 13 -0.0277778 -37 417 418
318 9 1 0 2 1 4 0 0 1 1 264 
319 9 1 0 2 1 4 0 1 1 0 265 
320 9 0 1 0 13 32 15 19 7 22 12 20 -0.0327089 42 419 420
321 9 1 0 3 1 4 3 0 0 0 270 
322 9 1 0 30 1 4 0 30 0 0 271 
323 9 0 1 0 31 30 17 16 23 20 15 19 -0.0375 11 421 422
324 9 0 1 0 18 27 13 19 14 8 20 17 -0.0740835 59 423 424
325 9 0 1 0 8 1 20 14 8 13 20 13 -0.110421 -44 425 426
326 9 0 1 0 4 26 18 17 0 28 19 12 -0.491155 30 427 428
327 9 0 1 0 7 30 12 15 5 28 17 16 -0 6 429 430
328 9 1 0 7 1 4 7 0 0 0 342 
329 9 1 0 10 1 4 0 0 10 0 343 
330 9 1 0 3 1 4 0 3 0 0 344 
331 9 1 0 6 1 4 0 5 1 0 348 
332 9 0 1 0 25 21 20 12 28 27 20 19 -0.00979892 24 431 432
333 9 0 1 0 5 0 13 19 1 34 13 12 -0 -16 433 434
334 9 0 1 0 19 29 14 17 19 34 12 17 -0.526646 -14 435 436
335 9 0 1 0 3 10 20 20 21 4 12 12 -0.208084 24 437 438
336 9 1 0 2 1 4 2 0 0 0 365 
337 9 1 0 2 1 4 2 0 0 0 367 
338 9 1 0 11 1 4 0 11 0 0 368 
339 9 1 0 3 1 4 0 0 0 3 370 
340 9 1 0 7 1 4 1 6 0 0 371 
341 9 1 0 2 1 4 0 2 0 0 372 
342 9 1 0 8 1 4 8 0 0 0 373 
343 9 1 0 2 1 4 0 1 1 0 374 
344 9 1 0 31 1 4 0 31 0 0 375 
345 9 0 1 0 33 8 19 12 6 2 18 20 -0.0782164 -3 439 440
346 9 0 1 0 14 9 20 19 15 5 17 14 -0.106364 -15 441 442
347 9 0 1 0 2 34 13 17 21 28 18 16 -0.0879754 -62 443 444
348 9 1 0 3 1 4 1 0 0 2 397 
349 9 0 1 0 0 23 16 14 3 33 13 13 -0.156426 -4 445 446
350 9 0 1 0 24 2 17 17 27 22 18 20 -0.36613 -1 447 448
351 9 0 1 0 17 5 13 13 34 26 13 12 -0.676871 20 449 450
352 9 0 1 0 33 20 19 13 24 13 16 15 -0.0741663 -72 451 452
353 9 0 1 0 4 8 19 20 0 31 15 17 -0.743979 -1 453 454
354 9 0 1 0 24 2 20 12 28 17 17 13 -0.200893 41 455 456
355 9 0 1 0 1 31 15 16 2 27 15 20 -0.344912 -8 457 458
356 9 1 0 9 1 4 1 0 0 8 461 
357 9 1 0 2 1 4 1 0 0 1 464 
358 9 1 0 183 1 4 183 0 0 0 465 
359 9 0 1 0 27 21 19 13 28 19 14 14 -0.55925 8 459 460
360 9 0 1 0 33 25 15 13 18 4 18 15 -0.0760982 -15 461 462
361 9 0 1 0 3 15 20 15 10 18 12 20 -0.0561887 -85 463 464
362 9 0 1 0 5 14 19 14 7 4 19 15 -0.414987 -1 465 466
363 9 0 1 0 23 15 12 19 28 20 14 19 -0.328125 31 467 468
364 9 1 0 6 1 4 6 0 0 0 519 
365 9 0 1 0 9 6 20 18 12 3 20 20 -0.02 -2 469 470
366 9 1 0 4 1 4 0 0 4 0 528 
367 9 0 1 0 19 14 15 18 19 32 13 15 -0.151854 -29 471 472
368 9 1 0 8 1 4 8 0 0 0 555 
369 9 1 0 6 1 4 0 0 0 6 556 
370 9 0 1 0 24 4 20 18 3 14 20 19 -0.0705882 -9 473 474
371 9 0 1 0 7 27 15 14 2 31 14 14 -0.0351541 -18 475 476
372 9 1 0 4 1 4 0 2 0 2 573 
373 10 1 0 2 1 4 0 0 2 0 0 
374 10 1 0 8 1 4 0 0 0 8 1 
375 10 0 1 0 8 28 18 18 11 25 19 19 -0.0444444 -12 477 478
376 10 1 0 2 1 4 0 0 0 2 4 
377 10 0 1 0 12 12 13 16 27 2 14 12 -0.0251063 22 479 480
378 10 1 0 3 1 4 0 0 3 0 11 
379 10 1 0 9 1 4 2 7 0 0 17 
380 10 1 0 7 1 4 0 0 2 5 18 
381 10 1 0 35 1 4 35 0 0 0 19 
382 10 1 0 3 1 4 0 0 2 1 20 
383 10 1 0 8 1 4 1 7 0 0 21 
384 10 1 0 5 1 4 0 0 5 0 22 
385 10 0 1 0 30 30 17 17 16 4 15 12 -0 65 481 482
386 10 0 1 0 12 25 13 19 23 21 19 14 -0.359504 -17 483 484
387 10 0 1 0 28 0 13 17 23 1 14 12 -0.198796 -18 485 486
388 10 1 0 2 1 4 2 0 0 0 38 
389 10 1 0 3 1 4 0 0 1 2 39 
390 10 0 1 0 9 3 17 20 3 10 14 18 -0 -2 487 488
391 10 0 1 0 29 28 14 13 18 9 18 13 -0.367008 30 489 490
392 10 0 1 0 7 26 12 15 15 15 19 12 -0.145278 -17 491 492
393 10 1 0 3 1 4 0 0 0 3 133 
394 10 1 0 16 1 4 0 0 16 0 134 
395 10 0 1 0 30 26 17 12 24 28 17 14 -0.0722222 -1 493 494
396 10 0 1 0 10 13 18 15 17 6 20 12 -0.152511 2 495 496
397 10 0 1 0 12 2 12 19 2 28 14 14 -0.0131532 45 497 498
398 10 1 0 3 1 4 0 2 0 1 157 
399 10 1 0 8 1 4 7 1 0 0 158 
400 10 0 1 0 5 19 19 18 25 28 16 19 -0 -16 499 500
401 10 0 1 0 17 11 19 16 30 9 19 16 -0.567481 -7 501 502
402 10 0 1 0 15 10 13 19 24 33 13 20 -0.364127 -28 503 504
403 10 1 0 2 1 4 1 1 0 0 180 
404 10 0 1 0 28 9 15 18 34 1 20 12 -0.0192308 16 505 506
405 10 1 0 5 1 4 0 0 0 5 184 
406 10 0 1 0 35 22 17 12 11 7 16 12 -0.104762 36 507 508
407 10 1 0 19 1 4 0 0 0 19 192 
408 10 1 0 4 1 4 0 0 4 0 193 
409 10 1 0 5 1 4 5 0 0 0 194 
410 10 0 1 0 11 10 14 12 19 14 17 18 -0.216394 -58 509 510
411 10 0 1 0 21 23 15 13 26 34 12 19 -0.196429 -21 511 512
412 10 0 1 0 14 8 20 17 21 19 14 18 -0.105045 -67 513 514
413 10 1 0 18 1 4 0 18 0 0 256 
414 10 1 0 2 1 4 0 0 2 0 257 
415 10 1 0 2 1 4 1 1 0 0 258 
416 10 1 0 15 1 4 15 0 0 0 259 
417 10 1 0 16 1 4 0 0 16 0 262 
418 10 1 0 2 1 4 0 1 1 0 263 
419 10 0 1 0 1 19 16 19 1 25 18 14 -0.0116959 7 515 516
420 10 1 0 2 1 4 0 2 0 0 268 
421 10 1 0 9 1 4 0 9 0 0 276 
422 10 0 1 0 2 2 17 19 3 20 19 13 -0.03125 -38 517 518
423 10 0 1 0 9 20 19 18 22 28 18 17 -0.0212451 -24 519 520
424 10 1 0 5 1 4 0 1 4 0 282 
425 10 0 1 0 3 2 14 19 18 35 12 18 -0.0882353 -129 521 522
426 10 0 1 0 14 32 15 16 17 28 16 14 -0.0895204 20 523 524
427 10 0 1 0 17 13 20 20 26 17 20 12 -0.343809 2 525 526
428 10 1 0 7 1 4 0 2 0 5 332 
429 10 1 0 2 1 4 0 0 2 0 340 
430 10 1 0 19 1 4 0 19 0 0 341 
431 10 0 1 0 9 17 12 12 9 9 18 18 -0.00515464 -32 527 528
432 10 1 0 4 1 4 0 4 0 0 351 
433 10 1 0 3 1 4 3 0 0 0 353 
434 10 1 0 32 1 4 0 0 0 32 354 
435 10 1 0 7 1 4 0 0 0 7 355 
436 10 0 1 0 9 30 17 13 24 12 12 20 -0.218182 57 529 530
437 10 0 1 0 2 22 14 18 0 30 13 12 -0.13748 -1 531 532
438 10 1 0 4 1 4 0 3 1 0 364 
439 10 0 1 0 24 12 12 14 28 25 14 13 -0.0138889 -20 533 534
440 10 1 0 2 1 4 0 1 0 1 378 
441 10 1 0 2 1 4 0 0 0 2 379 
442 10 0 1 0 0 28 19 15 1 29 13 15 -0.0793969 5 535 536
443 10 0 1 0 8 13 15 13 16 17 12 14 -0.12814 -48 537 538
444 10 0 1 0 28 26 19 15 31 24 20 15 -0.0189448 31 539 540
445 10 0 1 0 12 25 13 14 10 14 12 18 -0.011396 -14 541 542
446 10 0 1 0 23 31 16 16 5 27 15 16 -0.149611 7 543 544
447 10 0 1 0 8 29 12 12 4 28 17 15 -0.176113 23 545 546
448 10 0 1 0 11 31 16 13 0 9 18 20 -0 38 547 548
449 10 0 1 0 8 19 13 18 13 25 16 13 -0.401587 -28 549 550
450 10 1 0 7 1 4 0 0 0 7 416 
451 10 1 0 2 1 4 0 0 0 2 417 
452 10 0 1 0 3 27 20 12 7 11 15 16 -0.0698048 -15 551 552
453 10 1 0 2 1 4 2 0 0 0 442 
454 10 0 1 0 16 0 18 15 11 24 19 18 -0.489929 2 553 554
455 10 0 1 0 31 12 12 14 19 16 18 20 -0 -54 555 556
456 10 1 0 2 1 4 0 0 0 2 449 
457 10 0 1 0 7 17 13 14 13 22 19 12 -0.306474 -53 557 558
458 10 0 1 0 20 23 14 20 28 11 12 13 -0 34 559 560
459 10 1 0 6 1 4 0 1 0 5 466 
460 10 0 1 0 16 30 13 13 15 20 14 13 -0.32521 -7 561 562
461 10 0 1 0 27 25 20 19 28 30 14 13 -0.0390417 -13 563 564
462 10 1 0 10 1 4 0 10 0 0 473 
463 10 1 0 4 1 4 2 0 0 2 483 
464 10 0 1 0 11 34 12 20 28 35 12 15 -0.0450738 35 565 566
465 10 0 1 0 17 27 12 14 11 21 19 20 -0.332751 23 567 568
466 10 0 1 0 31 14 18 16 22 25 18 18 -0.286112 -95 569 570
467 10 1 0 8 1 4 1 5 0 2 517 
468 10 1 0 16 1 4 0 0 0 16 518 
469 10 1 0 2 1 4 1 1 0 0 526 
470 10 1 0 23 1 4 0 23 0 0 527 
471 10 0 1 0 13 21 14 15 11 11 13 19 -0.127723 -4 571 572
472 10 1 0 3 1 4 0 0 0 3 554 
473 10 1 0 12 1 4 0 12 0 0 557 
474 10 1 0 5 1 4 0 0 2 3 558 
475 10 1 0 2 1 4 0 1 0 1 570 
476 10 0 1 0 20 13 20 19 24 30 12 17 -0.0119048 -6 573 574
477 11 1 0 2 1 4 1 0 1 0 2 
478 11 1 0 43 1 4 0 0 43 0 3 
479 11 0 1 0 0 0 13 16 10 10 12 12 -0.0033241 -9 575 576
480 11 1 0 5 1 4 1 0 0 4 10 
481 11 1 0 8 1 4 0 0 0 8 24 
482 11 1 0 3 1 4 0 0 3 0 25 
483 11 0 1 0 3 27 19 17 16 3 18 13 -0.15625 2 577 578
484 11 0 1 0 6 10 19 17 1 21 13 17 -0.0454545 -12 579 580
485 11 0 1 0 1 29 16 16 3 24 15 18 -0.233333 -4 581 582
486 11 0 1 0 29 28 18 12 27 17 14 19 -0.0627647 77 583 584
487 11 1 0 3 1 4 0 0 3 0 40 
488 11 1 0 55 1 4 0 55 0 0 41 
489 11 0 1 0 16 6 19 12 8 25 17 15 -0.0815217 -39 585 586
490 11 0 1 0 29 32 14 14 12 26 12 18 -0.054902 -12 587 588
491 11 0 1 0 27 2 12 12 18 19 13 15 -0.231061 -50 589 590
492 11 0 1 0 4 31 14 16 5 25 18 16 -0.131243 -8 591 592
493 11 0 1 0 11 20 19 18 1 27 18 20 -0.0277778 1 593 594
494 11 1 0 2 1 4 0 1 1 0 139 
495 11 0 1 0 17 2 20 14 20 7 14 18 -0.193333 -4 595 596
496 11 0 1 0 29 6 18 18 29 0 13 14 -0.0950061 26 597 598
497 11 0 1 0 22 13 16 18 24 23 20 12 -0 -33 599 600
498 11 1 0 2 1 4 0 2 0 0 156 
499 11 1 0 12 1 4 0 12 0 0 159 
500 11 1 0 3 1 4 0 0 3 0 160 
501 11 1 0 4 1 4 0 0 1 3 163 
502 11 0 1 0 21 32 15 15 32 5 13 15 -0.425064 55 601 602
503 11 0 1 0 3 2 17 19 2 3 17 13 -0.275493 -1 603 604
504 11 0 1 0 11 27 16 19 15 17 17 14 -0.0295833 -15 605 606
505 11 1 0 24 1 4 0 0 24 0 181 
506 11 1 0 2 1 4 0 0 1 1 182 
507 11 0 1 0 11 27 20 12 13 14 16 15 -0 33 607 608
508 11 0 1 0 12 9 16 17 18 9 18 12 -0.0540741 -26 609 610
509 11 0 1 0 33 14 12 14 23 27 20 16 -0 -130 611 612
510 11 0 1 0 4 27 19 19 15 16 13 13 -0.115866 25 613 614
511 11 1 0 3 1 4 0 0 3 0 213 
512 11 0 1 0 24 32 12 12 25 13 18 19 -0.0284091 51 615 616
513 11 1 0 2 1 4 0 0 0 2 217 
514 11 0 1 0 29 23 16 16 27 24 20 13 -0.0975588 10 617 618
515 11 1 0 54 1 4 54 0 0 0 266 
516 11 1 0 3 1 4 1 2 0 0 267 
517 11 1 0 2 1 4 1 1 0 0 277 
518 11 1 0 14 1 4 14 0 0 0 278 
519 11 0 1 0 28 23 20 15 24 13 18 15 -0.0113636 9 619 620
520 11 1 0 2 1 4 0 0 2 0 281 
521 11 1 0 8 1 4 0 0 2 6 285 
522 11 1 0 9 1 4 9 0 0 0 286 
523 11 0 1 0 17 29 16 12 15 15 16 18 -0.0827356 42 621 622
524 11 1 0 4 1 4 1 0 0 3 322 
525 11 0 1 0 2 3 16 12 1 3 13 16 -0.165342 1 623 624
526 11 0 1 0 13 24 19 16 9 35 12 20 -0.124706 -15 625 626
527 11 1 0 2 1 4 1 1 0 0 349 
528 11 1 0 95 1 4 95 0 0 0 350 
529 11 0 1 0 18 26 17 19 19 18 18 17 -0.0444444 8 627 628
530 11 1 0 2 1 4 0 0 0 2 358 
531 11 1 0 3 1 4 2 0 0 1 359 
532 11 0 1 0 17 24 17 14 22 30 16 15 -0.0512645 -19 629 630
533 11 1 0 2 1 4 1 1 0 0 376 
534 11 1 0 34 1 4 34 0 0 0 377 
535 11 0 1 0 29 26 18 12 31 25 17 14 -0.0399861 2 631 632
536 11 0 1 0 18 6 19 18 25 29 16 16 -0 -52 633 634
537 11 0 1 0 22 2 14 14 30 17 20 12 -0.0294118 -50 635 636
538 11 0 1 0 16 17 13 15 15 29 15 18 -0.1 -13 637 638
539 11 0 1 0 9 27 18 20 9 27 20 20 -0.0146078 -5 639 640
540 11 1 0 3 1 4 0 3 0 0 396 
541 11 1 0 9 1 4 1 8 0 0 399 
542 11 1 0 69 1 4 69 0 0 0 400 
543 11 1 0 2 1 4 0 0 1 1 401 
544 11 0 1 0 1 26 18 12 0 18 14 14 -0 -3 641 642
545 11 0 1 0 18 15 20 15 18 17 20 19 -0.0868005 9 643 644
546 11 1 0 3 1 4 0 0 0 3 410 
547 11 1 0 6 1 4 0 6 0 0 411 
548 11 1 0 6 1 4 0 0 0 6 412 
549 11 1 0 6 1 4 1 0 0 5 413 
550 11 0 1 0 9 25 12 16 5 16 14 12 -0.0333333 58 645 646
551 11 0 1 0 16 27 19 15 8 30 15 12 -0.0594822 15 647 648
552 11 0 1 0 22 29 16 13 18 21 12 15 -0.0391414 3 649 650
553 11 0 1 0 16 28 17 15 18 11 17 17 -0.270062 30 651 652
554 11 1 0 3 1 4 2 1 0 0 446 
555 11 1 0 9 1 4 0 9 0 0 447 
556 11 1 0 5 1 4 5 0 0 0 448 
557 11 1 0 3 1 4 0 0 0 3 450 
558 11 0 1 0 7 25 12 20 3 29 18 16 -0.247369 11 653 654
559 11 1 0 30 1 4 30 0 0 0 459 
560 11 1 0 11 1 4 0 11 0 0 460 
561 11 1 0 7 1 4 0 6 0 1 467 
562 11 0 1 0 18 12 18 17 24 31 15 13 -0 -8 655 656
563 11 1 0 3 1 4 0 3 0 0 470 
564 11 0 1 0 33 15 18 13 32 1 17 13 -0.0217391 0 657 658
565 11 1 0 6 1 4 3 0 0 3 484 
566 11 0 1 0 26 12 16 13 29 4 16 14 -0.0343401 -16 659 660
567 11 0 1 0 12 1 18 14 7 20 12 14 -0.0699301 30 661 662
568 11 0 1 0 4 7 17 14 20 4 16 12 -0.0454545 -86 663 664
569 11 1 0 5 1 4 0 3 1 1 507 
570 11 0 1 0 26 2 13 12 33 1 13 13 -0.226301 -2 665 666
571 11 1 0 3 1 4 0 0 1 2 540 
572 11 0 1 0 19 20 14 12 15 30 17 17 -0.106909 0 667 668
573 11 1 0 2 1 4 0 1 0 1 571 
574 11 1 0 166 1 4 0 0 0 166 572 
575 12 1 0 5 1 4 0 0 2 3 8 
576 12 1 0 356 1 4 0 0 0 356 9 
577 12 1 0 6 1 4 0 6 0 0 26 
578 12 0 1 0 28 33 13 17 14 2 14 20 -0 108 669 670
579 12 1 0 2 1 4 1 1 0 0 29 
580 12 1 0 9 1 4 9 0 0 0 30 
581 12 1 0 6 1 4 0 0 2 4 31 
582 12 1 0 4 1 4 2 2 0 0 32 
583 12 0 1 0 1 5 12 18 2 8 14 13 -0.0431548 6 671 672
584 12 1 0 2 1 4 0 1 1 0 37 
585 12 1 0 8 1 4 0 5 3 0 42 
586 12 1 0 15 1 4 15 0 0 0 43 
587 12 1 0 2 1 4 0 2 0 0 44 
588 12 0 1 0 14 26 17 18 10 14 16 13 -0.0333333 73 673 674
589 12 0 1 0 9 2 19 19 26 15 12 16 -0 -20 675 676
590 12 1 0 6 1 4 0 0 2 4 49 
591 12 0 1 0 35 21 16 12 16 19 15 20 -0 4 677 678
592 12 0 1 0 28 18 19 19 30 32 14 15 -0.126907 4 679 680
593 12 1 0 2 1 4 1 1 0 0 137 
594 12 1 0 16 1 4 16 0 0 0 138 
595 12 1 0 5 1 4 0 5 0 0 140 
596 12 0 1 0 26 9 15 16 3 4 18 20 -0.0875 8 681 682
597 12 0 1 0 17 3 15 13 23 7 13 15 -0.052424 -11 683 684
598 12 1 0 6 1 4 0 1 5 0 148 
599 12 1 0 2 1 4 0 2 0 0 154 
600 12 1 0 146 1 4 146 0 0 0 155 
601 12 0 1 0 1 4 16 16 2 21 17 17 -0.046875 -1 685 686
602 12 0 1 0 21 12 15 15 31 28 17 12 -0.313339 2 687 688
603 12 1 0 6 1 4 0 0 6 0 172 
604 12 0 1 0 16 3 13 14 12 5 13 19 -0.125 -5 689 690
605 12 1 0 2 1 4 0 0 1 1 177 
606 12 0 1 0 5 30 17 16 3 28 14 14 -0.0104167 27 691 692
607 12 1 0 12 1 4 0 12 0 0 185 
608 12 1 0 3 1 4 0 0 3 0 186 
609 12 1 0 2 1 4 0 1 1 0 187 
610 12 0 1 0 31 22 20 14 9 2 12 16 -0.02 70 693 694
611 12 1 0 2 1 4 0 0 2 0 195 
612 12 1 0 9 1 4 0 0 0 9 196 
613 12 0 1 0 26 27 19 15 27 26 18 14 -0.113636 8 695 696
614 12 0 1 0 22 1 18 20 23 5 16 17 -0.0270243 -9 697 698
615 12 1 0 21 1 4 21 0 0 0 214 
616 12 0 1 0 31 7 12 13 24 31 16 16 -0.0454545 -70 699 700
617 12 0 1 0 1 15 16 16 0 15 18 17 -0.0867825 -2 701 702
618 12 1 0 8 1 4 7 1 0 0 246 
619 12 1 0 2 1 4 1 1 0 0 279 
620 12 1 0 42 1 4 0 42 0 0 280 
621 12 0 1 0 25 0 20 20 26 17 17 15 -0.0637533 -76 703 704
622 12 0 1 0 5 33 13 12 6 28 18 20 -0.281136 -2 705 706
623 12 0 1 0 23 3 16 15 19 19 12 19 -0.0540158 -16 707 708
624 12 1 0 3 1 4 0 0 0 3 326 
625 12 0 1 0 2 28 17 20 15 28 19 19 -0.276923 -21 709 710
626 12 0 1 0 18 18 19 13 16 16 12 14 -0 18 711 712
627 12 1 0 9 1 4 8 1 0 0 356 
628 12 1 0 11 1 4 0 11 0 0 357 
629 12 1 0 2 1 4 0 2 0 0 360 
630 12 0 1 0 3 9 19 12 25 7 20 14 -0.0392982 -9 713 714
631 12 1 0 3 1 4 0 0 2 1 380 
632 12 0 1 0 26 33 12 12 19 23 18 17 -0.023072 12 715 716
633 12 1 0 4 1 4 0 4 0 0 385 
634 12 1 0 9 1 4 9 0 0 0 386 
635 12 1 0 2 1 4 1 1 0 0 388 
636 12 1 0 15 1 4 15 0 0 0 389 
637 12 1 0 18 1 4 0 18 0 0 390 
638 12 1 0 2 1 4 0 1 0 1 391 
639 12 1 0 4 1 4 2 2 0 0 392 
640 12 0 1 0 0 9 17 15 10 1 12 20 -0.00747475 -66 717 718
641 12 1 0 5 1 4 5 0 0 0 402 
642 12 1 0 24 1 4 0 24 0 0 403 
643 12 0 1 0 18 31 14 19 3 30 17 18 -0.0405292 15 719 720
644 12 0 1 0 12 20 14 18 28 6 18 17 -0 116 721 722
645 12 1 0 13 1 4 0 13 0 0 414 
646 12 1 0 2 1 4 1 1 0 0 415 
647 12 1 0 7 1 4 0 4 0 3 418 
648 12 0 1 0 22 26 16 19 16 3 18 17 -0.0498933 -1 723 724
649 12 1 0 15 1 4 15 0 0 0 439 
650 12 0 1 0 22 24 16 19 28 25 18 19 -0 12 725 726
651 12 0 1 0 0 15 12 17 2 28 15 12 -0 10 727 728
652 12 1 0 6 1 4 0 5 0 1 445 
653 12 1 0 2 1 4 0 0 0 2 451 
654 12 0 1 0 23 3 19 17 28 5 20 16 -0.205953 39 729 730
655 12 1 0 3 1 4 0 3 0 0 468 
656 12 1 0 7 1 4 7 0 0 0 469 
657 12 1 0 4 1 4 2 2 0 0 471 
658 12 1 0 42 1 4 42 0 0 0 472 
659 12 1 0 2 1 4 0 2 0 0 485 
660 12 0 1 0 16 14 15 15 20 12 16 12 -0.033276 19 731 732
661 12 0 1 0 4 7 17 14 20 4 16 12 -0.0454545 -35 733 734
662 12 1 0 2 1 4 0 2 0 0 504 
663 12 1 0 2 1 4 1 1 0 0 505 
664 12 1 0 9 1 4 0 9 0 0 506 
665 12 1 0 6 1 4 1 1 3 1 508 
666 12 0 1 0 19 27 18 15 21 26 20 12 -0.159271 -4 735 736
667 12 0 1 0 26 19 15 15 15 23 20 19 -0.0923916 -28 737 738
668 12 1 0 6 1 4 6 0 0 0 553 
669 13 1 0 5 1 4 0 0 0 5 27 
670 13 1 0 11 1 4 0 0 11 0 28 
671 13 0 1 0 6 5 16 19 3 18 20 14 -0.0267045 5 739 740
672 13 1 0 2 1 4 0 0 2 0 36 
673 13 1 0 13 1 4 0 0 13 0 45 
674 13 1 0 2 1 4 0 0 1 1 46 
675 13 1 0 10 1 4 10 0 0 0 47 
676 13 1 0 6 1 4 0 6 0 0 48 
677 13 1 0 19 1 4 0 19 0 0 50 
678 13 1 0 3 1 4 0 0 3 0 51 
679 13 0 1 0 3 5 14 20 14 0 16 12 -0.123319 -18 741 742
680 13 1 0 12 1 4 0 0 0 12 129 
681 13 1 0 8 1 4 0 1 7 0 141 
682 13 1 0 2 1 4 0 0 0 2 142 
683 13 1 0 8 1 4 7 1 0 0 143 
684 13 0 1 0 30 26 12 12 16 24 19 20 -0.0354077 -3 743 744
685 13 1 0 12 1 4 12 0 0 0 164 
686 13 1 0 4 1 4 0 3 1 0 165 
687 13 0 1 0 28 22 20 13 34 22 18 12 -0.156863 8 745 746
688 13 1 0 7 1 4 0 1 3 3 171 
689 13 1 0 9 1 4 9 0 0 0 173 
690 13 0 1 0 10 22 14 18 2 21 20 16 -0.0786749 3 747 748
691 13 1 0 46 1 4 46 0 0 0 178 
692 13 1 0 2 1 4 1 1 0 0 179 
693 13 1 0 2 1 4 0 0 1 1 188 
694 13 1 0 23 1 4 0 0 23 0 189 
695 13 0 1 0 23 16 17 19 19 10 17 13 -0.0431818 14 749 750
696 13 1 0 4 1 4 0 0 4 0 200 
697 13 1 0 5 1 4 0 4 1 0 201 
698 13 0 1 0 8 6 12 14 16 1 18 12 -0.00819672 -11 751 752
699 13 1 0 9 1 4 0 9 0 0 215 
700 13 1 0 2 1 4 1 1 0 0 216 
701 13 1 0 2 1 4 0 0 0 2 218 
702 13 0 1 0 24 32 12 17 12 12 15 18 -0.080946 -24 753 754
703 13 0 1 0 21 11 12 19 25 1 18 17 -0.141414 51 755 756
704 13 0 1 0 8 23 13 15 6 27 13 15 -0.0591417 28 757 758
705 13 1 0 5 1 4 0 0 1 4 319 
706 13 0 1 0 16 17 14 16 19 28 14 15 -0.0344828 -44 759 760
707 13 0 1 0 2 11 20 17 26 21 14 20 -0.0192308 -71 761 762
708 13 1 0 8 1 4 7 1 0 0 325 
709 13 0 1 0 8 30 13 18 7 13 15 18 -0.2 29 763 764
710 13 1 0 3 1 4 3 0 0 0 329 
711 13 1 0 56 1 4 56 0 0 0 330 
712 13 1 0 2 1 4 0 2 0 0 331 
713 13 0 1 0 23 26 14 12 23 29 17 19 -0.0133333 32 765 766
714 13 1 0 2 1 4 0 1 0 1 363 
715 13 1 0 9 1 4 5 4 0 0 381 
716 13 0 1 0 1 8 20 19 3 4 20 15 -0.00863672 -3 767 768
717 13 1 0 2 1 4 1 1 0 0 393 
718 13 0 1 0 12 12 13 16 1 17 15 14 -0.00252525 -4 769 770
719 13 1 0 6 1 4 5 1 0 0 404 
720 13 0 1 0 23 23 20 19 25 10 17 15 -0.0114895 6 771 772
721 13 1 0 19 1 4 19 0 0 0 408 
722 13 1 0 3 1 4 0 3 0 0 409 
723 13 1 0 3 1 4 0 1 0 2 419 
724 13 0 1 0 21 22 18 20 26 18 19 20 -0.045366 12 773 774
725 13 1 0 2 1 4 2 0 0 0 440 
726 13 1 0 31 1 4 0 31 0 0 441 
727 13 1 0 45 1 4 0 0 0 45 443 
728 13 1 0 3 1 4 0 3 0 0 444 
729 13 0 1 0 20 4 20 20 21 14 18 13 -0.135213 -63 775 776
730 13 1 0 3 1 4 0 1 0 2 458 
731 13 0 1 0 18 18 13 18 4 1 15 20 -0.0307068 -2 777 778
732 13 1 0 4 1 4 0 0 3 1 501 
733 13 1 0 9 1 4 0 0 0 9 502 
734 13 1 0 2 1 4 0 0 1 1 503 
735 13 1 0 2 1 4 0 2 0 0 509 
736 13 0 1 0 24 10 14 18 2 11 20 20 -0.136932 68 779 780
737 13 0 1 0 8 13 12 13 16 4 14 18 -0.0830639 15 781 782
738 13 1 0 3 1 4 0 0 2 1 552 
739 14 0 1 0 1 5 12 18 2 8 14 13 -0.00454545 -3 783 784
740 14 1 0 2 1 4 0 1 0 1 35 
741 14 1 0 3 1 4 3 0 0 0 52 
742 14 0 1 0 24 17 15 19 13 12 13 14 -0.119355 -17 785 786
743 14 0 1 0 30 6 18 14 1 1 15 18 -0.0185674 -22 787 788
744 14 1 0 8 1 4 0 4 4 0 147 
745 14 1 0 8 1 4 0 0 8 0 166 
746 14 0 1 0 35 2 19 12 19 1 13 20 -0.111047 -14 789 790
747 14 1 0 2 1 4 0 0 2 0 174 
748 14 0 1 0 11 11 20 13 13 18 18 13 -0 -21 791 792
749 14 0 1 0 0 7 17 20 1 3 13 18 -0.025 13 793 794
750 14 1 0 2 1 4 0 0 2 0 199 
751 14 1 0 2 1 4 0 1 1 0 202 
752 14 1 0 59 1 4 0 0 59 0 203 
753 14 1 0 2 1 4 0 0 1 1 219 
754 14 0 1 0 27 24 20 15 19 17 13 20 -0.0751628 -17 795 796
755 14 1 0 2 1 4 2 0 0 0 287 
756 14 1 0 9 1 4 0 7 2 0 288 
757 14 0 1 0 10 17 16 19 10 15 19 19 -0.0549986 5 797 798
758 14 1 0 2 1 4 0 1 0 1 318 
759 14 1 0 4 1 4 0 2 2 0 320 
760 14 1 0 25 1 4 25 0 0 0 321 
761 14 1 0 2 1 4 1 1 0 0 323 
762 14 1 0 24 1 4 0 24 0 0 324 
763 14 1 0 8 1 4 0 8 0 0 327 
764 14 1 0 2 1 4 0 1 0 1 328 
765 14 1 0 148 1 4 0 0 0 148 361 
766 14 1 0 2 1 4 0 1 0 1 362 
767 14 1 0 2 1 4 1 1 0 0 382 
768 14 0 1 0 1 2 17 12 10 12 18 15 -0.00438596 -116 799 800
769 14 1 0 2 1 4 1 1 0 0 394 
770 14 1 0 196 1 4 196 0 0 0 395 
771 14 1 0 2 1 4 2 0 0 0 405 
772 14 0 1 0 23 23 20 19 25 10 17 15 -0.00595238 61 801 802
773 14 1 0 8 1 4 5 3 0 0 420 
774 14 0 1 0 23 29 18 12 18 21 20 16 -0.0415345 -2 803 804
775 14 1 0 3 1 4 0 1 0 2 452 
776 14 0 1 0 25 32 13 15 15 2 14 14 -0.0908801 -23 805 806
777 14 1 0 2 1 4 0 1 1 0 486 
778 14 0 1 0 9 4 16 15 4 22 20 16 -0.0294866 19 807 808
779 14 0 1 0 21 10 16 18 0 15 17 14 -0.0803473 4 809 810
780 14 1 0 2 1 4 1 0 0 1 516 
781 14 0 1 0 15 16 16 20 20 20 14 15 -0.168421 2 811 812
782 14 0 1 0 11 7 14 14 12 15 16 20 -0.0452839 26 813 814
783 15 1 0 2 1 4 0 0 1 1 33 
784 15 1 0 108 1 4 0 0 0 108 34 
785 15 0 1 0 3 32 14 14 19 8 13 15 -0.142857 60 815 816
786 15 0 1 0 7 30 12 20 1 33 13 12 -0.114191 52 817 818
787 15 1 0 2 1 4 0 1 1 0 144 
788 15 0 1 0 28 34 12 12 20 23 17 19 -0.0109051 -11 819 820
789 15 1 0 3 1 4 3 0 0 0 167 
790 15 0 1 0 1 31 15 19 10 20 12 18 -0.0442857 2 821 822
791 15 1 0 2 1 4 2 0 0 0 175 
792 15 1 0 19 1 4 0 19 0 0 176 
793 15 1 0 18 1 4 0 18 0 0 197 
794 15 1 0 2 1 4 1 1 0 0 198 
795 15 1 0 6 1 4 5 1 0 0 220 
796 15 0 1 0 1 16 17 20 6 17 16 16 -0.0685421 2 823 824
797 15 0 1 0 16 30 16 19 19 34 13 20 -0.0513323 -19 825 826
798 15 1 0 3 1 4 0 2 0 1 317 
799 15 1 0 4 1 4 1 3 0 0 383 
800 15 1 0 167 1 4 0 167 0 0 384 
801 15 1 0 82 1 4 0 82 0 0 406 
802 15 1 0 2 1 4 1 1 0 0 407 
803 15 0 1 0 21 34 12 15 13 17 20 14 -0 -1 827 828
804 15 0 1 0 12 2 16 12 16 16 15 18 -0.0365642 -108 829 830
805 15 1 0 2 1 4 2 0 0 0 453 
806 15 0 1 0 8 11 13 15 0 19 20 16 -0.0797371 43 831 832
807 15 0 1 0 16 3 13 14 9 29 18 15 -0.0277453 -35 833 834
808 15 1 0 2 1 4 0 1 0 1 500 
809 15 0 1 0 2 26 20 13 30 19 14 16 -0.0779221 36 835 836
810 15 0 1 0 4 22 14 16 14 0 20 18 -0.0459576 -36 837 838
811 15 1 0 14 1 4 0 14 0 0 541 
812 15 1 0 5 1 4 0 1 1 3 542 
813 15 0 1 0 16 7 15 19 20 1 17 19 -0.0385841 -3 839 840
814 15 1 0 2 1 4 2 0 0 0 551 
815 16 1 0 3 1 4 3 0 0 0 53 
816 16 1 0 7 1 4 0 5 2 0 54 
817 16 0 1 0 22 9 14 15 0 24 19 15 -0.103623 16 841 842
818 16 0 1 0 16 8 13 13 22 5 19 20 -0.174573 -9 843 844
819 16 1 0 7 1 4 2 5 0 0 145 
820 16 1 0 124 1 4 0 124 0 0 146 
821 16 0 1 0 3 24 16 15 25 26 14 13 -0.0142857 -10 845 846
822 16 1 0 5 1 4 0 1 4 0 170 
823 16 0 1 0 31 31 12 14 23 27 13 20 -0.0625129 46 847 848
824 16 1 0 2 1 4 0 0 1 1 245 
825 16 0 1 0 20 13 19 13 21 26 14 14 -0.0729167 1 849 850
826 16 0 1 0 30 9 13 13 24 12 13 20 -0.0476439 8 851 852
827 16 1 0 12 1 4 0 12 0 0 421 
828 16 1 0 8 1 4 8 0 0 0 422 
829 16 1 0 2 1 4 2 0 0 0 423 
830 16 0 1 0 35 13 18 12 30 9 17 12 -0.0349459 24 853 854
831 16 0 1 0 27 29 18 20 15 9 12 17 -0 -29 855 856
832 16 0 1 0 32 30 15 13 18 2 14 18 -0.00595238 17 857 858
833 16 0 1 0 21 23 15 16 22 22 18 12 -0.0071312 -23 859 860
834 16 0 1 0 28 25 15 14 29 13 13 12 -0.217042 4 861 862
835 16 1 0 4 1 4 0 0 0 4 510 
836 16 1 0 7 1 4 0 1 6 0 511 
837 16 1 0 2 1 4 0 1 0 1 512 
838 16 0 1 0 30 21 15 16 32 21 12 15 -0.0200886 21 863 864
839 16 1 0 2 1 4 0 0 2 0 543 
840 16 0 1 0 16 4 13 15 8 11 14 19 -0.0317895 -98 865 866
841 17 0 1 0 14 24 16 13 8 27 17 14 -0.0995881 28 867 868
842 17 1 0 7 1 4 5 1 1 0 122 
843 17 0 1 0 5 18 19 19 12 14 14 13 -0.0333333 17 869 870
844 17 0 1 0 22 8 20 19 31 14 14 14 -0.130933 17 871 872
845 17 1 0 33 1 4 0 33 0 0 168 
846 17 1 0 2 1 4 1 1 0 0 169 
847 17 0 1 0 7 12 16 15 19 27 18 13 -0.0584283 8 873 874
848 17 1 0 4 1 4 0 0 4 0 244 
849 17 1 0 8 1 4 0 7 1 0 289 
850 17 1 0 4 1 4 4 0 0 0 290 
851 17 0 1 0 11 19 13 18 9 23 18 16 -0.044745 -26 875 876
852 17 1 0 3 1 4 1 0 2 0 316 
853 17 0 1 0 23 26 15 17 26 32 14 13 -0.03312 5 877 878
854 17 1 0 2 1 4 2 0 0 0 438 
855 17 1 0 2 1 4 0 0 0 2 454 
856 17 1 0 10 1 4 0 10 0 0 455 
857 17 1 0 82 1 4 0 82 0 0 456 
858 17 1 0 2 1 4 1 1 0 0 457 
859 17 0 1 0 19 9 19 12 15 26 12 19 -0.117647 -14 879 880
860 17 0 1 0 23 34 13 15 14 32 13 12 -0.00479444 8 881 882
861 17 0 1 0 9 15 20 19 31 34 13 12 -0.123102 24 883 884
862 17 1 0 8 1 4 1 2 0 5 499 
863 17 0 1 0 22 12 17 16 0 1 20 14 -0.00340136 14 885 886
864 17 1 0 2 1 4 0 1 0 1 515 
865 17 1 0 2 1 4 2 0 0 0 544 
866 17 0 1 0 29 33 12 13 23 21 15 19 -0.029643 -18 887 888
867 18 0 1 0 31 23 20 12 28 16 12 15 -0.0961982 -6 889 890
868 18 1 0 3 1 4 2 1 0 0 121 
869 18 1 0 3 1 4 0 0 2 1 123 
870 18 1 0 17 1 4 0 0 0 17 124 
871 18 0 1 0 20 9 16 12 21 3 12 17 -0.0945626 -4 891 892
872 18 1 0 5 1 4 0 0 0 5 128 
873 18 0 1 0 28 22 16 16 25 22 12 15 -0.0507072 -35 893 894
874 18 0 1 0 9 31 12 12 2 2 14 19 -0 22 895 896
875 18 1 0 2 1 4 1 0 0 1 291 
876 18 0 1 0 3 0 12 20 5 18 15 15 -0.0410451 -77 897 898
877 18 0 1 0 10 9 20 12 4 10 12 17 -0.0268456 50 899 900
878 18 1 0 7 1 4 0 5 0 2 437 
879 18 1 0 2 1 4 0 1 0 1 487 
880 18 1 0 15 1 4 0 0 0 15 488 
881 18 0 1 0 27 14 19 20 28 14 17 18 -0.00447291 4 901 902
882 18 1 0 2 1 4 0 0 1 1 494 
883 18 0 1 0 19 26 18 14 15 11 19 13 -0.0666667 11 903 904
884 18 0 1 0 27 16 19 17 29 17 16 12 -0.0214765 9 905 906
885 18 1 0 2 1 4 0 0 1 1 513 
886 18 1 0 145 1 4 0 0 0 145 514 
887 18 1 0 6 1 4 0 5 0 1 545 
888 18 0 1 0 32 16 17 15 17 0 19 13 -0.0163636 19 907 908
889 19 0 1 0 6 7 19 20 13 8 12 18 -0 5 909 910
890 19 0 1 0 4 19 14 20 7 18 20 13 -0.0930572 15 911 912
891 19 1 0 2 1 4 0 2 0 0 125 
892 19 0 1 0 6 5 17 12 0 24 20 14 -0.0416667 -9 913 914
893 19 1 0 3 1 4 3 0 0 0 221 
894 19 0 1 0 22 7 12 13 19 1 15 18 -0.0465546 54 915 916
895 19 1 0 7 1 4 0 7 0 0 242 
896 19 1 0 7 1 4 7 0 0 0 243 
897 19 1 0 2 1 4 0 1 1 0 292 
898 19 0 1 0 13 27 14 17 8 25 14 16 -0.0390237 -5 917 918
899 19 0 1 0 30 26 20 12 32 35 12 15 -0.023313 -21 919 920
900 19 1 0 2 1 4 0 1 0 1 436 
901 19 0 1 0 0 22 12 15 0 16 17 16 -0.00229149 -1 921 922
902 19 0 1 0 3 34 13 19 0 29 17 15 -0.0638298 33 923 924
903 19 1 0 3 1 4 2 1 0 0 495 
904 19 1 0 7 1 4 0 0 0 7 496 
905 19 1 0 144 1 4 0 0 0 144 497 
906 19 1 0 5 1 4 0 1 0 4 498 
907 19 0 1 0 29 25 13 15 12 11 13 19 -0.0125038 8 925 926
908 19 1 0 2 1 4 1 1 0 0 550 
909 20 1 0 10 1 4 0 0 0 10 55 
910 20 1 0 2 1 4 0 0 2 0 56 
911 20 0 1 0 10 14 12 20 12 13 19 13 -0.0900552 13 927 928
912 20 1 0 3 1 4 2 1 0 0 120 
913 20 1 0 37 1 4 0 0 37 0 126 
914 20 1 0 8 1 4 0 0 3 5 127 
915 20 0 1 0 0 29 18 20 9 24 13 12 -0.041578 18 929 930
916 20 1 0 5 1 4 4 1 0 0 241 
917 20 1 0 2 1 4 1 0 0 1 293 
918 20 0 1 0 12 2 17 20 0 35 12 17 -0.035127 -100 931 932
919 20 1 0 4 1 4 3 1 0 0 424 
920 20 0 1 0 23 22 14 17 21 13 14 19 -0.0212888 2 933 934
921 20 0 1 0 10 8 12 14 6 17 20 12 -0.0432432 -14 935 936
922 20 1 0 1648 1 4 0 0 0 1648 491 
923 20 1 0 4 1 4 0 1 0 3 492 
924 20 1 0 43 1 4 0 0 0 43 493 
925 20 0 1 0 13 32 13 20 7 23 16 20 -0.00562486 -14 937 938
926 20 1 0 7 1 4 0 5 2 0 549 
927 21 0 1 0 1 30 15 14 28 24 16 15 -0.0874533 -73 939 940
928 21 1 0 2 1 4 2 0 0 0 119 
929 21 0 1 0 31 16 16 16 27 15 15 17 -0.0389272 14 941 942
930 21 1 0 3 1 4 0 0 3 0 240 
931 21 1 0 5 1 4 1 3 1 0 294 
932 21 0 1 0 32 8 15 13 27 7 14 20 -0.0327272 2 943 944
933 21 0 1 0 9 28 19 12 5 20 14 15 -0.185328 18 945 946
934 21 0 1 0 31 27 14 15 29 21 18 12 -0.00890967 10 947 948
935 21 1 0 5 1 4 0 1 0 4 489 
936 21 1 0 69 1 4 0 0 0 69 490 
937 21 1 0 2 1 4 1 1 0 0 546 
938 21 0 1 0 22 8 15 16 23 11 16 12 -0.00189394 7 949 950
939 22 0 1 0 3 19 16 18 7 14 14 19 -0 0 951 952
940 22 0 1 0 22 24 18 14 25 30 13 18 -0.0828587 22 953 954
941 22 0 1 0 2 29 18 15 4 30 13 12 -0.0361877 -15 955 956
942 22 1 0 2 1 4 0 0 2 0 239 
943 22 0 1 0 30 29 14 12 35 27 18 12 -0.0298443 47 957 958
944 22 0 1 0 30 15 16 13 28 11 13 19 -0.0694444 3 959 960
945 22 1 0 30 1 4 0 30 0 0 425 
946 22 1 0 7 1 4 0 3 0 4 426 
947 22 0 1 0 20 23 20 16 13 6 17 16 -0.00576241 -6 961 962
948 22 0 1 0 19 12 17 12 30 25 20 12 -0 -6 963 964
949 22 1 0 262 1 4 0 262 0 0 547 
950 22 1 0 2 1 4 1 1 0 0 548 
951 23 1 0 5 1 4 0 0 5 0 57 
952 23 1 0 10 1 4 0 0 0 10 58 
953 23 0 1 0 28 13 14 17 31 1 18 15 -0.0790266 -2 965 966
954 23 0 1 0 34 11 17 13 14 0 14 20 -0.123077 5 967 968
955 23 1 0 2 1 4 0 0 2 0 222 
956 23 0 1 0 26 1 16 14 24 2 14 19 -0.033214 -6 969 970
957 23 0 1 0 29 13 19 16 31 30 17 16 -0.0236752 19 971 972
958 23 0 1 0 17 6 15 19 19 18 15 14 -0.196875 -46 973 974
959 23 1 0 6 1 4 6 0 0 0 314 
960 23 1 0 6 1 4 0 5 1 0 315 
961 23 1 0 2 1 4 1 1 0 0 427 
962 23 0 1 0 2 35 12 19 15 34 12 15 -0.00510578 -32 975 976
963 23 1 0 17 1 4 0 17 0 0 434 
964 23 1 0 4 1 4 4 0 0 0 435 
965 24 0 1 0 31 31 14 14 19 33 14 18 -0.0584866 -29 977 978
966 24 0 1 0 22 18 14 19 24 15 18 15 -0.0660965 -12 979 980
967 24 0 1 0 21 25 18 20 1 18 17 19 -0 63 981 982
968 24 1 0 3 1 4 0 0 3 0 118 
969 24 1 0 4 1 4 3 1 0 0 223 
970 24 0 1 0 25 29 12 19 25 28 19 20 -0.0304188 -31 983 984
971 24 0 1 0 3 31 14 16 1 3 17 16 -0.0209238 -3 985 986
972 24 1 0 2 1 4 1 0 0 1 310 
973 24 1 0 4 1 4 0 3 0 1 311 
974 24 0 1 0 1 12 17 19 10 16 20 15 -0.03125 -53 987 988
975 24 0 1 0 24 11 18 13 25 23 12 14 -0.00438947 -4 989 990
976 24 1 0 4 1 4 1 3 0 0 433 
977 25 0 1 0 18 9 14 16 12 1 14 15 -0.0837912 6 991 992
978 25 0 1 0 20 16 18 20 22 24 16 16 -0.025995 3 993 994
979 25 1 0 2 1 4 2 0 0 0 70 
980 25 0 1 0 35 27 18 12 24 9 16 17 -0.0637349 -5 995 996
981 25 1 0 8 1 4 0 8 0 0 116 
982 25 1 0 2 1 4 2 0 0 0 117 
983 25 1 0 3 1 4 0 1 2 0 224 
984 25 0 1 0 15 29 18 16 5 32 15 18 -0.0274216 13 997 998
985 25 1 0 2 1 4 0 2 0 0 295 
986 25 0 1 0 26 10 18 16 27 15 14 14 -0.02008 13 999 1000
987 25 1 0 14 1 4 14 0 0 0 312 
988 25 1 0 2 1 4 1 1 0 0 313 
989 25 0 1 0 18 30 15 12 3 30 12 19 -0.00089562 45 1001 1002
990 25 0 1 0 19 10 13 17 20 8 20 15 -0.0634921 2 1003 1004
991 26 0 1 0 27 26 17 14 32 26 12 12 -0.0188383 37 1005 1006
992 26 1 0 4 1 4 0 0 2 2 62 
993 26 0 1 0 24 33 12 18 32 27 17 12 -0.0116934 36 1007 1008
994 26 0 1 0 12 18 15 19 6 29 13 14 -0 -7 1009 1010
995 26 1 0 9 1 4 0 0 2 7 71 
996 26 0 1 0 2 20 12 19 1 7 16 19 -0.0609969 -2 1011 1012
997 26 0 1 0 8 15 16 20 18 25 18 16 -0 3 1013 1014
998 26 0 1 0 14 7 20 13 3 29 17 14 -0.0231906 -25 1015 1016
999 26 0 1 0 17 28 12 16 17 30 16 17 -0.0150973 -20 1017 1018
1000 26 0 1 0 13 8 15 14 6 26 20 15 -0 -19 1019 1020
1001 26 0 1 0 19 11 19 16 19 19 12 18 -0.0217391 2 1021 1022
1002 26 1 0 1045 1 4 0 1045 0 0 430 
1003 26 1 0 47 1 4 0 47 0 0 431 
1004 26 1 0 7 1 4 0 6 0 1 432 
1005 27 0 1 0 19 16 20 12 25 11 20 19 -0.0102041 -9 1023 1024
1006 27 1 0 3 1 4 0 0 3 0 61 
1007 27 0 1 0 23 32 14 20 33 31 15 13 -0.00591674 27 1025 1026
1008 27 1 0 2 1 4 0 2 0 0 67 
1009 27 1 0 7 1 4 0 0 7 0 68 
1010 27 1 0 6 1 4 0 6 0 0 69 
1011 27 0 1 0 2 31 15 15 6 28 16 20 -0.0725624 -8 1027 1028
1012 27 0 1 0 14 7 18 16 34 21 18 12 -0.0543637 11 1029 1030
1013 27 1 0 4 1 4 4 0 0 0 225 
1014 27 1 0 6 1 4 0 6 0 0 226 
1015 27 1 0 5 1 4 0 3 2 0 227 
1016 27 0 1 0 30 26 17 13 18 7 17 16 -0.0186835 -10 1031 1032
1017 27 1 0 2 1 4 0 2 0 0 296 
1018 27 0 1 0 23 6 12 17 27 2 17 13 -0.0145272 6 1033 1034
1019 27 1 0 3 1 4 0 0 3 0 308 
1020 27 1 0 14 1 4 14 0 0 0 309 
1021 27 1 0 21 1 4 0 21 0 0 428 
1022 27 1 0 2 1 4 1 1 0 0 429 
1023 28 1 0 2 1 4 0 1 1 0 59 
1024 28 1 0 47 1 4 0 47 0 0 60 
1025 28 0 1 0 19 16 18 19 1 7 15 19 -0.004482 55 1035 1036
1026 28 1 0 2 1 4 0 2 0 0 66 
1027 28 0 1 0 0 20 20 13 28 0 20 19 -0.0380952 -1 1037 1038
1028 28 0 1 0 27 15 14 15 0 26 12 19 -0.0156128 14 1039 1040
1029 28 0 1 0 14 15 15 12 13 18 18 15 -0.0513904 3 1041 1042
1030 28 1 0 2 1 4 1 1 0 0 115 
1031 28 1 0 2 1 4 0 1 0 1 228 
1032 28 0 1 0 18 10 12 20 26 11 14 13 -0.0139569 23 1043 1044
1033 28 0 1 0 4 17 13 17 9 23 18 13 -0.209915 -39 1045 1046
1034 28 0 1 0 26 20 16 14 17 5 16 19 -0.00289589 44 1047 1048
1035 29 0 1 0 9 32 15 15 14 35 12 18 -0.00240964 -33 1049 1050
1036 29 1 0 2 1 4 0 1 1 0 65 
1037 29 1 0 5 1 4 0 0 4 1 72 
1038 29 1 0 16 1 4 0 0 0 16 73 
1039 29 0 1 0 17 20 16 13 7 22 18 20 -0.00819672 4 1051 1052
1040 29 1 0 2 1 4 0 0 0 2 76 
1041 29 0 1 0 34 27 15 13 10 9 17 19 -0.0483504 -1 1053 1054
1042 29 1 0 4 1 4 2 1 1 0 114 
1043 29 0 1 0 24 26 12 16 22 23 12 12 -0.0121667 -22 1055 1056
1044 29 1 0 3 1 4 2 1 0 0 238 
1045 29 1 0 6 1 4 3 0 0 3 297 
1046 29 0 1 0 2 18 12 18 22 26 18 13 -0.00793651 -94 1057 1058
1047 29 0 1 0 7 24 12 20 2 32 12 19 -0.00245365 -62 1059 1060
1048 29 1 0 2 1 4 1 1 0 0 307 
1049 30 1 0 5 1 4 0 1 4 0 63 
1050 30 1 0 327 1 4 0 0 327 0 64 
1051 30 1 0 59 1 4 0 0 59 0 74 
1052 30 1 0 2 1 4 0 0 1 1 75 
1053 30 0 1 0 16 23 15 15 21 25 20 12 -0.0555556 -1 1061 1062
1054 30 0 1 0 4 5 18 15 0 20 19 12 -0.0442259 5 1063 1064
1055 30 0 1 0 5 12 14 19 0 35 12 19 -0 -3 1065 1066
1056 30 0 1 0 2 2 20 12 0 5 17 18 -0.00678843 14 1067 1068
1057 30 1 0 2 1 4 1 1 0 0 298 
1058 30 1 0 61 1 4 61 0 0 0 299 
1059 30 1 0 2 1 4 1 1 0 0 300 
1060 30 0 1 0 13 18 13 16 10 15 14 20 -0.00208479 -5 1069 1070
1061 31 1 0 9 1 4 0 9 0 0 77 
1062 31 1 0 6 1 4 0 0 5 1 78 
1063 31 0 1 0 21 18 17 13 17 21 14 18 -0.0413225 14 1071 1072
1064 31 1 0 4 1 4 1 2 1 0 113 
1065 31 1 0 4 1 4 4 0 0 0 229 
1066 31 1 0 21 1 4 0 21 0 0 230 
1067 31 0 1 0 18 7 18 20 17 9 16 16 -0.00530073 17 1073 1074
1068 31 1 0 2 1 4 0 1 1 0 237 
1069 31 1 0 3 1 4 2 1 0 0 301 
1070 31 0 1 0 11 0 17 14 17 6 12 13 -0.0017007 3 1075 1076
1071 32 0 1 0 17 20 19 14 26 28 14 12 -0.0394441 20 1077 1078
1072 32 1 0 2 1 4 1 1 0 0 112 
1073 32 0 1 0 29 27 19 12 28 26 17 14 -0.00425532 -3 1079 1080
1074 32 1 0 2 1 4 1 1 0 0 236 
1075 32 0 1 0 3 31 12 12 2 7 20 15 -0.00122716 0 1081 1082
1076 32 1 0 5 1 4 4 1 0 0 306 
1077 33 0 1 0 22 30 16 13 21 22 18 13 -0.0375385 67 1083 1084
1078 33 1 0 7 1 4 0 0 2 5 111 
1079 33 1 0 5 1 4 1 4 0 0 231 
1080 33 0 1 0 9 27 20 15 9 31 13 14 -0.00254997 -7 1085 1086
1081 33 0 1 0 23 33 13 20 3 5 12 19 -0 61 1087 1088
1082 33 0 1 0 2 26 17 12 4 28 19 13 -0.000361664 -46 1089 1090
1083 34 0 1 0 4 20 19 12 3 20 12 19 -0.0362142 -14 1091 1092
1084 34 1 0 3 1 4 0 3 0 0 110 
1085 34 1 0 3 1 4 1 2 0 0 232 
1086 34 0 1 0 4 14 19 13 1 15 12 18 -0.00146853 12 1093 1094
1087 34 1 0 13 1 4 13 0 0 0 302 
1088 34 1 0 2 1 4 0 2 0 0 303 
1089 34 1 0 5 1 4 4 1 0 0 304 
1090 34 1 0 2207 1 4 2207 0 0 0 305 
1091 35 1 0 3 1 4 1 1 1 0 79 
1092 35 0 1 0 0 30 12 12 3 2 17 19 -0.0339517 175 1095 1096
1093 35 1 0 628 1 4 0 628 0 0 233 
1094 35 0 1 0 28 25 18 17 1 28 18 20 -0.0227273 42 1097 1098
1095 36 0 1 0 22 0 19 18 15 23 14 15 -0.0325202 12 1099 1100
1096 36 1 0 3 1 4 0 3 0 0 109 
1097 36 1 0 20 1 4 0 20 0 0 234 
1098 36 1 0 2 1 4 0 1 1 0 235 
1099 37 0 1 0 2 27 15 19 33 13 14 12 -0.031163 -22 1101 1102
1100 37 1 0 5 1 4 0 4 1 0 108 
1101 38 1 0 4 1 4 0 0 1 3 80 
1102 38 0 1 0 29 34 13 13 26 28 17 18 -0.0297837 -5 1103 1104
1103 39 0 1 0 3 25 19 12 15 6 20 13 -0 17 1105 1106
1104 39 0 1 0 3 35 12 16 26 25 18 12 -0.0272591 -61 1107 1108
1105 40 1 0 5 1 4 0 0 0 5 81 
1106 40 1 0 6 1 4 0 0 6 0 82 
1107 40 1 0 3 1 4 0 3 0 0 83 
1108 40 0 1 0 17 21 19 14 12 16 16 13 -0.0263636 -8 1109 1110
1109 41 1 0 2 1 4 1 0 1 0 84 
1110 41 0 1 0 17 30 17 14 21 35 12 20 -0.0244945 21 1111 1112
1111 42 0 1 0 31 31 16 14 26 28 12 19 -0.0235818 60 1113 1114
1112 42 1 0 2 1 4 0 0 0 2 107 
1113 43 0 1 0 25 22 17 13 20 19 15 18 -0.0225427 0 1115 1116
1114 43 1 0 2 1 4 0 2 0 0 106 
1115 44 0 1 0 21 31 14 16 30 27 16 16 -0.0606061 10 1117 1118
1116 44 0 1 0 21 21 19 15 18 25 12 19 -0.0188294 19 1119 1120
1117 45 1 0 8 1 4 0 0 8 0 85 
1118 45 1 0 3 1 4 2 1 0 0 86 
1119 45 0 1 0 25 28 19 19 25 30 15 18 -0.0175828 -16 1121 1122
1120 45 1 0 3 1 4 0 0 1 2 105 
1121 46 1 0 2 1 4 0 0 0 2 87 
1122 46 0 1 0 19 22 14 13 17 24 14 16 -0.0166531 10 1123 1124
1123 47 0 1 0 19 34 12 14 21 29 13 14 -0.0150754 54 1125 1126
1124 47 1 0 2 1 4 1 0 1 0 104 
1125 48 0 1 0 1 25 17 13 30 12 14 12 -0.0144027 -30 1127 1128
1126 48 1 0 3 1 4 0 0 1 2 103 
1127 49 1 0 5 1 4 1 0 4 0 88 
1128 49 0 1 0 6 27 14 12 0 31 14 20 -0.0124322 31 1129 1130
1129 50 0 1 0 25 28 17 20 27 18 18 12 -0.0115954 -3 1131 1132
1130 50 1 0 4 1 4 0 2 2 0 102 
1131 51 1 0 5 1 4 0 2 3 0 89 
1132 51 0 1 0 26 14 18 13 25 23 17 19 -0.0107705 2 1133 1134
1133 52 0 1 0 28 29 18 19 14 17 14 14 -0.00994304 4 1135 1136
1134 52 1 0 7 1 4 0 0 5 2 101 
1135 53 0 1 0 16 17 20 12 11 22 14 20 -0.0757576 3 1137 1138
1136 53 0 1 0 25 31 16 19 25 31 12 20 -0.00430059 27 1139 1140
1137 54 1 0 91 1 4 0 0 91 0 90 
1138 54 1 0 8 1 4 3 0 5 0 91 
1139 54 0 1 0 5 27 19 19 11 27 12 19 -0.00379914 -22 1141 1142
1140 54 1 0 2 1 4 0 0 1 1 100 
1141 55 1 0 2 1 4 0 0 1 1 92 
1142 55 0 1 0 6 29 16 20 5 28 19 17 -0.00338066 14 1143 1144
1143 56 0 1 0 10 14 17 20 11 18 15 15 -0.0029454 6 1145 1146
1144 56 1 0 3 1 4 0 0 2 1 99 
1145 57 0 1 0 6 4 20 17 11 2 18 15 -0.00250399 -3 1147 1148
1146 57 1 0 5 1 4 0 0 4 1 98 
1147 58 0 1 0 27 28 19 13 6 21 16 12 -0.0408163 19 1149 1150
1148 58 0 1 0 31 30 12 13 29 29 13 18 -0.000502853 -3 1151 1152
1149 59 1 0 2 1 4 1 0 1 0 93 
1150 59 1 0 47 1 4 0 0 47 0 94 
1151 59 0 1 0 5 4 18 17 20 14 13 18 -0.0185185 -12 1153 1154
1152 59 1 0 1888 1 4 0 0 1888 0 97 
1153 60 1 0 2 1 4 0 0 1 1 95 
1154 60 1 0 25 1 4 0 0 25 0 96 
