-2147483648 -2147483648 data/trees_headpose/tree_027.txt
100 10 5000 30 30000 1 48 1 data/trees_headpose ./data/Cropped_HBO_Data_4view.txt
1 0
0 0 0 1 0 25 12 16 17 31 35 12 16 -0.961189 4 1 2
1 1 0 1 0 8 20 18 14 15 10 16 14 -0.629429 1 3 4
2 1 0 1 0 11 27 18 12 12 10 20 19 -0.810077 13 5 6
3 2 0 1 0 2 23 19 17 3 31 16 12 -0.548591 -8 7 8
4 2 0 1 0 8 13 13 12 0 26 17 15 -0.431733 6 9 10
5 2 0 1 0 9 12 18 18 10 26 20 12 -1.5686 6 11 12
6 2 0 1 0 33 33 12 12 31 31 12 15 -0.425224 4 13 14
7 3 0 1 0 15 11 17 15 1 0 20 20 -0.40154 24 15 16
8 3 0 1 0 10 31 12 17 8 13 12 17 -0.533135 44 17 18
9 3 0 1 0 8 15 19 15 19 6 15 13 -0.431729 -14 19 20
10 3 0 1 0 21 31 14 18 14 2 19 12 -0.266884 2 21 22
11 3 0 1 0 2 33 14 12 5 11 15 20 -1.60108 16 23 24
12 3 0 1 0 20 5 16 17 24 13 20 17 -0.740171 -40 25 26
13 3 0 1 0 3 4 17 15 6 2 18 13 -0.279761 8 27 28
14 3 0 1 0 0 28 19 13 8 20 19 20 -0.97722 -11 29 30
15 4 0 1 0 29 4 16 12 22 6 16 14 -0.359598 -14 31 32
16 4 0 1 0 13 7 14 19 10 30 15 15 -0.320889 -49 33 34
17 4 0 1 0 2 1 18 13 11 16 15 15 -0.402728 0 35 36
18 4 0 1 0 11 23 19 15 4 23 12 15 -0.805387 22 37 38
19 4 0 1 0 15 31 16 18 19 20 19 17 -0.868305 25 39 40
20 4 0 1 0 1 30 16 14 1 15 20 19 -0.347189 -4 41 42
21 4 0 1 0 5 10 13 17 0 21 16 15 -0.215118 32 43 44
22 4 0 1 0 13 16 14 19 29 19 20 18 -0.224415 -16 45 46
23 4 0 1 0 31 18 13 16 28 31 12 15 -1.33494 -5 47 48
24 4 0 1 0 21 32 13 19 4 27 20 13 -0.970526 -16 49 50
25 4 0 1 0 19 0 17 16 11 12 20 20 -0 -79 51 52
26 4 0 1 0 27 32 12 13 19 14 13 20 -0.604615 -14 53 54
27 4 0 1 0 2 26 15 16 2 17 17 18 -0.239344 -5 55 56
28 4 0 1 0 18 9 14 12 6 28 18 13 -0.123747 -29 57 58
29 4 0 1 0 29 18 17 13 31 28 15 13 -0.499597 -1 59 60
30 4 0 1 0 10 26 18 16 19 18 17 16 -0.443681 15 61 62
31 5 0 1 0 22 16 13 18 33 11 16 13 -0.0987762 5 63 64
32 5 0 1 0 27 25 20 17 17 24 17 15 -0.243218 -13 65 66
33 5 0 1 0 10 29 13 19 11 29 15 13 -1.02776 -2 67 68
34 5 0 1 0 25 26 15 18 30 30 17 16 -0.181415 -1 69 70
35 5 0 1 0 20 30 16 15 19 22 20 12 -0.369244 -7 71 72
36 5 0 1 0 31 2 14 13 31 31 12 13 -0.179137 -79 73 74
37 5 0 1 0 34 21 16 13 27 3 20 20 -0.0151515 65 75 76
38 5 0 1 0 9 22 15 15 14 5 12 15 -0.68877 1 77 78
39 5 0 1 0 2 27 15 15 18 15 18 12 -0.530316 -31 79 80
40 5 0 1 0 19 22 13 12 26 29 17 19 -0.0856615 -33 81 82
41 5 0 1 0 28 1 14 14 1 5 20 18 -0.379662 9 83 84
42 5 0 1 0 8 27 19 14 1 30 15 12 -0.31736 38 85 86
43 5 0 1 0 14 10 16 14 6 24 18 20 -0.0560897 -19 87 88
44 5 1 0 7 1 4 4 3 0 0 378 
45 5 0 1 0 24 27 17 16 23 28 13 15 -0.210909 -1 89 90
46 5 0 1 0 2 34 13 14 14 25 20 16 -0.198358 -15 91 92
47 5 0 1 0 4 24 16 14 5 11 17 19 -1.40876 -10 93 94
48 5 0 1 0 10 35 12 18 11 6 15 19 -0.831796 12 95 96
49 5 0 1 0 16 19 13 13 19 23 19 12 -0.320301 -10 97 98
50 5 0 1 0 26 30 13 16 25 26 15 17 -0.586667 -11 99 100
51 5 1 0 2 1 4 0 0 2 0 480 
52 5 1 0 10 1 4 0 0 0 10 481 
53 5 0 1 0 5 19 20 18 14 21 16 19 -0.507279 -9 101 102
54 5 0 1 0 19 12 15 16 20 17 19 17 -0.413529 14 103 104
55 5 0 1 0 17 8 16 19 24 13 15 20 -0.172751 2 105 106
56 5 0 1 0 28 29 18 15 27 15 15 17 -0.214795 2 107 108
57 5 0 1 0 28 27 17 12 9 29 14 12 -0 -4 109 110
58 5 0 1 0 25 14 18 15 2 5 15 19 -0.0294118 -1 111 112
59 5 0 1 0 11 19 13 13 12 5 15 17 -0 23 113 114
60 5 0 1 0 3 1 12 12 1 4 17 13 -0.106763 5 115 116
61 5 0 1 0 21 17 20 13 20 15 15 18 -0.0133929 -3 117 118
62 5 1 0 9 1 4 0 0 0 9 568 
63 6 1 0 4 1 4 0 1 3 0 0 
64 6 0 1 0 17 10 15 18 17 32 15 16 -0 -46 119 120
65 6 1 0 8 1 4 2 6 0 0 3 
66 6 0 1 0 11 33 14 19 29 31 16 12 -0.165218 19 121 122
67 6 0 1 0 25 11 20 18 24 26 17 16 -0.569714 -41 123 124
68 6 0 1 0 32 18 18 13 23 19 16 15 -0.70108 -13 125 126
69 6 0 1 0 17 23 15 16 6 33 14 13 -0.0854961 -44 127 128
70 6 0 1 0 23 31 12 16 6 27 20 20 -0.410703 -22 129 130
71 6 0 1 0 16 19 20 16 24 22 19 13 -0.135727 11 131 132
72 6 0 1 0 30 30 12 17 20 1 17 12 -0.350904 -42 133 134
73 6 0 1 0 14 6 13 20 8 0 17 12 -0 6 135 136
74 6 0 1 0 5 1 20 14 25 13 14 17 -0.106904 -24 137 138
75 6 1 0 31 1 4 31 0 0 0 185 
76 6 1 0 2 1 4 1 1 0 0 186 
77 6 0 1 0 21 7 20 14 26 19 14 14 -0.582031 24 139 140
78 6 0 1 0 18 28 17 15 24 6 20 14 -0.204277 86 141 142
79 6 0 1 0 8 13 20 15 6 16 13 14 -0.154762 15 143 144
80 6 0 1 0 9 4 20 17 15 11 20 12 -0.298613 -62 145 146
81 6 0 1 0 3 16 18 19 11 20 17 12 -0 -30 147 148
82 6 0 1 0 6 11 12 14 17 16 16 13 -0.0166667 -28 149 150
83 6 0 1 0 31 20 20 16 15 15 17 19 -0.268773 12 151 152
84 6 1 0 9 1 4 0 0 2 7 224 
85 6 0 1 0 18 14 18 13 28 25 18 18 -0.27752 1 153 154
86 6 0 1 0 24 10 16 13 27 20 13 20 -0.306358 1 155 156
87 6 1 0 2 1 4 0 1 1 0 375 
88 6 0 1 0 5 0 14 20 19 15 12 18 -0.0208333 27 157 158
89 6 1 0 8 1 4 1 6 1 0 379 
90 6 0 1 0 18 18 17 17 5 24 19 17 -0.0727273 8 159 160
91 6 0 1 0 1 12 20 20 16 6 18 13 -0.165416 -26 161 162
92 6 0 1 0 20 22 17 16 29 32 13 12 -0.221014 -10 163 164
93 6 0 1 0 14 33 14 12 9 25 17 16 -1.08344 46 165 166
94 6 0 1 0 21 25 20 14 25 19 18 14 -0.941338 11 167 168
95 6 0 1 0 10 16 18 19 6 33 12 18 -0.0909091 0 169 170
96 6 0 1 0 5 27 15 15 9 13 19 13 -0.667811 -25 171 172
97 6 1 0 3 1 4 3 0 0 0 469 
98 6 0 1 0 13 11 12 18 8 32 12 13 -0.153869 0 173 174
99 6 0 1 0 14 1 18 16 3 4 15 17 -0 39 175 176
100 6 0 1 0 0 25 19 13 4 21 20 12 -0.32824 -4 177 178
101 6 0 1 0 17 29 17 20 8 15 14 15 -0.394111 67 179 180
102 6 1 0 4 1 4 0 1 0 3 490 
103 6 0 1 0 13 13 18 15 18 24 20 12 -0.284868 -35 181 182
104 6 1 0 5 1 4 0 1 0 4 498 
105 6 1 0 7 1 4 0 0 4 3 499 
106 6 0 1 0 33 23 17 13 23 24 17 17 -0.0472222 -64 183 184
107 6 0 1 0 2 23 17 18 0 25 13 16 -0.0776432 -8 185 186
108 6 0 1 0 0 29 15 17 8 29 18 16 -0.686882 -28 187 188
109 6 1 0 6 1 4 0 0 0 6 556 
110 6 1 0 4 1 4 0 0 4 0 557 
111 6 1 0 2 1 4 1 1 0 0 558 
112 6 1 0 15 1 4 15 0 0 0 559 
113 6 1 0 6 1 4 6 0 0 0 560 
114 6 1 0 5 1 4 0 0 0 5 561 
115 6 0 1 0 21 29 12 12 17 30 14 19 -0.0609848 15 189 190
116 6 1 0 2 1 4 2 0 0 0 565 
117 6 1 0 4 1 4 0 0 1 3 566 
118 6 1 0 52 1 4 52 0 0 0 567 
119 7 1 0 2 1 4 0 2 0 0 1 
120 7 1 0 20 1 4 20 0 0 0 2 
121 7 0 1 0 21 4 20 16 5 10 14 17 -0.0969697 23 191 192
122 7 0 1 0 1 2 15 15 10 28 14 14 -0 -7 193 194
123 7 0 1 0 5 11 14 18 7 13 16 18 -0.126316 -21 195 196
124 7 0 1 0 25 21 12 17 24 21 17 14 -0.128571 -30 197 198
125 7 0 1 0 16 34 12 19 20 14 13 12 -0.579359 17 199 200
126 7 0 1 0 25 13 19 16 3 18 19 18 -0.0416667 -1 201 202
127 7 0 1 0 29 16 13 14 23 30 12 15 -0.2375 -69 203 204
128 7 0 1 0 30 32 12 12 9 29 12 20 -0.0733201 -81 205 206
129 7 0 1 0 1 7 13 16 32 11 20 13 -0.527381 27 207 208
130 7 0 1 0 20 31 15 14 14 20 17 17 -0.262198 21 209 210
131 7 0 1 0 9 25 20 18 19 30 14 17 -0.0925926 -9 211 212
132 7 0 1 0 24 26 19 14 23 14 12 17 -0.0564057 35 213 214
133 7 0 1 0 16 13 20 17 15 3 19 18 -0.0326087 11 215 216
134 7 0 1 0 19 34 13 14 3 26 19 13 -0.315019 56 217 218
135 7 1 0 10 1 4 0 10 0 0 178 
136 7 1 0 2 1 4 2 0 0 0 179 
137 7 1 0 8 1 4 0 0 0 8 180 
138 7 0 1 0 11 15 12 13 17 0 12 17 -0.0612095 -13 219 220
139 7 0 1 0 1 7 19 17 5 1 12 20 -0.247917 0 221 222
140 7 1 0 8 1 4 0 0 0 8 190 
141 7 0 1 0 4 4 19 16 4 13 16 13 -0.0849515 11 223 224
142 7 0 1 0 29 21 20 15 18 12 20 17 -0.166667 -41 225 226
143 7 1 0 2 1 4 1 1 0 0 197 
144 7 0 1 0 6 14 18 12 0 32 12 20 -0 -106 227 228
145 7 1 0 5 1 4 0 0 3 2 200 
146 7 0 1 0 10 32 14 14 19 30 15 13 -0.114209 19 229 230
147 7 1 0 4 1 4 0 4 0 0 205 
148 7 1 0 7 1 4 0 0 7 0 206 
149 7 1 0 28 1 4 0 0 0 28 207 
150 7 1 0 2 1 4 0 0 1 1 208 
151 7 0 1 0 21 3 15 20 13 0 20 13 -0.22798 13 231 232
152 7 0 1 0 21 24 17 15 23 19 19 18 -0.0254669 20 233 234
153 7 0 1 0 5 26 17 18 30 30 17 14 -0.160279 -103 235 236
154 7 0 1 0 4 28 18 13 0 27 20 14 -0.869092 20 237 238
155 7 0 1 0 29 28 17 15 29 34 13 14 -0.243473 4 239 240
156 7 0 1 0 23 11 12 16 15 27 19 14 -0.239715 -84 241 242
157 7 1 0 22 1 4 0 0 0 22 376 
158 7 1 0 2 1 4 0 0 1 1 377 
159 7 0 1 0 14 13 16 19 0 10 14 12 -0 45 243 244
160 7 1 0 3 1 4 0 0 0 3 382 
161 7 1 0 5 1 4 0 0 0 5 383 
162 7 0 1 0 10 14 16 12 21 16 15 17 -0.151552 -41 245 246
163 7 0 1 0 23 34 12 17 9 11 12 15 -0.0463612 34 247 248
164 7 0 1 0 15 5 18 15 3 0 12 18 -0.128592 45 249 250
165 7 0 1 0 11 19 16 20 12 24 19 12 -0.8825 -9 251 252
166 7 0 1 0 24 17 19 18 29 19 15 16 -0.606219 35 253 254
167 7 0 1 0 6 19 13 15 1 21 18 13 -0.613158 1 255 256
168 7 0 1 0 14 16 20 14 12 11 13 19 -0.26349 39 257 258
169 7 1 0 4 1 4 0 0 2 2 455 
170 7 1 0 7 1 4 7 0 0 0 456 
171 7 1 0 4 1 4 3 1 0 0 457 
172 7 0 1 0 7 29 18 17 5 13 16 18 -0.571457 5 259 260
173 7 0 1 0 28 26 15 14 26 11 19 14 -0 -5 261 262
174 7 1 0 3 1 4 1 0 2 0 472 
175 7 1 0 8 1 4 0 0 0 8 473 
176 7 1 0 2 1 4 2 0 0 0 474 
177 7 1 0 2 1 4 0 0 0 2 475 
178 7 0 1 0 3 5 20 12 9 26 13 12 -0.212868 4 263 264
179 7 0 1 0 2 23 20 15 5 4 14 14 -0.284608 17 265 266
180 7 1 0 4 1 4 1 0 0 3 489 
181 7 1 0 4 1 4 0 1 0 3 491 
182 7 0 1 0 9 22 12 19 15 27 12 18 -0.193108 -2 267 268
183 7 1 0 2 1 4 2 0 0 0 500 
184 7 0 1 0 1 28 12 15 28 1 19 14 -0.0277778 -4 269 270
185 7 1 0 4 1 4 3 0 1 0 503 
186 7 0 1 0 0 34 13 18 2 31 14 15 -0.0677555 29 271 272
187 7 0 1 0 23 27 13 18 24 18 18 16 -0.396066 -10 273 274
188 7 0 1 0 16 28 14 19 16 33 13 12 -0.968301 -28 275 276
189 7 0 1 0 4 19 14 12 15 2 17 18 -0.00568182 43 277 278
190 7 1 0 2 1 4 1 0 0 1 564 
191 8 0 1 0 20 17 16 12 1 23 18 18 -0.054623 39 279 280
192 8 1 0 3 1 4 2 1 0 0 9 
193 8 1 0 12 1 4 0 0 0 12 10 
194 8 1 0 2 1 4 0 0 2 0 11 
195 8 1 0 6 1 4 0 0 0 6 12 
196 8 0 1 0 8 24 12 16 13 31 12 19 -0 -47 281 282
197 8 1 0 2 1 4 1 0 0 1 15 
198 8 1 0 33 1 4 0 0 0 33 16 
199 8 0 1 0 23 33 13 14 9 0 12 13 -0.175177 78 283 284
200 8 0 1 0 8 14 20 20 5 8 17 16 -0.51387 57 285 286
201 8 1 0 2 1 4 0 0 1 1 32 
202 8 1 0 10 1 4 0 0 0 10 33 
203 8 1 0 2 1 4 1 1 0 0 34 
204 8 1 0 8 1 4 0 0 3 5 35 
205 8 1 0 4 1 4 1 0 0 3 36 
206 8 0 1 0 17 19 17 18 30 32 15 13 -0.0627971 -38 287 288
207 8 0 1 0 15 6 12 18 21 5 16 12 -0.142857 10 289 290
208 8 1 0 6 1 4 3 2 0 1 63 
209 8 0 1 0 27 12 19 18 26 17 18 12 -0.121078 -51 291 292
210 8 0 1 0 24 6 13 17 17 27 16 18 -0.31814 -41 293 294
211 8 0 1 0 12 19 19 17 9 22 20 12 -0 28 295 296
212 8 1 0 3 1 4 0 0 2 1 89 
213 8 0 1 0 17 20 19 16 18 16 18 14 -0.00719309 5 297 298
214 8 0 1 0 0 0 12 20 25 24 18 17 -0.0324675 -66 299 300
215 8 1 0 19 1 4 0 0 0 19 96 
216 8 1 0 4 1 4 1 3 0 0 97 
217 8 0 1 0 25 1 17 20 22 30 12 17 -0.5285 -8 301 302
218 8 0 1 0 10 28 14 14 9 13 20 16 -0.237339 16 303 304
219 8 1 0 7 1 4 0 6 1 0 181 
220 8 0 1 0 28 19 19 15 27 21 13 15 -0.0205495 -2 305 306
221 8 0 1 0 3 17 19 17 3 28 18 14 -0 -16 307 308
222 8 1 0 4 1 4 0 0 2 2 189 
223 8 0 1 0 14 8 17 17 12 6 14 16 -0.00989796 37 309 310
224 8 1 0 3 1 4 0 3 0 0 194 
225 8 1 0 2 1 4 0 1 0 1 195 
226 8 1 0 10 1 4 0 10 0 0 196 
227 8 1 0 2 1 4 0 0 2 0 198 
228 8 1 0 10 1 4 0 0 0 10 199 
229 8 0 1 0 18 16 12 15 18 18 19 12 -0.00884666 -19 311 312
230 8 1 0 5 1 4 0 0 4 1 204 
231 8 0 1 0 31 17 18 13 17 4 14 18 -0.185301 26 313 314
232 8 1 0 9 1 4 9 0 0 0 220 
233 8 0 1 0 0 34 13 17 2 13 20 13 -0.016129 -5 315 316
234 8 1 0 7 1 4 0 7 0 0 223 
235 8 1 0 35 1 4 0 35 0 0 225 
236 8 0 1 0 12 2 14 16 33 14 18 13 -0.151077 21 317 318
237 8 0 1 0 3 13 20 20 4 21 18 15 -0.75348 -20 319 320
238 8 0 1 0 9 27 19 13 18 25 13 19 -0.484285 21 321 322
239 8 0 1 0 29 31 12 18 16 23 16 15 -0.218822 -53 323 324
240 8 0 1 0 29 26 18 18 18 14 17 13 -0 -1 325 326
241 8 0 1 0 8 20 14 12 9 17 18 16 -0.348485 -20 327 328
242 8 0 1 0 28 0 15 18 27 5 13 19 -0.112377 -21 329 330
243 8 1 0 20 1 4 0 0 20 0 380 
244 8 1 0 2 1 4 0 2 0 0 381 
245 8 1 0 4 1 4 0 0 0 4 384 
246 8 0 1 0 8 27 18 12 8 28 19 19 -0.14257 0 331 332
247 8 0 1 0 14 24 15 15 16 27 20 18 -0 -13 333 334
248 8 1 0 7 1 4 0 6 1 0 425 
249 8 0 1 0 24 10 19 14 9 1 17 15 -0 7 335 336
250 8 1 0 3 1 4 0 0 2 1 428 
251 8 1 0 8 1 4 0 2 0 6 429 
252 8 0 1 0 26 19 20 19 26 29 16 14 -0.680409 -4 337 338
253 8 0 1 0 20 23 15 13 20 28 14 15 -0.27957 -10 339 340
254 8 1 0 6 1 4 2 4 0 0 445 
255 8 0 1 0 7 24 12 14 8 19 14 14 -0.0888889 4 341 342
256 8 0 1 0 27 24 16 13 6 26 20 12 -0 41 343 344
257 8 0 1 0 23 30 15 18 21 29 18 19 -0.0726591 -2 345 346
258 8 1 0 3 1 4 1 2 0 0 454 
259 8 1 0 4 1 4 2 2 0 0 458 
260 8 0 1 0 6 23 17 12 1 2 14 12 -0.494698 -15 347 348
261 8 1 0 29 1 4 0 0 0 29 470 
262 8 1 0 3 1 4 0 0 3 0 471 
263 8 0 1 0 12 29 18 16 18 13 14 16 -0.140148 9 349 350
264 8 1 0 2 1 4 0 0 1 1 479 
265 8 0 1 0 13 34 13 13 9 20 19 19 -0.163556 27 351 352
266 8 1 0 7 1 4 3 1 0 3 488 
267 8 0 1 0 11 27 20 19 15 35 12 20 -0.135571 -7 353 354
268 8 1 0 6 1 4 0 1 5 0 497 
269 8 1 0 2 1 4 0 1 1 0 501 
270 8 1 0 16 1 4 0 16 0 0 502 
271 8 0 1 0 0 19 14 13 4 18 15 15 -0.0632329 12 355 356
272 8 1 0 2 1 4 2 0 0 0 527 
273 8 1 0 5 1 4 4 0 0 1 528 
274 8 0 1 0 2 2 19 15 26 5 20 18 -0.315595 -100 357 358
275 8 0 1 0 24 24 16 13 26 6 15 12 -0.0927083 34 359 360
276 8 0 1 0 7 16 15 16 8 14 14 20 -0.954171 -5 361 362
277 8 1 0 86 1 4 0 0 0 86 562 
278 8 1 0 2 1 4 0 0 1 1 563 
279 9 0 1 0 28 32 13 14 26 29 14 16 -0.0271845 30 363 364
280 9 1 0 4 1 4 0 0 0 4 8 
281 9 1 0 15 1 4 0 15 0 0 13 
282 9 1 0 4 1 4 4 0 0 0 14 
283 9 1 0 4 1 4 1 0 0 3 17 
284 9 0 1 0 25 25 12 15 27 32 13 19 -0.0392039 19 365 366
285 9 0 1 0 12 28 17 12 22 11 20 12 -0.365332 5 367 368
286 9 0 1 0 27 9 16 13 28 17 12 12 -0.102564 -15 369 370
287 9 0 1 0 14 4 17 19 21 19 16 15 -0.320991 -6 371 372
288 9 0 1 0 18 8 12 16 19 8 14 14 -0.0502292 5 373 374
289 9 1 0 12 1 4 0 0 0 12 61 
290 9 1 0 2 1 4 0 1 0 1 62 
291 9 0 1 0 18 23 18 16 34 34 13 13 -0.108392 20 375 376
292 9 0 1 0 34 25 17 12 15 1 13 16 -0.0781333 -59 377 378
293 9 0 1 0 29 0 17 16 12 9 15 13 -0.191127 -12 379 380
294 9 0 1 0 20 2 18 12 18 25 14 14 -0.175398 6 381 382
295 9 1 0 2 1 4 2 0 0 0 87 
296 9 1 0 22 1 4 0 22 0 0 88 
297 9 0 1 0 27 19 12 13 23 16 13 20 -0.00367647 3 383 384
298 9 1 0 2 1 4 0 2 0 0 92 
299 9 0 1 0 14 0 18 18 4 2 13 18 -0.0454545 8 385 386
300 9 1 0 17 1 4 0 17 0 0 95 
301 9 0 1 0 23 34 13 18 9 25 16 16 -0.411373 43 387 388
302 9 0 1 0 14 21 12 17 8 23 15 20 -0.335714 6 389 390
303 9 0 1 0 29 31 16 14 35 34 13 12 -0.157041 6 391 392
304 9 0 1 0 25 12 13 17 23 20 13 17 -0.672734 -8 393 394
305 9 1 0 5 1 4 0 0 1 4 182 
306 9 0 1 0 22 30 16 15 18 32 13 13 -0.00609756 31 395 396
307 9 1 0 9 1 4 9 0 0 0 187 
308 9 1 0 11 1 4 0 11 0 0 188 
309 9 0 1 0 9 13 16 16 31 27 16 16 -0.00510204 -118 397 398
310 9 1 0 2 1 4 0 2 0 0 193 
311 9 1 0 3 1 4 0 0 3 0 201 
312 9 0 1 0 23 26 13 18 22 0 19 20 -0.00458716 84 399 400
313 9 0 1 0 30 14 18 16 33 21 12 14 -0.0988003 -5 401 402
314 9 0 1 0 0 18 20 17 4 34 12 14 -0.0666667 12 403 404
315 9 1 0 29 1 4 0 0 29 0 221 
316 9 1 0 2 1 4 0 0 1 1 222 
317 9 0 1 0 30 15 16 15 0 32 15 15 -0.136946 21 405 406
318 9 0 1 0 35 32 12 12 15 31 12 19 -0.345098 -2 407 408
319 9 0 1 0 3 29 17 18 3 29 14 20 -0.436789 0 409 410
320 9 0 1 0 21 34 13 12 8 26 16 15 -0.661084 2 411 412
321 9 0 1 0 8 19 17 12 0 3 19 17 -0.345499 44 413 414
322 9 0 1 0 6 6 20 18 16 1 17 16 -0 30 415 416
323 9 0 1 0 26 8 14 15 10 2 20 14 -0.185897 11 417 418
324 9 0 1 0 27 10 18 15 10 19 16 17 -0.149147 -3 419 420
325 9 1 0 2 1 4 0 0 2 0 362 
326 9 1 0 28 1 4 0 0 0 28 363 
327 9 1 0 3 1 4 1 2 0 0 364 
328 9 0 1 0 19 23 15 20 20 20 19 12 -0.173737 -13 421 422
329 9 1 0 3 1 4 1 0 1 1 370 
330 9 0 1 0 3 22 19 15 8 25 17 16 -0.0510801 -19 423 424
331 9 0 1 0 19 8 18 17 20 33 13 13 -0.110966 -32 425 426
332 9 0 1 0 1 24 19 15 5 5 13 20 -0.291005 -8 427 428
333 9 1 0 2 1 4 0 2 0 0 423 
334 9 1 0 51 1 4 51 0 0 0 424 
335 9 1 0 25 1 4 0 25 0 0 426 
336 9 1 0 4 1 4 4 0 0 0 427 
337 9 0 1 0 3 33 13 13 0 34 13 15 -0.467272 1 429 430
338 9 0 1 0 2 2 18 18 22 26 12 19 -0.0681818 -84 431 432
339 9 1 0 4 1 4 0 4 0 0 442 
340 9 0 1 0 21 18 17 13 25 30 16 14 -0.166667 43 433 434
341 9 0 1 0 9 25 17 19 9 27 13 13 -0.0333333 5 435 436
342 9 1 0 3 1 4 2 1 0 0 448 
343 9 1 0 12 1 4 12 0 0 0 449 
344 9 1 0 8 1 4 0 8 0 0 450 
345 9 0 1 0 30 30 12 15 29 15 13 12 -0.0338983 19 437 438
346 9 1 0 2 1 4 1 1 0 0 453 
347 9 1 0 2 1 4 2 0 0 0 459 
348 9 0 1 0 26 17 18 20 28 32 15 15 -0.441592 0 439 440
349 9 0 1 0 25 13 12 15 25 14 19 17 -0 -4 441 442
350 9 1 0 5 1 4 3 0 0 2 478 
351 9 0 1 0 26 25 20 20 26 32 14 13 -0.0074614 -41 443 444
352 9 0 1 0 15 19 18 20 20 27 19 13 -0.105769 -13 445 446
353 9 0 1 0 29 29 16 13 27 7 13 14 -0.0816846 -7 447 448
354 9 1 0 9 1 4 7 2 0 0 496 
355 9 0 1 0 14 7 12 13 12 7 18 16 -0.0549473 18 449 450
356 9 1 0 5 1 4 2 0 1 2 526 
357 9 1 0 4 1 4 2 2 0 0 529 
358 9 0 1 0 8 11 15 13 7 26 13 12 -0.272018 4 451 452
359 9 0 1 0 7 28 15 18 5 18 19 12 -0.0166667 18 453 454
360 9 1 0 2 1 4 0 1 0 1 546 
361 9 0 1 0 25 21 15 13 28 15 16 16 -0.045 21 455 456
362 9 0 1 0 4 31 14 17 24 12 18 18 -0.87753 41 457 458
363 10 0 1 0 13 7 16 17 2 1 20 13 -0.0151998 23 459 460
364 10 1 0 5 1 4 0 4 1 0 7 
365 10 0 1 0 16 26 19 13 4 35 12 18 -0 -22 461 462
366 10 1 0 2 1 4 0 1 0 1 20 
367 10 0 1 0 17 25 13 15 20 26 20 15 -0 -28 463 464
368 10 0 1 0 19 15 18 18 20 24 18 20 -0.278998 -5 465 466
369 10 1 0 6 1 4 0 2 4 0 30 
370 10 1 0 7 1 4 0 0 0 7 31 
371 10 0 1 0 20 32 15 16 14 25 17 15 -0.159524 32 467 468
372 10 0 1 0 1 12 20 19 24 22 16 13 -0.0416667 -33 469 470
373 10 0 1 0 18 29 12 15 7 30 13 12 -0.0472042 -15 471 472
374 10 1 0 3 1 4 0 0 3 0 60 
375 10 1 0 2 1 4 0 0 1 1 64 
376 10 0 1 0 11 6 17 18 1 8 17 17 -0.0454545 52 473 474
377 10 1 0 3 1 4 0 2 0 1 67 
378 10 0 1 0 24 32 15 12 11 28 12 17 -0.049347 39 475 476
379 10 0 1 0 13 1 18 14 11 27 12 14 -0.142898 -49 477 478
380 10 1 0 4 1 4 0 0 0 4 83 
381 10 0 1 0 28 21 12 12 24 8 15 20 -0.0219298 37 479 480
382 10 1 0 5 1 4 0 4 0 1 86 
383 10 1 0 134 1 4 134 0 0 0 90 
384 10 1 0 2 1 4 1 1 0 0 91 
385 10 1 0 2 1 4 1 1 0 0 93 
386 10 1 0 9 1 4 9 0 0 0 94 
387 10 0 1 0 20 31 13 18 25 29 18 19 -0.36323 17 481 482
388 10 0 1 0 23 24 20 13 0 8 12 19 -0.0845635 33 483 484
389 10 0 1 0 6 29 14 13 4 9 19 12 -0.0625 19 485 486
390 10 1 0 6 1 4 3 3 0 0 117 
391 10 0 1 0 25 13 12 20 30 20 12 12 -0.189795 5 487 488
392 10 0 1 0 17 29 17 17 9 25 17 16 -0.119345 10 489 490
393 10 0 1 0 19 19 20 15 29 28 16 18 -0.602151 -15 491 492
394 10 0 1 0 12 26 13 13 8 13 20 18 -0.0582609 13 493 494
395 10 1 0 80 1 4 0 0 80 0 183 
396 10 1 0 2 1 4 0 1 1 0 184 
397 10 1 0 2 1 4 0 0 1 1 191 
398 10 1 0 96 1 4 0 0 0 96 192 
399 10 1 0 107 1 4 107 0 0 0 202 
400 10 1 0 2 1 4 1 1 0 0 203 
401 10 0 1 0 0 1 17 14 5 26 12 12 -0 -73 495 496
402 10 0 1 0 14 23 20 16 25 19 14 12 -0.0620567 4 497 498
403 10 0 1 0 15 28 13 12 18 26 18 13 -0.0948718 3 499 500
404 10 1 0 15 1 4 0 15 0 0 219 
405 10 0 1 0 23 7 19 12 10 14 15 19 -0.130116 29 501 502
406 10 0 1 0 0 13 20 12 5 10 20 12 -0.0715461 5 503 504
407 10 0 1 0 15 12 20 14 0 28 17 12 -0.0504202 -14 505 506
408 10 1 0 3 1 4 0 0 2 1 306 
409 10 0 1 0 2 26 15 17 6 17 14 20 -0.196409 15 507 508
410 10 0 1 0 24 21 12 15 16 8 19 17 -0.367314 -20 509 510
411 10 0 1 0 29 14 19 17 27 13 15 12 -0.422321 1 511 512
412 10 0 1 0 21 16 19 18 26 12 17 14 -0.416035 11 513 514
413 10 1 0 7 1 4 5 2 0 0 336 
414 10 0 1 0 21 4 13 16 15 5 19 18 -0.204545 -40 515 516
415 10 1 0 39 1 4 0 0 0 39 341 
416 10 1 0 3 1 4 0 3 0 0 342 
417 10 0 1 0 27 24 20 19 15 9 14 14 -0 31 517 518
418 10 1 0 3 1 4 0 0 1 2 345 
419 10 0 1 0 2 30 17 14 6 2 15 17 -0.0940185 15 519 520
420 10 0 1 0 5 0 18 20 0 32 14 12 -0.167288 -47 521 522
421 10 0 1 0 31 14 15 15 11 25 17 15 -0 -57 523 524
422 10 0 1 0 7 21 16 17 4 26 16 18 -0.0972222 -2 525 526
423 10 0 1 0 10 26 12 14 18 29 18 20 -0.0161156 -52 527 528
424 10 1 0 6 1 4 0 0 5 1 374 
425 10 0 1 0 14 27 20 14 7 34 13 14 -0.098175 -4 529 530
426 10 0 1 0 21 18 20 12 18 32 15 17 -0 -12 531 532
427 10 1 0 6 1 4 0 0 0 6 418 
428 10 0 1 0 0 0 17 19 1 22 13 18 -0.135417 -25 533 534
429 10 0 1 0 4 1 13 16 24 3 13 19 -0 2 535 536
430 10 0 1 0 27 10 14 15 15 1 12 16 -0.476679 51 537 538
431 10 1 0 4 1 4 1 3 0 0 440 
432 10 1 0 7 1 4 0 0 0 7 441 
433 10 1 0 25 1 4 0 0 0 25 443 
434 10 1 0 2 1 4 1 0 0 1 444 
435 10 1 0 2 1 4 0 0 1 1 446 
436 10 1 0 13 1 4 0 0 0 13 447 
437 10 1 0 57 1 4 0 0 0 57 451 
438 10 1 0 2 1 4 0 1 0 1 452 
439 10 0 1 0 6 23 15 18 15 1 14 12 -0.365385 10 539 540
440 10 0 1 0 17 25 20 18 31 1 17 12 -0.285714 -1 541 542
441 10 1 0 2 1 4 0 2 0 0 476 
442 10 1 0 84 1 4 84 0 0 0 477 
443 10 1 0 2 1 4 0 2 0 0 482 
444 10 0 1 0 19 34 13 19 21 14 19 18 -0.00381679 22 543 544
445 10 0 1 0 22 0 14 20 3 8 15 12 -0 -2 545 546
446 10 1 0 3 1 4 0 0 0 3 487 
447 10 1 0 3 1 4 3 0 0 0 492 
448 10 0 1 0 11 29 17 13 10 14 14 15 -0.0514163 11 547 548
449 10 0 1 0 19 6 14 19 12 30 15 16 -0.0463926 -3 549 550
450 10 1 0 3 1 4 1 1 0 1 525 
451 10 0 1 0 2 23 13 18 8 28 12 14 -0.224872 -7 551 552
452 10 1 0 8 1 4 0 6 0 2 543 
453 10 1 0 2 1 4 0 0 1 1 544 
454 10 1 0 28 1 4 0 0 0 28 545 
455 10 1 0 10 1 4 10 0 0 0 547 
456 10 0 1 0 18 14 14 18 15 34 12 20 -0.05 -19 553 554
457 10 0 1 0 15 23 19 15 20 18 18 16 -0.488215 4 555 556
458 10 0 1 0 26 9 13 18 20 9 20 17 -0.166667 -11 557 558
459 11 0 1 0 31 13 13 14 6 17 17 14 -0.00520833 -4 559 560
460 11 1 0 2 1 4 0 0 1 1 6 
461 11 1 0 2 1 4 0 2 0 0 18 
462 11 1 0 97 1 4 97 0 0 0 19 
463 11 1 0 2 1 4 0 2 0 0 21 
464 11 1 0 22 1 4 22 0 0 0 22 
465 11 0 1 0 10 15 17 19 13 25 17 19 -0.173925 -23 561 562
466 11 1 0 3 1 4 0 0 0 3 29 
467 11 1 0 4 1 4 0 0 3 1 37 
468 11 0 1 0 24 1 12 14 11 2 20 18 -0 4 563 564
469 11 1 0 2 1 4 1 1 0 0 40 
470 11 1 0 10 1 4 10 0 0 0 41 
471 11 0 1 0 0 32 14 12 18 20 18 16 -0 -5 565 566
472 11 0 1 0 26 30 12 15 23 26 12 20 -0.0327212 45 567 568
473 11 1 0 2 1 4 1 1 0 0 65 
474 11 1 0 9 1 4 0 9 0 0 66 
475 11 0 1 0 24 30 17 20 20 28 17 20 -0.0349424 -16 569 570
476 11 1 0 8 1 4 1 7 0 0 74 
477 11 1 0 4 1 4 0 1 1 2 75 
478 11 0 1 0 9 19 20 15 13 19 12 19 -0.0842583 11 571 572
479 11 1 0 32 1 4 32 0 0 0 84 
480 11 1 0 6 1 4 1 5 0 0 85 
481 11 0 1 0 15 7 13 20 5 1 14 12 -0.177457 12 573 574
482 11 0 1 0 11 26 14 13 18 29 13 13 -0.776129 0 575 576
483 11 1 0 3 1 4 0 0 1 2 111 
484 11 0 1 0 4 10 15 18 1 31 13 14 -0.016641 0 577 578
485 11 1 0 8 1 4 0 1 7 0 115 
486 11 1 0 6 1 4 0 0 0 6 116 
487 11 0 1 0 20 25 19 17 15 22 20 17 -0.16245 -5 579 580
488 11 0 1 0 3 12 20 16 8 30 16 17 -0.0280029 -6 581 582
489 11 1 0 5 1 4 0 1 0 4 130 
490 11 0 1 0 4 14 12 15 0 18 19 17 -0.110717 -1 583 584
491 11 1 0 4 1 4 0 0 0 4 162 
492 11 0 1 0 21 33 12 16 15 0 17 15 -0.523578 22 585 586
493 11 1 0 2 1 4 1 1 0 0 175 
494 11 0 1 0 19 16 18 14 18 6 14 20 -0.0217391 4 587 588
495 11 1 0 4 1 4 0 4 0 0 209 
496 11 1 0 9 1 4 9 0 0 0 210 
497 11 1 0 2 1 4 0 0 2 0 211 
498 11 0 1 0 4 16 14 20 8 17 16 13 -0.0397754 3 589 590
499 11 0 1 0 2 9 13 19 32 6 15 13 -0.0384615 2 591 592
500 11 1 0 2 1 4 0 1 1 0 218 
501 11 0 1 0 8 11 20 19 11 8 20 13 -0.118545 -6 593 594
502 11 0 1 0 30 10 18 16 24 27 15 15 -0.0522876 -52 595 596
503 11 0 1 0 8 3 18 18 0 16 15 14 -0 1 597 598
504 11 1 0 6 1 4 0 0 6 0 303 
505 11 1 0 7 1 4 0 6 1 0 304 
506 11 1 0 10 1 4 10 0 0 0 305 
507 11 1 0 6 1 4 0 0 5 1 307 
508 11 0 1 0 17 32 15 20 20 13 17 19 -0.0641106 29 599 600
509 11 1 0 7 1 4 0 0 0 7 311 
510 11 0 1 0 7 26 18 19 26 3 16 20 -0.26721 65 601 602
511 11 0 1 0 10 25 16 12 23 23 19 18 -0.045 10 603 604
512 11 1 0 8 1 4 3 1 4 0 324 
513 11 0 1 0 26 15 12 20 1 16 14 14 -0.25 -2 605 606
514 11 0 1 0 15 17 17 17 17 24 18 15 -0.17258 -18 607 608
515 11 1 0 2 1 4 1 1 0 0 337 
516 11 0 1 0 1 10 17 18 22 15 15 16 -0.0888889 -12 609 610
517 11 1 0 10 1 4 0 10 0 0 343 
518 11 1 0 3 1 4 3 0 0 0 344 
519 11 0 1 0 3 16 19 15 23 25 12 12 -0 -35 611 612
520 11 0 1 0 25 19 13 16 29 21 12 17 -0.0686205 23 613 614
521 11 1 0 8 1 4 1 0 7 0 358 
522 11 0 1 0 14 22 18 18 17 34 13 16 -0.0332056 -23 615 616
523 11 1 0 13 1 4 0 0 0 13 365 
524 11 1 0 2 1 4 0 0 2 0 366 
525 11 0 1 0 33 28 19 12 31 16 12 16 -0 16 617 618
526 11 1 0 2 1 4 0 2 0 0 369 
527 11 1 0 4 1 4 0 0 4 0 371 
528 11 0 1 0 10 25 12 13 6 25 14 20 -0 -9 619 620
529 11 1 0 3 1 4 0 0 0 3 385 
530 11 0 1 0 0 29 12 17 2 32 13 14 -0.0914235 -11 621 622
531 11 1 0 4 1 4 0 4 0 0 416 
532 11 1 0 15 1 4 15 0 0 0 417 
533 11 0 1 0 23 29 13 18 25 29 18 15 -0.0535714 -1 623 624
534 11 1 0 4 1 4 0 0 2 2 422 
535 11 1 0 22 1 4 22 0 0 0 430 
536 11 1 0 2 1 4 0 2 0 0 431 
537 11 0 1 0 1 17 19 12 16 34 13 19 -0.374416 -70 625 626
538 11 1 0 2 1 4 0 0 0 2 439 
539 11 1 0 9 1 4 0 1 1 7 460 
540 11 1 0 4 1 4 3 1 0 0 461 
541 11 1 0 2 1 4 1 1 0 0 462 
542 11 0 1 0 16 3 16 19 19 1 17 15 -0.252077 0 627 628
543 11 1 0 129 1 4 129 0 0 0 483 
544 11 1 0 2 1 4 1 1 0 0 484 
545 11 1 0 2 1 4 0 2 0 0 485 
546 11 1 0 11 1 4 11 0 0 0 486 
547 11 0 1 0 4 13 14 13 0 30 14 14 -0.00892857 -3 629 630
548 11 1 0 2 1 4 0 1 0 1 495 
549 11 0 1 0 26 10 15 12 23 6 20 20 -0.0358198 -14 631 632
550 11 1 0 9 1 4 3 1 0 5 524 
551 11 0 1 0 1 22 18 14 1 9 13 17 -0.202333 -9 633 634
552 11 1 0 2 1 4 1 1 0 0 542 
553 11 1 0 8 1 4 0 8 0 0 548 
554 11 1 0 2 1 4 1 1 0 0 549 
555 11 0 1 0 31 12 18 16 18 2 12 15 -0 34 635 636
556 11 0 1 0 16 18 14 20 17 21 20 20 -0.162698 -18 637 638
557 11 1 0 13 1 4 0 0 0 13 554 
558 11 1 0 3 1 4 1 0 2 0 555 
559 12 1 0 2 1 4 0 1 1 0 4 
560 12 1 0 94 1 4 0 0 94 0 5 
561 12 0 1 0 24 22 17 12 15 12 20 19 -0.0912765 43 639 640
562 12 0 1 0 27 31 15 15 30 33 14 12 -0 0 641 642
563 12 1 0 17 1 4 0 17 0 0 38 
564 12 1 0 4 1 4 4 0 0 0 39 
565 12 1 0 4 1 4 0 0 0 4 42 
566 12 1 0 15 1 4 15 0 0 0 43 
567 12 0 1 0 22 21 18 20 23 24 13 18 -0.0272102 17 643 644
568 12 1 0 3 1 4 1 1 0 1 59 
569 12 0 1 0 30 0 12 14 25 0 18 12 -0 -22 645 646
570 12 0 1 0 8 1 16 17 7 1 18 15 -0.0119964 -5 647 648
571 12 0 1 0 18 23 18 13 9 3 20 16 -0.0557334 83 649 650
572 12 1 0 7 1 4 7 0 0 0 82 
573 12 0 1 0 29 1 20 18 4 5 19 14 -0.127536 -16 651 652
574 12 0 1 0 0 7 15 16 3 10 12 19 -0.0771437 -35 653 654
575 12 0 1 0 14 17 19 12 12 13 20 18 -0.226087 15 655 656
576 12 1 0 6 1 4 1 0 0 5 110 
577 12 1 0 4 1 4 4 0 0 0 112 
578 12 0 1 0 23 9 12 20 27 28 17 15 -0.00909091 -19 657 658
579 12 1 0 2 1 4 0 0 0 2 118 
580 12 0 1 0 28 25 18 13 17 25 18 13 -0.113446 4 659 660
581 12 0 1 0 20 3 15 18 23 11 18 20 -0 12 661 662
582 12 1 0 10 1 4 0 10 0 0 129 
583 12 0 1 0 23 32 12 12 0 0 19 19 -0.0505051 67 663 664
584 12 0 1 0 28 18 18 19 18 5 16 14 -0.0916492 83 665 666
585 12 1 0 7 1 4 0 2 0 5 163 
586 12 0 1 0 28 24 20 19 33 18 16 12 -0.439608 70 667 668
587 12 1 0 2 1 4 0 0 1 1 176 
588 12 1 0 21 1 4 0 0 0 21 177 
589 12 0 1 0 1 25 15 19 5 32 13 13 -0.0268503 0 669 670
590 12 1 0 4 1 4 3 1 0 0 215 
591 12 1 0 2 1 4 0 0 1 1 216 
592 12 1 0 11 1 4 0 0 11 0 217 
593 12 1 0 5 1 4 4 1 0 0 226 
594 12 0 1 0 3 29 15 13 30 15 12 13 -0.113995 -7 671 672
595 12 1 0 9 1 4 0 1 8 0 299 
596 12 1 0 8 1 4 8 0 0 0 300 
597 12 1 0 29 1 4 0 0 0 29 301 
598 12 1 0 3 1 4 0 0 3 0 302 
599 12 1 0 6 1 4 6 0 0 0 308 
600 12 0 1 0 3 4 13 13 4 1 20 14 -0.0202703 1 673 674
601 12 1 0 4 1 4 4 0 0 0 312 
602 12 0 1 0 33 21 15 13 9 5 20 19 -0.187786 -12 675 676
603 12 1 0 10 1 4 0 0 10 0 321 
604 12 0 1 0 24 30 16 18 12 16 20 19 -0.05 0 677 678
605 12 1 0 4 1 4 2 2 0 0 325 
606 12 0 1 0 4 3 19 16 1 10 12 14 -0 -2 679 680
607 12 0 1 0 14 17 20 16 26 18 19 16 -0.123148 19 681 682
608 12 0 1 0 25 24 17 16 27 29 18 16 -0.0763293 3 683 684
609 12 0 1 0 33 3 17 13 35 14 12 12 -0 10 685 686
610 12 1 0 2 1 4 0 2 0 0 340 
611 12 1 0 8 1 4 0 8 0 0 346 
612 12 1 0 2 1 4 0 0 2 0 347 
613 12 0 1 0 0 19 12 19 11 0 15 12 -0.0445662 -7 687 688
614 12 0 1 0 2 20 18 14 15 2 14 19 -0 23 689 690
615 12 0 1 0 28 17 19 14 23 34 13 15 -0.0185185 -84 691 692
616 12 1 0 2 1 4 0 0 2 0 361 
617 12 1 0 2 1 4 0 0 0 2 367 
618 12 1 0 14 1 4 0 0 14 0 368 
619 12 1 0 2 1 4 0 0 2 0 372 
620 12 1 0 116 1 4 0 0 0 116 373 
621 12 0 1 0 26 31 15 19 24 28 19 15 -0.128218 -12 693 694
622 12 0 1 0 0 29 18 17 3 13 13 16 -0.0713763 12 695 696
623 12 0 1 0 27 23 13 16 10 1 19 14 -0.0178571 -45 697 698
624 12 1 0 4 1 4 0 1 3 0 421 
625 12 0 1 0 9 25 18 14 12 30 17 20 -0.248227 -19 699 700
626 12 0 1 0 29 29 15 18 4 2 18 12 -0 8 701 702
627 12 0 1 0 9 29 17 16 7 8 20 16 -0.423443 30 703 704
628 12 0 1 0 24 7 15 14 21 19 12 14 -0.0386821 -85 705 706
629 12 1 0 2 1 4 1 1 0 0 493 
630 12 1 0 54 1 4 0 54 0 0 494 
631 12 1 0 2 1 4 0 1 1 0 504 
632 12 0 1 0 30 9 13 12 31 4 13 16 -0.0336349 -2 707 708
633 12 1 0 2 1 4 0 2 0 0 530 
634 12 0 1 0 1 10 17 20 3 33 13 13 -0.183902 -11 709 710
635 12 1 0 3 1 4 0 0 0 3 550 
636 12 1 0 8 1 4 0 0 8 0 551 
637 12 1 0 7 1 4 0 3 4 0 552 
638 12 1 0 9 1 4 8 1 0 0 553 
639 13 0 1 0 14 22 18 20 18 20 15 15 -0.0212336 -10 711 712
640 13 1 0 6 1 4 0 1 5 0 26 
641 13 1 0 12 1 4 12 0 0 0 27 
642 13 1 0 4 1 4 0 4 0 0 28 
643 13 0 1 0 23 26 18 18 23 27 14 18 -0.0250338 -4 713 714
644 13 1 0 2 1 4 0 0 2 0 58 
645 13 1 0 6 1 4 6 0 0 0 68 
646 13 1 0 7 1 4 0 7 0 0 69 
647 13 1 0 3 1 4 0 3 0 0 70 
648 13 0 1 0 28 0 12 15 4 30 15 15 -0.0068136 -128 715 716
649 13 0 1 0 18 5 14 12 25 24 20 12 -0.029229 -10 717 718
650 13 0 1 0 24 27 20 20 29 33 12 12 -0 -17 719 720
651 13 1 0 8 1 4 8 0 0 0 98 
652 13 0 1 0 28 8 14 16 1 13 15 18 -0 -1 721 722
653 13 1 0 4 1 4 0 2 1 1 101 
654 13 0 1 0 16 14 15 20 0 30 14 17 -0.0427203 47 723 724
655 13 0 1 0 11 2 17 14 15 3 16 13 -0.0395257 -7 725 726
656 13 1 0 2 1 4 0 0 0 2 109 
657 13 1 0 53 1 4 0 53 0 0 113 
658 13 1 0 2 1 4 1 1 0 0 114 
659 13 0 1 0 0 2 19 18 12 4 12 19 -0.153037 -9 727 728
660 13 0 1 0 3 33 14 17 14 13 17 19 -0.0261438 -36 729 730
661 13 1 0 57 1 4 57 0 0 0 127 
662 13 1 0 2 1 4 0 2 0 0 128 
663 13 1 0 7 1 4 0 0 0 7 131 
664 13 0 1 0 12 25 12 18 12 3 17 18 -0.0454545 53 731 732
665 13 0 1 0 21 28 15 14 16 28 19 19 -0.0880575 -13 733 734
666 13 1 0 2 1 4 0 0 0 2 161 
667 13 0 1 0 33 28 13 14 28 24 14 13 -0.372748 -3 735 736
668 13 1 0 2 1 4 0 0 0 2 174 
669 13 1 0 7 1 4 0 5 2 0 212 
670 13 0 1 0 23 20 13 12 18 2 15 14 -0.0060241 78 737 738
671 13 0 1 0 27 24 14 17 14 25 15 20 -0.211419 -6 739 740
672 13 0 1 0 15 21 16 20 19 17 18 14 -0.102169 -6 741 742
673 13 1 0 33 1 4 0 33 0 0 309 
674 13 1 0 4 1 4 0 1 3 0 310 
675 13 0 1 0 25 6 19 16 2 7 18 15 -0.0576923 11 743 744
676 13 0 1 0 1 15 16 14 15 18 13 18 -0.0782361 -107 745 746
677 13 1 0 8 1 4 0 0 0 8 322 
678 13 1 0 2 1 4 0 0 1 1 323 
679 13 1 0 5 1 4 0 0 5 0 326 
680 13 1 0 5 1 4 0 0 0 5 327 
681 13 1 0 3 1 4 0 0 3 0 328 
682 13 0 1 0 25 17 16 15 20 23 13 18 -0.0617886 -46 747 748
683 13 0 1 0 5 17 19 15 6 34 13 19 -0.036256 -63 749 750
684 13 1 0 2 1 4 0 1 1 0 335 
685 13 1 0 16 1 4 0 0 16 0 338 
686 13 1 0 2 1 4 0 0 0 2 339 
687 13 1 0 3 1 4 1 2 0 0 348 
688 13 0 1 0 14 17 16 17 26 21 19 13 -0.0310078 3 751 752
689 13 1 0 8 1 4 0 0 0 8 356 
690 13 1 0 2 1 4 0 0 2 0 357 
691 13 1 0 2 1 4 0 0 1 1 359 
692 13 1 0 25 1 4 0 0 0 25 360 
693 13 0 1 0 12 1 20 15 17 8 20 14 -0.00892857 -36 753 754
694 13 0 1 0 10 11 18 19 24 28 14 15 -0.087619 -48 755 756
695 13 0 1 0 14 25 17 19 12 20 17 16 -0.056509 -24 757 758
696 13 0 1 0 1 24 12 13 16 10 12 12 -0 -22 759 760
697 13 1 0 2 1 4 1 1 0 0 419 
698 13 1 0 26 1 4 0 26 0 0 420 
699 13 0 1 0 6 25 12 19 8 23 18 13 -0.123595 11 761 762
700 13 1 0 4 1 4 0 1 0 3 436 
701 13 1 0 2 1 4 0 2 0 0 437 
702 13 1 0 10 1 4 10 0 0 0 438 
703 13 1 0 5 1 4 4 0 0 1 463 
704 13 0 1 0 1 17 15 14 21 27 17 17 -0.0952381 -95 763 764
705 13 1 0 2 1 4 1 0 0 1 466 
706 13 0 1 0 9 3 20 18 3 16 18 17 -0.00357143 -13 765 766
707 13 1 0 6 1 4 0 2 1 3 505 
708 13 0 1 0 4 28 19 13 0 31 15 14 -0.0301569 -5 767 768
709 13 0 1 0 29 16 15 12 25 24 19 14 -0.116627 -51 769 770
710 13 0 1 0 8 7 12 12 5 30 14 12 -0.423188 -16 771 772
711 14 1 0 3 1 4 3 0 0 0 23 
712 14 0 1 0 21 29 12 12 19 24 16 17 -0.0116279 5 773 774
713 14 1 0 7 1 4 5 0 0 2 44 
714 14 0 1 0 19 28 18 12 22 34 13 13 -0.0177991 -20 775 776
715 14 1 0 3 1 4 1 2 0 0 71 
716 14 0 1 0 1 19 13 17 7 3 17 12 -0.00207469 -40 777 778
717 14 0 1 0 34 13 20 13 22 20 12 20 -0.00471698 -24 779 780
718 14 0 1 0 3 23 20 16 14 10 16 16 -0 -52 781 782
719 14 1 0 3 1 4 0 3 0 0 80 
720 14 1 0 7 1 4 7 0 0 0 81 
721 14 1 0 11 1 4 0 11 0 0 99 
722 14 1 0 4 1 4 0 0 4 0 100 
723 14 0 1 0 0 4 17 19 17 17 14 16 -0.0284349 -7 783 784
724 14 1 0 6 1 4 1 5 0 0 105 
725 14 0 1 0 19 25 13 18 25 20 13 12 -0.0454545 48 785 786
726 14 1 0 12 1 4 0 12 0 0 108 
727 14 0 1 0 5 8 17 12 7 24 12 12 -0.0708333 19 787 788
728 14 0 1 0 25 19 18 20 21 15 13 20 -0.054902 2 789 790
729 14 1 0 147 1 4 0 147 0 0 125 
730 14 1 0 6 1 4 0 2 2 2 126 
731 14 1 0 9 1 4 0 9 0 0 132 
732 14 1 0 2 1 4 1 1 0 0 133 
733 14 1 0 5 1 4 0 2 1 2 134 
734 14 0 1 0 11 32 15 16 16 33 13 15 -0.0819412 -14 791 792
735 14 0 1 0 10 22 16 20 12 12 16 15 -0.293412 -7 793 794
736 14 1 0 7 1 4 7 0 0 0 173 
737 14 1 0 81 1 4 0 81 0 0 213 
738 14 1 0 2 1 4 1 1 0 0 214 
739 14 0 1 0 3 25 15 13 28 26 19 12 -0.0217391 -59 795 796
740 14 0 1 0 9 6 18 20 7 6 19 13 -0.179422 -3 797 798
741 14 0 1 0 1 24 18 14 28 5 17 16 -0.08 54 799 800
742 14 0 1 0 25 3 18 20 4 32 15 12 -0.0945926 0 801 802
743 14 0 1 0 10 21 16 16 5 23 17 20 -0.0384615 9 803 804
744 14 1 0 3 1 4 0 0 3 0 315 
745 14 1 0 2 1 4 2 0 0 0 316 
746 14 0 1 0 3 16 16 14 0 24 16 12 -0.0403502 -63 805 806
747 14 1 0 4 1 4 4 0 0 0 329 
748 14 0 1 0 35 27 19 12 7 8 16 16 -0.0182927 13 807 808
749 14 1 0 2 1 4 0 2 0 0 332 
750 14 0 1 0 5 31 15 18 9 23 17 14 -0 -6 809 810
751 14 0 1 0 24 27 12 14 35 26 18 12 -0.0234674 73 811 812
752 14 1 0 3 1 4 0 0 0 3 355 
753 14 1 0 2 1 4 1 1 0 0 386 
754 14 1 0 54 1 4 0 54 0 0 387 
755 14 1 0 5 1 4 0 3 2 0 388 
756 14 0 1 0 3 17 16 13 12 17 12 19 -0 -10 813 814
757 14 0 1 0 33 28 14 14 28 30 17 12 -0 -44 815 816
758 14 0 1 0 23 17 17 18 27 1 20 17 -0.0509466 -10 817 818
759 14 1 0 4 1 4 0 0 0 4 414 
760 14 1 0 11 1 4 0 11 0 0 415 
761 14 0 1 0 8 21 15 15 9 18 20 13 -0.0725453 4 819 820
762 14 1 0 6 1 4 5 1 0 0 435 
763 14 1 0 2 1 4 0 1 0 1 464 
764 14 1 0 19 1 4 0 0 0 19 465 
765 14 1 0 2 1 4 0 0 1 1 467 
766 14 1 0 138 1 4 0 0 0 138 468 
767 14 0 1 0 9 16 15 17 4 17 20 19 -0.10119 3 821 822
768 14 0 1 0 5 9 13 20 17 10 20 15 -0.0237227 23 823 824
769 14 1 0 7 1 4 0 3 0 4 531 
770 14 0 1 0 26 18 16 16 23 26 13 14 -0.0891362 -51 825 826
771 14 1 0 8 1 4 0 6 0 2 539 
772 14 0 1 0 11 21 15 18 16 4 14 20 -0.133333 5 827 828
773 15 1 0 2 1 4 0 1 1 0 24 
774 15 1 0 41 1 4 0 41 0 0 25 
775 15 0 1 0 25 5 18 12 27 12 18 19 -0 10 829 830
776 15 0 1 0 13 25 17 15 12 27 12 16 -0.0138348 20 831 832
777 15 1 0 2 1 4 1 1 0 0 72 
778 15 1 0 239 1 4 239 0 0 0 73 
779 15 1 0 104 1 4 0 104 0 0 76 
780 15 1 0 2 1 4 0 1 1 0 77 
781 15 1 0 6 1 4 0 6 0 0 78 
782 15 1 0 4 1 4 4 0 0 0 79 
783 15 0 1 0 34 0 15 13 35 28 15 12 -0.00872093 -1 833 834
784 15 1 0 2 1 4 1 0 1 0 104 
785 15 1 0 9 1 4 9 0 0 0 106 
786 15 1 0 2 1 4 1 1 0 0 107 
787 15 0 1 0 25 20 20 13 17 7 18 19 -0.025 40 835 836
788 15 1 0 4 1 4 1 3 0 0 121 
789 15 1 0 2 1 4 2 0 0 0 122 
790 15 0 1 0 23 17 13 14 15 5 19 19 -0.0333333 -6 837 838
791 15 0 1 0 28 30 12 17 21 11 18 14 -0.0528533 -46 839 840
792 15 0 1 0 25 30 17 15 30 35 12 16 -0.307457 14 841 842
793 15 1 0 3 1 4 0 0 0 3 164 
794 15 0 1 0 21 4 18 20 24 16 17 18 -0.266408 1 843 844
795 15 1 0 2 1 4 0 0 1 1 227 
796 15 1 0 21 1 4 0 0 0 21 228 
797 15 0 1 0 8 28 19 13 31 17 17 15 -0 -4 845 846
798 15 0 1 0 14 13 15 18 15 17 15 20 -0.0627329 0 847 848
799 15 1 0 5 1 4 5 0 0 0 234 
800 15 1 0 5 1 4 0 1 4 0 235 
801 15 0 1 0 29 32 14 14 24 27 17 18 -0.086447 -15 849 850
802 15 0 1 0 5 13 12 20 10 25 20 18 -0.168231 -3 851 852
803 15 1 0 11 1 4 0 11 0 0 313 
804 15 1 0 2 1 4 1 1 0 0 314 
805 15 1 0 3 1 4 0 3 0 0 317 
806 15 0 1 0 31 11 16 16 11 26 12 16 -0.0138804 -47 853 854
807 15 1 0 37 1 4 0 37 0 0 330 
808 15 1 0 4 1 4 3 1 0 0 331 
809 15 1 0 2 1 4 0 2 0 0 333 
810 15 1 0 49 1 4 49 0 0 0 334 
811 15 0 1 0 1 17 20 18 31 26 18 15 -0.0158103 1 855 856
812 15 1 0 2 1 4 0 0 0 2 354 
813 15 1 0 28 1 4 28 0 0 0 389 
814 15 1 0 2 1 4 0 2 0 0 390 
815 15 1 0 6 1 4 6 0 0 0 391 
816 15 1 0 5 1 4 0 5 0 0 392 
817 15 1 0 3 1 4 0 0 3 0 393 
818 15 0 1 0 32 23 15 12 26 35 12 19 -0.0470695 -3 857 858
819 15 0 1 0 9 4 19 16 26 24 17 20 -0.0128205 32 859 860
820 15 1 0 2 1 4 0 1 0 1 434 
821 15 0 1 0 28 12 14 18 1 11 20 12 -0.0416667 10 861 862
822 15 1 0 2 1 4 1 1 0 0 508 
823 15 0 1 0 7 13 12 13 11 6 13 13 -0.0217779 -48 863 864
824 15 1 0 2 1 4 0 1 0 1 523 
825 15 1 0 2 1 4 0 1 0 1 532 
826 15 0 1 0 4 27 18 18 4 13 17 16 -0.0778422 32 865 866
827 15 1 0 2 1 4 0 1 0 1 540 
828 15 1 0 13 1 4 0 0 0 13 541 
829 16 1 0 8 1 4 0 8 0 0 45 
830 16 1 0 9 1 4 9 0 0 0 46 
831 16 0 1 0 22 11 20 19 21 14 14 19 -0.0124544 8 867 868
832 16 1 0 5 1 4 0 5 0 0 57 
833 16 1 0 166 1 4 166 0 0 0 102 
834 16 1 0 6 1 4 3 3 0 0 103 
835 16 1 0 18 1 4 18 0 0 0 119 
836 16 1 0 2 1 4 1 1 0 0 120 
837 16 1 0 2 1 4 0 1 1 0 123 
838 16 1 0 13 1 4 0 13 0 0 124 
839 16 1 0 6 1 4 1 2 0 3 135 
840 16 0 1 0 27 31 14 13 19 10 14 15 -0.0443151 -17 869 870
841 16 0 1 0 17 10 19 12 26 19 20 12 -0.104575 3 871 872
842 16 0 1 0 13 13 14 17 17 20 17 17 -0.120382 16 873 874
843 16 0 1 0 30 30 16 14 33 31 16 12 -0.200979 4 875 876
844 16 1 0 4 1 4 0 2 0 2 172 
845 16 1 0 6 1 4 0 0 6 0 229 
846 16 1 0 8 1 4 0 0 0 8 230 
847 16 0 1 0 24 17 14 18 21 26 15 14 -0.0217391 -48 877 878
848 16 1 0 5 1 4 0 4 1 0 233 
849 16 0 1 0 18 33 14 16 35 16 14 12 -0.0490196 55 879 880
850 16 0 1 0 9 20 13 14 5 26 20 12 -0.0823327 8 881 882
851 16 0 1 0 18 6 14 12 2 31 14 12 -0.0839307 0 883 884
852 16 0 1 0 20 1 14 13 25 25 16 20 -0 7 885 886
853 16 0 1 0 13 8 16 13 13 24 17 13 -0.00724638 -44 887 888
854 16 1 0 2 1 4 0 0 0 2 320 
855 16 0 1 0 7 34 12 16 10 32 12 18 -0.0126842 -21 889 890
856 16 1 0 2 1 4 0 2 0 0 353 
857 16 0 1 0 16 2 20 18 32 3 15 12 -0.0376123 -33 891 892
858 16 0 1 0 15 25 13 13 1 29 13 20 -0.047619 51 893 894
859 16 1 0 37 1 4 0 37 0 0 432 
860 16 1 0 2 1 4 1 1 0 0 433 
861 16 1 0 2 1 4 0 0 1 1 506 
862 16 1 0 10 1 4 0 0 0 10 507 
863 16 1 0 2 1 4 0 1 0 1 509 
864 16 0 1 0 28 28 14 12 24 22 14 19 -0.0201587 19 895 896
865 16 0 1 0 11 0 13 20 12 12 20 20 -0.228571 -39 897 898
866 16 0 1 0 6 10 18 16 6 4 17 17 -0.0267085 -7 899 900
867 17 0 1 0 21 28 18 12 19 14 18 13 -0.00942937 44 901 902
868 17 1 0 5 1 4 3 0 2 0 56 
869 17 1 0 2 1 4 2 0 0 0 136 
870 17 0 1 0 26 11 18 18 28 26 18 17 -0.0425373 -7 903 904
871 17 1 0 9 1 4 0 8 0 1 155 
872 17 1 0 25 1 4 25 0 0 0 156 
873 17 0 1 0 25 11 17 20 11 12 18 12 -0.0700809 -16 905 906
874 17 1 0 2 1 4 0 0 0 2 160 
875 17 1 0 9 1 4 5 4 0 0 165 
876 17 0 1 0 20 18 19 16 18 13 12 14 -0.175455 2 907 908
877 17 1 0 2 1 4 0 1 1 0 231 
878 17 1 0 21 1 4 0 0 21 0 232 
879 17 1 0 6 1 4 0 0 5 1 236 
880 17 1 0 11 1 4 0 0 0 11 237 
881 17 0 1 0 29 2 18 13 24 1 16 14 -0.0785512 -18 909 910
882 17 0 1 0 27 27 19 20 34 28 19 13 -0.0740741 3 911 912
883 17 0 1 0 1 3 12 13 4 9 12 15 -0 8 913 914
884 17 1 0 4 1 4 0 0 3 1 296 
885 17 1 0 22 1 4 0 0 22 0 297 
886 17 1 0 2 1 4 0 2 0 0 298 
887 17 1 0 67 1 4 0 0 67 0 318 
888 17 1 0 2 1 4 0 1 1 0 319 
889 17 1 0 5 1 4 0 0 3 2 349 
890 17 0 1 0 21 14 18 14 13 28 13 12 -0.0060809 -4 915 916
891 17 1 0 3 1 4 3 0 0 0 394 
892 17 0 1 0 12 32 14 15 6 31 14 14 -0.0352716 13 917 918
893 17 1 0 7 1 4 0 0 6 1 412 
894 17 1 0 11 1 4 0 11 0 0 413 
895 17 0 1 0 25 16 19 14 22 19 12 17 -0.0181353 16 919 920
896 17 1 0 3 1 4 0 1 0 2 522 
897 17 1 0 8 1 4 0 4 0 4 533 
898 17 1 0 27 1 4 0 0 0 27 534 
899 17 1 0 3 1 4 0 1 0 2 535 
900 17 0 1 0 1 7 18 18 3 12 17 13 -0.0146341 12 921 922
901 18 0 1 0 28 29 13 19 27 25 15 19 -0.0085455 -5 923 924
902 18 1 0 2 1 4 0 2 0 0 55 
903 18 0 1 0 3 16 20 14 0 14 20 14 -0.0327626 -1 925 926
904 18 0 1 0 7 9 16 14 6 33 14 14 -0 -7 927 928
905 18 0 1 0 24 6 17 17 2 4 20 18 -0.0377358 10 929 930
906 18 1 0 3 1 4 3 0 0 0 159 
907 18 0 1 0 1 10 14 14 3 32 15 13 -0.292174 -9 931 932
908 18 0 1 0 3 26 16 19 14 26 12 15 -0.0235493 -19 933 934
909 18 0 1 0 25 11 17 19 1 2 14 13 -0.180556 64 935 936
910 18 0 1 0 20 10 20 13 10 11 13 13 -0.0709464 -34 937 938
911 18 1 0 3 1 4 0 0 3 0 292 
912 18 1 0 9 1 4 1 8 0 0 293 
913 18 1 0 25 1 4 0 25 0 0 294 
914 18 1 0 2 1 4 0 0 2 0 295 
915 18 0 1 0 22 28 12 15 25 31 12 14 -0.00204918 7 939 940
916 18 1 0 2 1 4 0 1 1 0 352 
917 18 1 0 7 1 4 4 3 0 0 395 
918 18 0 1 0 0 32 12 15 0 19 16 18 -0.0310423 7 941 942
919 18 0 1 0 15 33 12 19 29 33 12 13 -0.0141998 3 943 944
920 18 1 0 6 1 4 1 0 0 5 521 
921 18 1 0 236 1 4 0 0 0 236 536 
922 18 0 1 0 15 13 15 18 21 31 12 20 -0.2 31 945 946
923 19 1 0 2 1 4 1 0 1 0 47 
924 19 0 1 0 35 33 13 12 26 3 20 20 -0.00698466 -5 947 948
925 19 1 0 3 1 4 0 1 1 1 137 
926 19 0 1 0 17 25 12 18 23 22 17 13 -0.0295701 -40 949 950
927 19 1 0 3 1 4 0 0 0 3 153 
928 19 1 0 12 1 4 0 12 0 0 154 
929 19 1 0 51 1 4 0 51 0 0 157 
930 19 1 0 2 1 4 0 1 0 1 158 
931 19 0 1 0 4 18 17 12 30 6 12 13 -0.173913 -3 951 952
932 19 1 0 2 1 4 0 0 0 2 168 
933 19 0 1 0 27 11 14 12 1 10 15 15 -0.00819672 -18 953 954
934 19 1 0 2 1 4 0 1 1 0 171 
935 19 1 0 6 1 4 4 2 0 0 238 
936 19 1 0 6 1 4 0 0 5 1 239 
937 19 1 0 7 1 4 0 7 0 0 240 
938 19 0 1 0 15 12 14 13 9 21 15 16 -0.0681993 5 955 956
939 19 1 0 242 1 4 0 0 242 0 350 
940 19 1 0 2 1 4 0 1 1 0 351 
941 19 0 1 0 8 0 13 18 13 3 20 12 -0.0265509 5 957 958
942 19 1 0 4 1 4 0 2 1 1 411 
943 19 1 0 2 1 4 0 0 1 1 510 
944 19 0 1 0 10 24 16 13 9 19 17 16 -0.0138064 1 959 960
945 19 1 0 2 1 4 0 1 0 1 537 
946 19 1 0 8 1 4 0 0 0 8 538 
947 20 1 0 6 1 4 5 0 0 1 48 
948 20 0 1 0 1 25 20 13 19 4 12 16 -0.00316146 -97 961 962
949 20 1 0 2 1 4 0 1 0 1 138 
950 20 0 1 0 7 28 19 19 8 31 13 19 -0.0263347 -13 963 964
951 20 1 0 4 1 4 0 2 0 2 166 
952 20 1 0 19 1 4 0 19 0 0 167 
953 20 1 0 2 1 4 1 1 0 0 169 
954 20 1 0 59 1 4 0 59 0 0 170 
955 20 0 1 0 24 15 20 13 7 27 18 15 -0.064665 14 965 966
956 20 1 0 5 1 4 1 4 0 0 291 
957 20 0 1 0 28 30 17 16 29 32 12 15 -0.0225978 -12 967 968
958 20 1 0 7 1 4 0 4 3 0 410 
959 20 0 1 0 22 28 16 17 21 27 13 16 -0.173077 -4 969 970
960 20 0 1 0 23 13 14 19 27 10 14 18 -0.00938783 40 971 972
961 21 1 0 4 1 4 2 2 0 0 49 
962 21 0 1 0 21 27 18 20 18 10 14 13 -0.00244712 38 973 974
963 21 1 0 2 1 4 0 1 0 1 139 
964 21 0 1 0 24 19 14 17 24 12 17 16 -0.0230833 -13 975 976
965 21 0 1 0 11 28 16 19 20 20 17 12 -0.0613717 -7 977 978
966 21 1 0 2 1 4 2 0 0 0 290 
967 21 1 0 2 1 4 2 0 0 0 396 
968 21 0 1 0 11 19 17 20 15 14 19 17 -0.0203139 -1 979 980
969 21 1 0 24 1 4 0 0 0 24 511 
970 21 1 0 2 1 4 1 0 0 1 512 
971 21 0 1 0 4 29 18 18 1 32 13 16 -0.00490879 -7 981 982
972 21 0 1 0 26 19 16 16 27 32 12 12 -0.225 22 983 984
973 22 0 1 0 17 2 13 12 1 27 18 15 -0.00100436 93 985 986
974 22 0 1 0 34 31 14 13 9 0 17 16 -0 75 987 988
975 22 1 0 2 1 4 0 1 0 1 140 
976 22 0 1 0 13 7 13 14 6 30 16 13 -0.0206414 -15 989 990
977 22 1 0 2 1 4 2 0 0 0 241 
978 22 0 1 0 24 14 20 19 18 12 12 19 -0.0588007 -11 991 992
979 22 1 0 2 1 4 0 1 0 1 397 
980 22 0 1 0 27 28 19 20 30 24 19 12 -0.016612 33 993 994
981 22 0 1 0 21 4 20 19 29 2 20 14 -0 -5 995 996
982 22 0 1 0 23 26 17 20 28 17 12 13 -0.0040404 11 997 998
983 22 1 0 2 1 4 1 0 0 1 519 
984 22 1 0 18 1 4 0 0 0 18 520 
985 23 0 1 0 11 18 18 14 9 11 13 15 -0.000305111 -25 999 1000
986 23 1 0 5 1 4 3 2 0 0 52 
987 23 1 0 3 1 4 0 3 0 0 53 
988 23 1 0 12 1 4 12 0 0 0 54 
989 23 1 0 4 1 4 2 2 0 0 141 
990 23 0 1 0 19 34 12 12 7 25 20 20 -0.0192102 26 1001 1002
991 23 1 0 6 1 4 0 0 0 6 242 
992 23 0 1 0 24 14 14 13 33 29 17 14 -0.0549539 2 1003 1004
993 23 0 1 0 16 26 19 20 21 29 15 16 -0.0152974 18 1005 1006
994 23 1 0 3 1 4 2 1 0 0 409 
995 23 1 0 2 1 4 0 0 2 0 513 
996 23 1 0 8 1 4 0 0 0 8 514 
997 23 1 0 1834 1 4 0 0 0 1834 515 
998 23 0 1 0 7 11 15 14 14 4 13 12 -0.0636364 13 1007 1008
999 24 1 0 3 1 4 2 1 0 0 50 
1000 24 1 0 2182 1 4 2182 0 0 0 51 
1001 24 1 0 5 1 4 2 3 0 0 142 
1002 24 0 1 0 27 24 20 19 26 11 20 16 -0.0178246 0 1009 1010
1003 24 0 1 0 27 31 16 16 23 33 12 15 -0.0519316 -22 1011 1012
1004 24 0 1 0 0 9 12 20 31 20 18 14 -0.0451128 -6 1013 1014
1005 24 0 1 0 24 30 13 13 27 27 17 13 -0.0131712 -6 1015 1016
1006 24 1 0 7 1 4 2 5 0 0 408 
1007 24 1 0 94 1 4 0 0 0 94 516 
1008 24 0 1 0 20 4 15 20 13 33 13 14 -0 -76 1017 1018
1009 25 1 0 7 1 4 0 6 0 1 143 
1010 25 0 1 0 19 31 15 16 13 26 16 20 -0.0146437 4 1019 1020
1011 25 0 1 0 21 33 12 13 10 12 18 18 -0.145354 94 1021 1022
1012 25 0 1 0 6 5 17 15 1 35 12 16 -0.041482 3 1023 1024
1013 25 1 0 7 1 4 0 0 6 1 288 
1014 25 1 0 12 1 4 0 0 0 12 289 
1015 25 1 0 2 1 4 0 1 1 0 398 
1016 25 0 1 0 28 26 18 18 35 26 20 12 -0.0120311 8 1025 1026
1017 25 1 0 14 1 4 0 0 0 14 517 
1018 25 1 0 2 1 4 0 2 0 0 518 
1019 26 1 0 2 1 4 0 1 1 0 144 
1020 26 0 1 0 18 32 15 12 8 32 14 19 -0.0138791 28 1027 1028
1021 26 0 1 0 31 0 18 12 26 7 18 16 -0.0902256 3 1029 1030
1022 26 0 1 0 19 11 20 19 14 23 14 19 -0 -20 1031 1032
1023 26 0 1 0 11 4 19 13 20 7 12 12 -0.0398227 -43 1033 1034
1024 26 1 0 5 1 4 0 0 1 4 287 
1025 26 0 1 0 10 13 19 14 26 14 20 17 -0.04488 99 1035 1036
1026 26 0 1 0 28 27 18 19 22 29 18 19 -0.00329117 -9 1037 1038
1027 27 0 1 0 3 21 20 12 6 30 12 12 -0 -17 1039 1040
1028 27 0 1 0 11 7 17 14 1 35 12 20 -0.0117138 -13 1041 1042
1029 27 0 1 0 30 25 18 16 15 8 20 14 -0.0493421 7 1043 1044
1030 27 1 0 23 1 4 0 23 0 0 246 
1031 27 1 0 58 1 4 0 0 58 0 247 
1032 27 1 0 3 1 4 0 0 0 3 248 
1033 27 1 0 5 1 4 2 0 3 0 249 
1034 27 0 1 0 3 26 20 13 2 35 12 16 -0.0363445 18 1045 1046
1035 27 0 1 0 21 27 20 15 31 29 13 16 -0.0356565 64 1047 1048
1036 27 1 0 3 1 4 3 0 0 0 403 
1037 27 0 1 0 26 5 20 18 30 25 17 14 -0.00198237 3 1049 1050
1038 27 1 0 2 1 4 0 1 1 0 407 
1039 28 1 0 3 1 4 3 0 0 0 145 
1040 28 1 0 18 1 4 0 18 0 0 146 
1041 28 1 0 4 1 4 1 3 0 0 147 
1042 28 0 1 0 23 12 20 19 23 20 15 20 -0.0108358 -3 1051 1052
1043 28 1 0 3 1 4 0 3 0 0 243 
1044 28 0 1 0 31 8 18 15 8 17 20 16 -0.03125 -3 1053 1054
1045 28 0 1 0 7 32 13 13 26 4 18 16 -0.0347355 166 1055 1056
1046 28 1 0 5 1 4 0 4 1 0 286 
1047 28 0 1 0 19 6 19 12 26 11 14 17 -0.0155142 -12 1057 1058
1048 28 1 0 7 1 4 3 4 0 0 402 
1049 28 0 1 0 15 26 19 13 8 31 12 12 -0.000884173 5 1059 1060
1050 28 1 0 2 1 4 1 1 0 0 406 
1051 29 0 1 0 8 24 19 19 6 26 20 20 -0.000752587 -3 1061 1062
1052 29 0 1 0 12 13 16 14 15 27 16 12 -0.0952381 -14 1063 1064
1053 29 1 0 14 1 4 0 0 14 0 244 
1054 29 1 0 2 1 4 0 0 1 1 245 
1055 29 0 1 0 26 23 15 17 5 27 16 17 -0.0337358 58 1065 1066
1056 29 1 0 3 1 4 0 3 0 0 285 
1057 29 1 0 2 1 4 1 1 0 0 399 
1058 29 0 1 0 2 33 12 12 3 26 13 16 -0.0070922 -1 1067 1068
1059 29 1 0 3 1 4 1 2 0 0 404 
1060 29 1 0 751 1 4 0 751 0 0 405 
1061 30 1 0 5 1 4 1 4 0 0 148 
1062 30 1 0 1058 1 4 0 1058 0 0 149 
1063 30 0 1 0 5 24 19 17 17 22 12 13 -0.266667 -50 1069 1070
1064 30 1 0 87 1 4 0 87 0 0 152 
1065 30 0 1 0 20 18 19 17 22 27 16 15 -0.0325681 -64 1071 1072
1066 30 1 0 4 1 4 0 0 1 3 284 
1067 30 1 0 91 1 4 0 91 0 0 400 
1068 30 1 0 3 1 4 1 2 0 0 401 
1069 31 1 0 13 1 4 0 13 0 0 150 
1070 31 1 0 5 1 4 0 2 0 3 151 
1071 31 1 0 2 1 4 0 2 0 0 250 
1072 31 0 1 0 29 26 20 17 30 13 14 13 -0.0316012 -5 1073 1074
1073 32 1 0 4 1 4 1 1 2 0 251 
1074 32 0 1 0 30 29 18 13 29 20 13 17 -0.029481 -11 1075 1076
1075 33 1 0 2 1 4 0 0 0 2 252 
1076 33 0 1 0 11 22 16 19 11 22 13 19 -0.0285787 19 1077 1078
1077 34 0 1 0 14 3 20 14 24 6 20 13 -0.0279665 4 1079 1080
1078 34 1 0 2 1 4 0 0 0 2 283 
1079 35 0 1 0 1 31 15 14 28 15 13 15 -0.0145411 -8 1081 1082
1080 35 0 1 0 21 29 18 18 21 33 12 18 -0.0943592 -11 1083 1084
1081 36 1 0 2 1 4 0 0 0 2 253 
1082 36 0 1 0 33 27 16 14 26 4 12 19 -0.0138672 -2 1085 1086
1083 36 0 1 0 16 19 17 16 8 20 15 19 -0 -9 1087 1088
1084 36 0 1 0 32 27 17 15 27 20 13 16 -0.0803726 1 1089 1090
1085 37 0 1 0 3 34 13 19 14 27 18 13 -0 0 1091 1092
1086 37 0 1 0 29 27 12 17 30 24 20 17 -0.0115112 22 1093 1094
1087 37 1 0 4 1 4 0 0 4 0 272 
1088 37 1 0 10 1 4 0 10 0 0 273 
1089 37 1 0 4 1 4 1 1 2 0 274 
1090 37 0 1 0 15 30 13 12 9 26 17 17 -0.063169 32 1095 1096
1091 38 1 0 4 1 4 0 4 0 0 254 
1092 38 1 0 8 1 4 0 0 8 0 255 
1093 38 0 1 0 20 14 19 20 30 29 18 14 -0.0108215 -2 1097 1098
1094 38 1 0 2 1 4 0 0 0 2 271 
1095 38 0 1 0 8 29 17 16 16 19 14 13 -0.0582329 5 1099 1100
1096 38 1 0 2 1 4 0 2 0 0 282 
1097 39 0 1 0 31 33 13 15 31 31 13 16 -0.0100635 -6 1101 1102
1098 39 1 0 3 1 4 0 0 1 2 270 
1099 39 0 1 0 17 0 17 18 32 20 16 15 -0.2 -27 1103 1104
1100 39 0 1 0 0 4 17 16 20 7 13 16 -0.0155356 -42 1105 1106
1101 40 1 0 5 1 4 0 0 3 2 256 
1102 40 0 1 0 6 25 17 15 9 22 14 17 -0.00919211 -11 1107 1108
1103 40 1 0 19 1 4 0 0 19 0 275 
1104 40 1 0 5 1 4 3 0 2 0 276 
1105 40 1 0 2 1 4 0 0 1 1 277 
1106 40 0 1 0 5 8 15 19 1 27 15 18 -0.0111296 3 1109 1110
1107 41 1 0 2 1 4 0 0 1 1 257 
1108 41 0 1 0 16 32 14 14 8 28 19 14 -0.00867102 53 1111 1112
1109 41 0 1 0 23 10 16 16 5 0 16 16 -0.00676667 45 1113 1114
1110 41 1 0 2 1 4 0 0 1 1 281 
1111 42 0 1 0 10 8 16 19 5 28 19 13 -0.00772149 -4 1115 1116
1112 42 1 0 2 1 4 0 0 1 1 269 
1113 42 0 1 0 4 18 12 15 5 25 17 12 -0.00228311 1 1117 1118
1114 42 1 0 2 1 4 0 1 1 0 280 
1115 43 0 1 0 12 20 12 12 12 14 14 16 -0.0071208 -8 1119 1120
1116 43 1 0 3 1 4 0 2 1 0 268 
1117 43 1 0 217 1 4 0 0 217 0 278 
1118 43 1 0 2 1 4 0 1 1 0 279 
1119 44 1 0 2 1 4 0 1 1 0 258 
1120 44 0 1 0 26 24 13 17 31 0 18 16 -0.00671134 -8 1121 1122
1121 45 0 1 0 23 28 17 12 5 26 17 16 -0 21 1123 1124
1122 45 0 1 0 8 4 16 12 1 31 13 14 -0.00509944 2 1125 1126
1123 46 1 0 27 1 4 0 0 27 0 259 
1124 46 1 0 3 1 4 0 3 0 0 260 
1125 46 0 1 0 33 27 17 13 21 11 18 14 -0.0047829 18 1127 1128
1126 46 1 0 2 1 4 0 0 1 1 267 
1127 47 0 1 0 19 17 17 16 17 17 17 14 -0.042841 -8 1129 1130
1128 47 0 1 0 34 19 18 12 27 11 18 15 -0.000559851 -5 1131 1132
1129 48 1 0 3 1 4 1 0 2 0 261 
1130 48 0 1 0 8 23 16 12 6 13 12 17 -0.0225564 57 1133 1134
1131 48 0 1 0 0 9 19 18 22 32 13 15 -0.0227273 -68 1135 1136
1132 48 1 0 1683 1 4 0 0 1683 0 266 
1133 49 1 0 145 1 4 0 0 145 0 262 
1134 49 1 0 7 1 4 1 0 6 0 263 
1135 49 1 0 20 1 4 0 0 20 0 264 
1136 49 1 0 2 1 4 0 0 1 1 265 
