-2147483648 -2147483648 data/trees_headpose/tree_022.txt
100 10 5000 30 30000 1 48 1 data/trees_headpose ./data/Cropped_HBO_Data_4view.txt
1 0
0 0 0 1 0 30 9 18 17 32 34 12 14 -0.971555 -8 1 2
1 1 0 1 0 9 12 20 12 12 9 15 13 -0.658542 -4 3 4
2 1 0 1 0 8 15 17 14 9 28 17 13 -0.798485 -20 5 6
3 2 0 1 0 0 22 19 20 1 29 18 13 -0.57956 0 7 8
4 2 0 1 0 5 24 17 15 7 18 16 17 -0.439833 -5 9 10
5 2 0 1 0 6 26 19 12 1 32 14 12 -0.504713 -8 11 12
6 2 0 1 0 9 33 13 13 12 12 18 15 -1.18351 -9 13 14
7 3 0 1 0 8 31 16 13 12 24 15 19 -0.424344 33 15 16
8 3 0 1 0 4 13 16 17 6 24 13 18 -0.58895 -26 17 18
9 3 0 1 0 5 4 20 19 25 3 16 15 -0.267125 -1 19 20
10 3 0 1 0 0 32 14 14 1 16 16 16 -0.45668 0 21 22
11 3 0 1 0 8 32 14 16 24 12 13 12 -0.748316 9 23 24
12 3 0 1 0 29 29 15 17 28 17 13 13 -0.350372 3 25 26
13 3 0 1 0 11 1 18 15 9 30 14 12 -0.831189 -1 27 28
14 3 0 1 0 25 14 17 12 23 29 16 18 -1.07385 -13 29 30
15 4 0 1 0 27 18 13 17 20 7 17 18 -0.357845 -9 31 32
16 4 0 1 0 21 29 14 12 5 7 15 13 -0.418891 112 33 34
17 4 0 1 0 14 25 18 12 0 15 17 13 -1.06393 62 35 36
18 4 0 1 0 4 24 18 12 2 30 15 13 -0.41372 -3 37 38
19 4 0 1 0 5 28 16 13 1 15 14 20 -0.942439 -4 39 40
20 4 0 1 0 0 27 18 18 3 34 13 16 -0.195681 -20 41 42
21 4 0 1 0 9 4 17 13 9 10 13 17 -0.555181 -7 43 44
22 4 0 1 0 1 27 19 13 9 35 12 17 -0.387378 -51 45 46
23 4 0 1 0 25 32 14 13 21 25 15 18 -0.230769 -19 47 48
24 4 0 1 0 25 19 15 18 25 30 14 15 -0.516699 8 49 50
25 4 0 1 0 31 34 13 12 15 33 12 12 -0.256213 -33 51 52
26 4 0 1 0 28 8 20 15 26 5 16 16 -0.766586 -6 53 54
27 4 0 1 0 23 28 15 20 25 24 14 20 -0.870699 2 55 56
28 4 0 1 0 28 25 16 16 25 15 14 20 -0.335528 -5 57 58
29 4 0 1 0 9 17 15 15 28 21 18 15 -0.295466 -7 59 60
30 4 0 1 0 4 21 12 12 0 28 19 12 -1.10123 -3 61 62
31 5 0 1 0 12 20 18 20 25 34 13 20 -0.210873 27 63 64
32 5 0 1 0 14 8 16 15 1 3 20 16 -0.682457 19 65 66
33 5 0 1 0 5 29 16 14 3 27 17 12 -0.194935 15 67 68
34 5 0 1 0 21 26 19 17 28 7 17 15 -0.046875 43 69 70
35 5 0 1 0 5 25 18 19 23 35 12 19 -0.0666957 -2 71 72
36 5 0 1 0 30 20 14 13 28 7 19 13 -0.87336 5 73 74
37 5 0 1 0 12 28 18 13 11 23 18 14 -0.434208 17 75 76
38 5 0 1 0 9 32 15 20 10 10 20 17 -0.344604 31 77 78
39 5 0 1 0 23 4 15 14 21 6 15 15 -0.152 -10 79 80
40 5 0 1 0 26 8 18 18 0 29 18 12 -0.882771 16 81 82
41 5 0 1 0 28 27 20 17 33 31 16 12 -0.348868 9 83 84
42 5 0 1 0 18 5 17 14 13 14 19 14 -0.137776 -7 85 86
43 5 0 1 0 16 19 19 17 20 15 15 12 -0.40487 2 87 88
44 5 0 1 0 25 31 12 12 32 22 18 15 -0.377086 43 89 90
45 5 0 1 0 20 12 12 13 30 21 20 14 -0.292255 3 91 92
46 5 0 1 0 9 17 19 20 18 12 19 12 -0.322374 -7 93 94
47 5 1 0 9 1 4 3 0 0 6 441 
48 5 1 0 69 1 4 69 0 0 0 442 
49 5 0 1 0 8 25 18 13 12 20 19 20 -0.547914 -2 95 96
50 5 0 1 0 4 26 12 18 9 23 14 13 -0.0532407 21 97 98
51 5 0 1 0 11 6 14 18 9 27 18 14 -0.159931 -6 99 100
52 5 0 1 0 13 16 12 20 17 11 15 13 -0.910881 0 101 102
53 5 0 1 0 18 16 18 12 11 20 20 17 -0 10 103 104
54 5 0 1 0 26 22 12 15 23 26 20 17 -0.707134 -13 105 106
55 5 0 1 0 17 8 20 15 34 31 15 12 -0.05 34 107 108
56 5 0 1 0 14 18 13 17 7 19 14 18 -0.699434 45 109 110
57 5 0 1 0 13 30 13 17 13 31 16 15 -0.206662 -15 111 112
58 5 0 1 0 6 25 17 14 3 14 20 19 -0.0936147 -3 113 114
59 5 0 1 0 27 4 17 15 16 28 13 14 -0.0714286 -6 115 116
60 5 0 1 0 17 0 17 19 20 4 17 20 -0.182881 15 117 118
61 5 0 1 0 19 11 18 17 4 11 20 19 -0.773089 25 119 120
62 5 0 1 0 28 25 19 17 24 17 19 20 -0.703007 -9 121 122
63 6 0 1 0 6 27 14 18 0 30 17 20 -0.160173 25 123 124
64 6 0 1 0 6 25 16 12 1 12 19 16 -0.719706 43 125 126
65 6 0 1 0 13 4 14 18 15 6 14 16 -0.415309 -6 127 128
66 6 0 1 0 27 22 16 20 13 2 17 20 -0.580201 88 129 130
67 6 0 1 0 21 5 13 14 29 4 15 15 -0.0277778 40 131 132
68 6 0 1 0 13 12 15 16 9 8 18 12 -0 14 133 134
69 6 1 0 4 1 4 4 0 0 0 102 
70 6 0 1 0 8 12 17 17 15 4 18 19 -0.03125 -8 135 136
71 6 0 1 0 12 21 14 15 19 15 12 18 -0.016129 -19 137 138
72 6 1 0 6 1 4 0 3 3 0 107 
73 6 0 1 0 7 4 17 20 6 9 14 17 -0.417554 -6 139 140
74 6 0 1 0 6 7 16 20 9 29 12 19 -0.968137 -64 141 142
75 6 0 1 0 31 11 13 15 21 5 16 17 -0.238472 -75 143 144
76 6 0 1 0 27 25 18 15 28 14 12 14 -0.366816 26 145 146
77 6 0 1 0 22 29 17 14 17 23 12 15 -0.277229 -10 147 148
78 6 0 1 0 28 12 13 13 30 32 12 16 -0.540021 -6 149 150
79 6 1 0 5 1 4 5 0 0 0 209 
80 6 0 1 0 19 16 17 20 33 30 16 13 -0.1 -26 151 152
81 6 0 1 0 11 28 13 14 11 28 13 15 -0.35866 -2 153 154
82 6 0 1 0 2 17 18 17 6 13 16 19 -0.0208333 -5 155 156
83 6 0 1 0 14 16 13 12 15 28 18 20 -0.16684 -23 157 158
84 6 0 1 0 27 32 15 19 22 19 19 19 -0.207602 -22 159 160
85 6 0 1 0 8 30 15 13 12 31 16 19 -0.124155 -2 161 162
86 6 0 1 0 17 11 13 18 22 24 20 15 -0.0357143 -28 163 164
87 6 0 1 0 19 35 12 20 24 23 16 15 -0.0837249 1 165 166
88 6 0 1 0 24 6 13 13 27 23 15 17 -0.387765 0 167 168
89 6 0 1 0 14 10 15 14 8 12 19 13 -0.210547 13 169 170
90 6 0 1 0 29 0 19 14 35 13 17 12 -0.256439 8 171 172
91 6 0 1 0 26 30 14 18 27 33 14 19 -0.225037 10 173 174
92 6 0 1 0 8 12 12 19 33 24 16 14 -0.246046 88 175 176
93 6 0 1 0 20 24 12 13 18 28 18 13 -0.905661 -22 177 178
94 6 0 1 0 7 9 20 16 2 19 19 14 -0.247574 6 179 180
95 6 1 0 9 1 4 4 5 0 0 443 
96 6 0 1 0 18 11 19 19 23 27 13 18 -0.283887 14 181 182
97 6 0 1 0 25 2 16 17 25 3 17 17 -0.00925926 0 183 184
98 6 1 0 2 1 4 1 0 1 0 452 
99 6 0 1 0 18 7 19 13 2 13 12 20 -0.123854 -14 185 186
100 6 0 1 0 30 4 20 16 32 10 19 13 -0.758541 5 187 188
101 6 0 1 0 19 23 13 14 13 13 15 18 -0.386124 37 189 190
102 6 0 1 0 28 33 13 17 22 27 19 20 -0.606254 1 191 192
103 6 1 0 34 1 4 0 0 0 34 502 
104 6 1 0 2 1 4 0 2 0 0 503 
105 6 0 1 0 12 35 12 17 15 8 15 17 -0.571678 37 193 194
106 6 0 1 0 28 5 15 14 28 0 14 18 -0 0 195 196
107 6 1 0 5 1 4 0 1 4 0 516 
108 6 1 0 11 1 4 0 0 0 11 517 
109 6 0 1 0 16 3 19 20 3 3 14 17 -0.562137 30 197 198
110 6 0 1 0 29 28 17 14 25 20 15 14 -0 -34 199 200
111 6 1 0 2 1 4 0 0 0 2 529 
112 6 0 1 0 9 8 18 17 11 31 16 13 -0.13012 -11 201 202
113 6 0 1 0 16 8 19 13 21 29 13 15 -0 11 203 204
114 6 1 0 2 1 4 0 0 1 1 534 
115 6 1 0 13 1 4 0 0 0 13 535 
116 6 1 0 7 1 4 0 5 2 0 536 
117 6 0 1 0 31 19 16 15 35 28 18 12 -0.123346 7 205 206
118 6 1 0 3 1 4 0 0 0 3 544 
119 6 0 1 0 19 14 17 19 24 11 16 13 -0.581767 6 207 208
120 6 0 1 0 25 25 18 16 28 34 12 13 -0.323829 20 209 210
121 6 0 1 0 7 8 18 19 11 24 20 13 -0.295817 -2 211 212
122 6 0 1 0 3 0 16 12 3 13 16 17 -0.781946 0 213 214
123 7 0 1 0 24 31 16 13 16 20 16 18 -0.145829 51 215 216
124 7 1 0 8 1 4 1 0 0 7 46 
125 7 0 1 0 18 14 16 18 22 28 17 12 -0 -24 217 218
126 7 0 1 0 2 28 16 16 6 26 13 15 -0.259882 -1 219 220
127 7 1 0 9 1 4 7 1 0 1 52 
128 7 0 1 0 33 27 20 13 22 27 17 20 -0.170946 -25 221 222
129 7 0 1 0 22 34 12 13 11 5 20 20 -0.512076 49 223 224
130 7 0 1 0 27 16 15 20 15 4 17 15 -0.0533333 51 225 226
131 7 1 0 21 1 4 0 0 21 0 98 
132 7 1 0 3 1 4 2 1 0 0 99 
133 7 1 0 4 1 4 0 0 4 0 100 
134 7 1 0 31 1 4 0 0 0 31 101 
135 7 1 0 14 1 4 0 14 0 0 103 
136 7 1 0 2 1 4 0 1 1 0 104 
137 7 1 0 2 1 4 1 1 0 0 105 
138 7 1 0 29 1 4 29 0 0 0 106 
139 7 1 0 4 1 4 2 2 0 0 108 
140 7 0 1 0 13 26 14 12 27 25 16 17 -0.259426 -6 227 228
141 7 0 1 0 10 31 14 15 5 26 15 18 -0 37 229 230
142 7 0 1 0 2 1 19 16 0 3 13 17 -0.753792 9 231 232
143 7 1 0 2 1 4 0 0 0 2 126 
144 7 0 1 0 29 32 15 18 28 28 12 13 -0.177036 -6 233 234
145 7 0 1 0 11 27 20 20 14 28 19 19 -0.047619 -14 235 236
146 7 0 1 0 0 23 19 16 6 4 18 15 -0.133699 2 237 238
147 7 0 1 0 9 29 13 13 8 1 20 20 -0.269275 46 239 240
148 7 0 1 0 30 29 12 17 30 15 14 15 -0.247837 7 241 242
149 7 0 1 0 12 27 17 13 15 20 18 17 -0.415625 16 243 244
150 7 1 0 18 1 4 0 0 0 18 208 
151 7 1 0 2 1 4 0 1 0 1 210 
152 7 1 0 18 1 4 0 18 0 0 211 
153 7 1 0 8 1 4 5 3 0 0 212 
154 7 1 0 9 1 4 0 1 3 5 213 
155 7 1 0 22 1 4 0 0 0 22 214 
156 7 1 0 2 1 4 1 1 0 0 215 
157 7 0 1 0 20 27 14 18 24 10 12 14 -0.03125 98 245 246
158 7 0 1 0 24 32 15 12 22 30 12 16 -0.0941489 1 247 248
159 7 1 0 4 1 4 0 0 0 4 223 
160 7 0 1 0 26 25 18 17 26 23 17 19 -0.0984127 3 249 250
161 7 0 1 0 26 21 18 18 24 18 17 18 -0.0986415 -11 251 252
162 7 0 1 0 23 16 13 16 26 19 14 19 -0.181818 1 253 254
163 7 1 0 2 1 4 1 1 0 0 265 
164 7 1 0 12 1 4 12 0 0 0 266 
165 7 1 0 7 1 4 1 3 3 0 267 
166 7 0 1 0 28 3 18 19 25 23 13 14 -0 -78 255 256
167 7 0 1 0 24 14 17 18 31 18 16 14 -0.225385 -9 257 258
168 7 0 1 0 27 13 17 17 23 17 13 14 -0.102564 -22 259 260
169 7 0 1 0 29 15 14 12 7 19 15 20 -0.158973 13 261 262
170 7 1 0 4 1 4 4 0 0 0 291 
171 7 0 1 0 6 9 17 13 1 4 14 14 -0.0978664 -3 263 264
172 7 0 1 0 21 18 20 13 17 32 14 17 -0.0384615 -16 265 266
173 7 0 1 0 12 3 14 15 1 15 18 13 -0.206845 8 267 268
174 7 0 1 0 24 3 12 12 2 21 16 12 -0.0912005 -21 269 270
175 7 0 1 0 23 25 15 18 15 21 19 12 -0.166715 0 271 272
176 7 1 0 3 1 4 1 2 0 0 340 
177 7 0 1 0 26 2 18 12 14 0 18 13 -0.112821 -4 273 274
178 7 0 1 0 4 27 18 15 10 27 18 12 -0.68483 -15 275 276
179 7 0 1 0 33 26 20 13 21 13 16 16 -0.220982 13 277 278
180 7 0 1 0 3 15 13 12 15 3 14 15 -0.32981 -2 279 280
181 7 0 1 0 12 19 14 17 32 19 18 14 -0.11348 2 281 282
182 7 1 0 12 1 4 0 0 0 12 449 
183 7 1 0 52 1 4 0 0 0 52 450 
184 7 1 0 2 1 4 0 0 1 1 451 
185 7 0 1 0 1 29 14 20 13 16 20 18 -0.05 29 283 284
186 7 0 1 0 3 7 15 20 7 4 20 16 -0.112901 8 285 286
187 7 0 1 0 24 29 13 18 16 9 17 20 -0.0340909 -14 287 288
188 7 0 1 0 17 22 17 16 13 15 12 17 -0.230769 19 289 290
189 7 0 1 0 26 22 13 16 21 23 20 19 -0.109244 -1 291 292
190 7 1 0 5 1 4 0 0 0 5 493 
191 7 0 1 0 4 11 14 20 2 15 19 15 -0.444181 -16 293 294
192 7 1 0 5 1 4 3 1 1 0 501 
193 7 0 1 0 1 20 16 18 6 11 16 16 -0 -4 295 296
194 7 0 1 0 0 19 20 16 3 18 15 13 -0.430605 5 297 298
195 7 1 0 5 1 4 0 0 5 0 514 
196 7 1 0 11 1 4 0 0 0 11 515 
197 7 0 1 0 13 11 18 19 15 23 17 13 -0.283008 -7 299 300
198 7 0 1 0 8 32 13 12 3 4 13 19 -0.0444444 28 301 302
199 7 1 0 25 1 4 25 0 0 0 527 
200 7 1 0 2 1 4 0 2 0 0 528 
201 7 1 0 5 1 4 3 0 0 2 530 
202 7 1 0 78 1 4 78 0 0 0 531 
203 7 1 0 38 1 4 0 38 0 0 532 
204 7 1 0 4 1 4 4 0 0 0 533 
205 7 0 1 0 15 26 18 18 15 16 17 16 -0.0637262 3 303 304
206 7 0 1 0 8 21 16 15 13 33 14 17 -0 -1 305 306
207 7 0 1 0 27 3 20 20 12 7 16 12 -0.172061 -7 307 308
208 7 0 1 0 28 33 14 13 23 23 13 14 -0.192283 7 309 310
209 7 0 1 0 15 24 14 12 12 28 12 17 -0.00892857 22 311 312
210 7 1 0 5 1 4 1 0 0 4 555 
211 7 0 1 0 23 4 20 16 20 8 20 18 -0.221171 6 313 314
212 7 1 0 3 1 4 2 1 0 0 562 
213 7 0 1 0 30 20 20 15 14 7 14 18 -0.531055 -30 315 316
214 7 0 1 0 23 17 15 19 32 32 14 12 -0.0987395 4 317 318
215 8 0 1 0 28 26 12 12 33 30 17 13 -0.12841 29 319 320
216 8 0 1 0 3 1 20 17 11 21 12 15 -0.140152 -9 321 322
217 8 1 0 2 1 4 0 2 0 0 47 
218 8 1 0 14 1 4 14 0 0 0 48 
219 8 0 1 0 12 16 15 19 25 31 15 19 -0 21 323 324
220 8 1 0 7 1 4 2 5 0 0 51 
221 8 0 1 0 21 15 13 18 4 23 12 17 -0.126263 43 325 326
222 8 0 1 0 30 29 12 13 20 11 19 19 -0.0592705 -11 327 328
223 8 0 1 0 12 2 14 14 10 29 13 15 -0.227782 -72 329 330
224 8 0 1 0 23 23 16 13 12 33 14 16 -0.570929 -30 331 332
225 8 1 0 5 1 4 0 1 4 0 96 
226 8 1 0 10 1 4 0 0 0 10 97 
227 8 1 0 5 1 4 1 4 0 0 109 
228 8 0 1 0 13 21 19 18 12 25 15 16 -0.221074 3 333 334
229 8 1 0 5 1 4 0 5 0 0 115 
230 8 1 0 19 1 4 0 0 0 19 116 
231 8 0 1 0 17 30 12 19 0 2 18 15 -0.544381 125 335 336
232 8 0 1 0 4 11 16 18 2 21 14 20 -0 1 337 338
233 8 0 1 0 30 26 14 15 25 19 12 17 -0.190476 29 339 340
234 8 0 1 0 18 22 12 12 17 23 15 13 -0.108345 -9 341 342
235 8 1 0 3 1 4 1 2 0 0 139 
236 8 1 0 11 1 4 0 0 0 11 140 
237 8 0 1 0 34 28 14 12 30 24 19 12 -0.04933 0 343 344
238 8 1 0 2 1 4 0 0 0 2 145 
239 8 0 1 0 21 30 12 16 5 33 13 18 -0.0857462 75 345 346
240 8 1 0 2 1 4 0 0 0 2 150 
241 8 0 1 0 10 31 15 15 4 11 17 19 -0.851875 23 347 348
242 8 0 1 0 24 24 14 20 18 0 13 17 -0.17071 -20 349 350
243 8 0 1 0 26 23 17 12 31 17 20 13 -0.308294 20 351 352
244 8 0 1 0 0 27 14 14 14 6 18 15 -0 -7 353 354
245 8 1 0 2 1 4 0 0 1 1 216 
246 8 1 0 14 1 4 0 14 0 0 217 
247 8 1 0 4 1 4 0 3 1 0 218 
248 8 0 1 0 16 32 14 18 13 24 19 16 -0.0523256 17 355 356
249 8 1 0 2 1 4 0 0 0 2 224 
250 8 0 1 0 7 17 18 12 14 14 16 18 -0 -43 357 358
251 8 0 1 0 24 34 12 14 28 29 16 15 -0.0549451 54 359 360
252 8 0 1 0 21 1 17 17 32 0 17 13 -0.0896909 66 361 362
253 8 1 0 2 1 4 2 0 0 0 263 
254 8 1 0 9 1 4 0 0 3 6 264 
255 8 1 0 2 1 4 0 2 0 0 268 
256 8 1 0 55 1 4 55 0 0 0 269 
257 8 0 1 0 10 8 20 17 21 15 15 19 -0.0791536 14 363 364
258 8 0 1 0 14 29 16 19 17 0 20 18 -0.13346 43 365 366
259 8 1 0 7 1 4 0 0 0 7 280 
260 8 1 0 6 1 4 0 4 2 0 281 
261 8 0 1 0 21 33 14 15 28 30 15 18 -0.0970776 32 367 368
262 8 0 1 0 12 2 12 15 16 3 12 18 -0.04375 1 369 370
263 8 0 1 0 4 15 14 16 21 26 14 15 -0.1375 -63 371 372
264 8 0 1 0 6 25 15 12 1 10 13 12 -0.0449134 -6 373 374
265 8 1 0 11 1 4 0 0 0 11 299 
266 8 1 0 2 1 4 1 1 0 0 300 
267 8 0 1 0 24 7 19 16 15 10 19 12 -0.157716 16 375 376
268 8 0 1 0 12 7 12 16 12 2 13 15 -0.280595 5 377 378
269 8 0 1 0 0 21 16 17 30 0 12 13 -0.0729167 44 379 380
270 8 0 1 0 13 1 13 13 6 10 18 15 -0.0149148 5 381 382
271 8 0 1 0 3 12 16 16 9 35 12 18 -0.0455405 -60 383 384
272 8 1 0 7 1 4 2 2 0 3 339 
273 8 1 0 2 1 4 2 0 0 0 341 
274 8 0 1 0 25 8 13 16 16 23 17 12 -0 7 385 386
275 8 0 1 0 15 30 14 16 13 27 19 20 -0.1875 3 387 388
276 8 0 1 0 10 19 17 13 12 8 15 16 -0.410396 46 389 390
277 8 0 1 0 19 9 15 16 22 17 12 18 -0.769933 15 391 392
278 8 0 1 0 31 35 12 14 8 24 18 18 -0.105139 129 393 394
279 8 0 1 0 14 9 18 13 21 5 17 18 -0.0779221 50 395 396
280 8 0 1 0 30 2 12 13 35 29 14 12 -0.1296 -11 397 398
281 8 0 1 0 10 26 20 13 14 29 15 14 -0.0397727 -22 399 400
282 8 0 1 0 11 12 20 18 28 5 17 16 -0.05 -9 401 402
283 8 1 0 8 1 4 0 8 0 0 453 
284 8 1 0 2 1 4 0 0 1 1 454 
285 8 0 1 0 10 34 12 17 14 24 20 12 -0.10292 -34 403 404
286 8 1 0 6 1 4 4 0 0 2 486 
287 8 1 0 18 1 4 0 0 0 18 487 
288 8 1 0 4 1 4 1 3 0 0 488 
289 8 1 0 9 1 4 9 0 0 0 489 
290 8 1 0 4 1 4 0 3 0 1 490 
291 8 1 0 27 1 4 27 0 0 0 491 
292 8 1 0 7 1 4 0 5 1 1 492 
293 8 0 1 0 28 23 16 13 22 8 15 15 -0.182381 24 405 406
294 8 0 1 0 7 18 15 19 13 15 12 16 -0.185053 -27 407 408
295 8 1 0 2 1 4 0 2 0 0 504 
296 8 1 0 12 1 4 12 0 0 0 505 
297 8 0 1 0 26 23 14 17 26 10 13 18 -0.106571 -4 409 410
298 8 0 1 0 16 0 13 18 4 26 16 12 -0.44898 -21 411 412
299 8 0 1 0 13 33 12 20 23 15 15 12 -0.121505 5 413 414
300 8 1 0 8 1 4 0 2 3 3 524 
301 8 1 0 5 1 4 1 4 0 0 525 
302 8 1 0 13 1 4 0 0 0 13 526 
303 8 1 0 3 1 4 0 1 0 2 537 
304 8 0 1 0 34 3 17 12 21 7 12 16 -0.0213038 13 415 416
305 8 1 0 17 1 4 17 0 0 0 542 
306 8 1 0 2 1 4 0 0 2 0 543 
307 8 1 0 9 1 4 8 1 0 0 545 
308 8 0 1 0 3 12 12 14 34 2 17 13 -0.107184 -11 417 418
309 8 0 1 0 21 16 14 19 27 10 12 16 -0.0645161 11 419 420
310 8 1 0 3 1 4 2 0 1 0 552 
311 8 1 0 54 1 4 54 0 0 0 553 
312 8 1 0 2 1 4 0 0 1 1 554 
313 8 0 1 0 16 24 18 16 28 17 13 13 -0.171048 90 421 422
314 8 1 0 2 1 4 1 1 0 0 561 
315 8 1 0 16 1 4 0 0 0 16 563 
316 8 0 1 0 24 22 18 14 22 16 14 18 -0.453313 -5 423 424
317 8 0 1 0 6 27 18 18 8 27 20 20 -0.0938375 -5 425 426
318 8 1 0 39 1 4 0 0 0 39 575 
319 9 0 1 0 14 26 17 17 9 28 13 15 -0.115168 -13 427 428
320 9 0 1 0 11 6 14 13 23 20 14 20 -0.0857143 -59 429 430
321 9 0 1 0 22 3 16 18 20 1 16 19 -0 15 431 432
322 9 1 0 6 1 4 0 0 4 2 45 
323 9 1 0 2 1 4 0 2 0 0 49 
324 9 1 0 25 1 4 0 0 0 25 50 
325 9 1 0 9 1 4 0 8 1 0 53 
326 9 1 0 2 1 4 1 1 0 0 54 
327 9 1 0 5 1 4 0 0 0 5 55 
328 9 0 1 0 11 21 20 14 10 26 14 14 -0.0178571 3 433 434
329 9 1 0 3 1 4 0 0 1 2 58 
330 9 0 1 0 18 30 16 20 13 28 19 13 -0.153422 24 435 436
331 9 0 1 0 23 8 17 13 4 20 20 17 -0.125 -3 437 438
332 9 0 1 0 17 24 19 19 21 14 20 13 -0.456859 -2 439 440
333 9 0 1 0 16 31 12 14 19 25 16 12 -0.0428571 -3 441 442
334 9 0 1 0 20 12 13 13 27 15 12 13 -0.248016 55 443 444
335 9 0 1 0 20 14 20 16 23 28 13 12 -0.225926 -23 445 446
336 9 0 1 0 18 30 17 16 0 3 16 12 -0.16476 134 447 448
337 9 1 0 10 1 4 0 0 0 10 124 
338 9 1 0 5 1 4 0 5 0 0 125 
339 9 0 1 0 1 24 15 15 10 26 17 20 -0.140351 -38 449 450
340 9 1 0 5 1 4 5 0 0 0 130 
341 9 1 0 2 1 4 0 1 0 1 131 
342 9 0 1 0 11 12 20 19 8 31 12 15 -0.0702547 -17 451 452
343 9 0 1 0 21 30 14 14 18 13 13 15 -0.010929 2 453 454
344 9 0 1 0 26 1 12 20 16 27 13 18 -0 -119 455 456
345 9 0 1 0 15 21 16 15 17 29 15 20 -0.0122951 8 457 458
346 9 0 1 0 18 28 12 15 24 31 14 13 -0.125 13 459 460
347 9 0 1 0 19 30 13 12 16 27 20 13 -0.342874 -3 461 462
348 9 0 1 0 25 1 14 20 13 28 17 16 -0.647409 -33 463 464
349 9 1 0 6 1 4 0 1 0 5 161 
350 9 0 1 0 13 27 16 13 21 24 20 12 -0.151488 12 465 466
351 9 1 0 3 1 4 0 0 0 3 200 
352 9 0 1 0 10 13 17 12 10 19 16 16 -0.210344 -23 467 468
353 9 1 0 7 1 4 0 0 0 7 206 
354 9 1 0 4 1 4 0 0 4 0 207 
355 9 0 1 0 22 2 13 15 16 6 16 20 -0.0269864 -15 469 470
356 9 1 0 4 1 4 0 4 0 0 222 
357 9 1 0 8 1 4 8 0 0 0 225 
358 9 1 0 62 1 4 0 62 0 0 226 
359 9 1 0 19 1 4 19 0 0 0 227 
360 9 1 0 7 1 4 2 5 0 0 228 
361 9 0 1 0 25 13 18 20 29 30 17 14 -0.0822346 -3 471 472
362 9 1 0 2 1 4 0 0 0 2 262 
363 9 0 1 0 25 23 15 12 3 6 16 19 -0 99 473 474
364 9 1 0 4 1 4 1 3 0 0 272 
365 9 1 0 9 1 4 9 0 0 0 273 
366 9 0 1 0 33 22 14 12 22 15 14 17 -0.107044 21 475 476
367 9 0 1 0 10 0 20 13 31 33 12 14 -0.0558468 -9 477 478
368 9 0 1 0 27 4 19 20 3 22 20 17 -0 -37 479 480
369 9 1 0 8 1 4 0 0 7 1 289 
370 9 1 0 12 1 4 0 0 0 12 290 
371 9 1 0 2 1 4 0 0 1 1 292 
372 9 1 0 8 1 4 0 1 7 0 293 
373 9 1 0 4 1 4 0 0 4 0 294 
374 9 0 1 0 21 17 13 16 21 15 13 14 -0.0238095 14 481 482
375 9 0 1 0 5 21 19 20 22 31 16 14 -0.0942857 -115 483 484
376 9 0 1 0 27 24 15 17 23 13 18 16 -0.313662 -16 485 486
377 9 0 1 0 25 31 14 19 20 29 17 18 -0.0740741 -20 487 488
378 9 0 1 0 1 27 19 14 23 7 20 12 -0.0542986 -32 489 490
379 9 1 0 8 1 4 0 1 7 0 330 
380 9 1 0 4 1 4 0 0 0 4 331 
381 9 0 1 0 0 21 16 17 30 0 12 13 -0.0078125 -2 491 492
382 9 1 0 2 1 4 0 0 2 0 334 
383 9 0 1 0 27 8 19 16 27 6 15 15 -0.0167068 17 493 494
384 9 1 0 2 1 4 0 2 0 0 338 
385 9 1 0 11 1 4 0 0 0 11 342 
386 9 1 0 2 1 4 0 0 2 0 343 
387 9 0 1 0 19 23 19 15 16 0 18 17 -0 54 495 496
388 9 1 0 4 1 4 4 0 0 0 346 
389 9 0 1 0 13 29 15 12 12 34 12 15 -0.281998 4 497 498
390 9 1 0 8 1 4 0 0 7 1 354 
391 9 0 1 0 9 9 17 15 16 1 16 13 -0.676052 -7 499 500
392 9 0 1 0 6 20 20 15 11 14 20 18 -0.17284 -1 501 502
393 9 0 1 0 5 4 20 17 12 0 17 18 -0.0944018 -19 503 504
394 9 0 1 0 9 26 20 17 6 30 16 18 -0.0116279 -8 505 506
395 9 1 0 7 1 4 0 1 6 0 435 
396 9 1 0 4 1 4 0 0 0 4 436 
397 9 0 1 0 18 23 14 13 22 23 20 12 -0.0380952 -3 507 508
398 9 0 1 0 8 30 15 14 13 6 16 18 -0.0454545 32 509 510
399 9 1 0 2 1 4 0 0 0 2 444 
400 9 0 1 0 25 20 17 18 15 22 19 19 -0.0227273 -13 511 512
401 9 1 0 2 1 4 1 1 0 0 447 
402 9 1 0 8 1 4 0 8 0 0 448 
403 9 1 0 2 1 4 1 1 0 0 455 
404 9 0 1 0 15 33 13 12 22 4 18 14 -0.0953189 -8 513 514
405 9 1 0 4 1 4 3 1 0 0 494 
406 9 0 1 0 26 1 12 18 24 1 16 15 -0 -3 515 516
407 9 1 0 2 1 4 1 1 0 0 497 
408 9 0 1 0 7 22 15 16 13 16 18 18 -0.132196 6 517 518
409 9 1 0 5 1 4 0 0 2 3 506 
410 9 0 1 0 14 23 19 13 16 22 20 20 -0.0562338 1 519 520
411 9 0 1 0 16 34 13 14 6 1 12 14 -0.231293 102 521 522
412 9 1 0 7 1 4 0 0 0 7 513 
413 9 0 1 0 16 11 18 20 4 3 18 15 -0.0416667 27 523 524
414 9 0 1 0 29 8 20 12 20 23 13 18 -0.0939697 -80 525 526
415 9 0 1 0 5 12 14 18 12 31 16 18 -0.00613426 4 527 528
416 9 1 0 2 1 4 0 0 1 1 541 
417 9 1 0 2 1 4 1 1 0 0 546 
418 9 0 1 0 15 25 13 14 2 32 15 12 -0.0332056 -3 529 530
419 9 1 0 2 1 4 0 1 0 1 550 
420 9 1 0 29 1 4 0 0 0 29 551 
421 9 0 1 0 2 9 15 19 5 14 12 15 -0.156716 2 531 532
422 9 1 0 2 1 4 0 2 0 0 560 
423 9 0 1 0 1 8 14 17 27 24 17 18 -0.0779221 -1 533 534
424 9 0 1 0 12 18 19 20 19 34 13 12 -0.2354 0 535 536
425 9 1 0 3 1 4 1 2 0 0 572 
426 9 0 1 0 3 2 13 19 28 27 18 18 -0.0357143 9 537 538
427 10 1 0 5 1 4 1 0 0 4 0 
428 10 0 1 0 12 23 13 17 10 26 15 14 -0.105814 45 539 540
429 10 1 0 2 1 4 0 0 0 2 39 
430 10 0 1 0 24 7 13 15 33 20 14 14 -0.0243243 65 541 542
431 10 1 0 14 1 4 0 14 0 0 43 
432 10 1 0 2 1 4 2 0 0 0 44 
433 10 1 0 38 1 4 0 0 38 0 56 
434 10 1 0 4 1 4 0 3 1 0 57 
435 10 0 1 0 0 4 12 18 8 17 19 18 -0.102207 -101 543 544
436 10 0 1 0 15 9 14 12 20 9 17 17 -0.114833 -24 545 546
437 10 0 1 0 6 10 19 12 0 8 14 17 -0 36 547 548
438 10 0 1 0 31 21 15 12 2 29 16 19 -0.05 -8 549 550
439 10 0 1 0 15 32 12 20 12 31 14 14 -0.143182 28 551 552
440 10 0 1 0 29 25 19 17 30 21 20 14 -0.438267 -7 553 554
441 10 1 0 2 1 4 1 0 0 1 110 
442 10 1 0 103 1 4 0 0 0 103 111 
443 10 0 1 0 16 20 18 18 23 15 16 15 -0.142857 21 555 556
444 10 1 0 4 1 4 1 3 0 0 114 
445 10 0 1 0 26 10 15 13 21 21 13 15 -0.166667 -50 557 558
446 10 0 1 0 16 22 20 15 17 9 12 19 -0.0444444 11 559 560
447 10 1 0 4 1 4 0 0 0 4 121 
448 10 0 1 0 7 31 15 17 18 5 13 17 -0.105263 -23 561 562
449 10 0 1 0 11 10 14 15 19 18 12 12 -0.0263158 -44 563 564
450 10 1 0 2 1 4 0 1 0 1 129 
451 10 1 0 3 1 4 1 1 0 1 132 
452 10 0 1 0 23 22 13 20 18 31 16 13 -0.0336525 -4 565 566
453 10 1 0 3 1 4 2 1 0 0 141 
454 10 1 0 58 1 4 0 58 0 0 142 
455 10 1 0 2 1 4 0 2 0 0 143 
456 10 1 0 10 1 4 10 0 0 0 144 
457 10 1 0 4 1 4 1 3 0 0 146 
458 10 1 0 57 1 4 57 0 0 0 147 
459 10 1 0 14 1 4 0 14 0 0 148 
460 10 1 0 2 1 4 0 1 0 1 149 
461 10 1 0 4 1 4 0 0 2 2 151 
462 10 0 1 0 1 28 19 14 23 26 20 19 -0.162393 -44 567 568
463 10 0 1 0 6 31 14 15 14 9 14 13 -0.396978 -2 569 570
464 10 1 0 6 1 4 2 4 0 0 160 
465 10 0 1 0 16 27 20 15 1 6 20 15 -0.14317 12 571 572
466 10 0 1 0 1 20 13 19 9 35 12 16 -0 -72 573 574
467 10 1 0 4 1 4 0 1 0 3 201 
468 10 0 1 0 15 24 18 13 13 20 16 13 -0.117262 9 575 576
469 10 0 1 0 9 24 15 16 11 23 16 13 -0.00625 -2 577 578
470 10 1 0 6 1 4 2 4 0 0 221 
471 10 0 1 0 22 32 14 14 25 9 14 17 -0.0761564 43 579 580
472 10 1 0 2 1 4 0 0 0 2 261 
473 10 1 0 27 1 4 0 0 27 0 270 
474 10 1 0 2 1 4 0 2 0 0 271 
475 10 0 1 0 26 24 17 13 28 23 17 19 -0.0753854 1 581 582
476 10 1 0 4 1 4 0 0 4 0 279 
477 10 0 1 0 17 10 18 13 4 25 18 14 -0.0208333 8 583 584
478 10 1 0 4 1 4 0 0 0 4 286 
479 10 1 0 3 1 4 0 0 3 0 287 
480 10 1 0 10 1 4 0 10 0 0 288 
481 10 0 1 0 23 32 12 18 22 29 18 19 -0.0181402 -4 585 586
482 10 1 0 2 1 4 0 0 2 0 298 
483 10 1 0 15 1 4 0 15 0 0 301 
484 10 0 1 0 16 27 20 13 13 34 13 12 -0.0832913 18 587 588
485 10 1 0 2 1 4 2 0 0 0 319 
486 10 0 1 0 4 33 13 12 6 28 19 12 -0.168392 6 589 590
487 10 1 0 3 1 4 0 3 0 0 325 
488 10 1 0 9 1 4 0 0 8 1 326 
489 10 1 0 4 1 4 4 0 0 0 327 
490 10 0 1 0 19 17 16 14 31 17 12 16 -0.0384615 14 591 592
491 10 1 0 2 1 4 0 0 1 1 332 
492 10 1 0 62 1 4 0 0 0 62 333 
493 10 0 1 0 3 25 14 12 3 35 12 17 -0 -84 593 594
494 10 1 0 2 1 4 0 1 1 0 337 
495 10 1 0 6 1 4 0 0 0 6 344 
496 10 1 0 6 1 4 0 0 6 0 345 
497 10 0 1 0 15 30 17 13 20 22 18 19 -0.171594 2 595 596
498 10 1 0 6 1 4 0 2 2 2 353 
499 10 0 1 0 34 33 14 13 17 4 18 17 -0.121212 5 597 598
500 10 0 1 0 20 20 20 20 21 19 17 12 -0.608041 -5 599 600
501 10 1 0 3 1 4 1 0 1 1 382 
502 10 1 0 24 1 4 0 0 0 24 383 
503 10 0 1 0 6 30 12 14 6 10 16 18 -0.194444 60 601 602
504 10 0 1 0 11 14 14 18 11 13 15 12 -0.0789695 -15 603 604
505 10 1 0 2 1 4 0 1 1 0 433 
506 10 1 0 41 1 4 0 41 0 0 434 
507 10 1 0 5 1 4 1 4 0 0 437 
508 10 1 0 16 1 4 16 0 0 0 438 
509 10 1 0 2 1 4 0 1 1 0 439 
510 10 1 0 9 1 4 0 9 0 0 440 
511 10 1 0 2 1 4 0 1 1 0 445 
512 10 1 0 20 1 4 0 0 20 0 446 
513 10 1 0 2 1 4 2 0 0 0 456 
514 10 0 1 0 23 14 13 14 24 3 14 19 -0.0920198 -1 605 606
515 10 1 0 5 1 4 0 0 0 5 495 
516 10 1 0 16 1 4 0 0 16 0 496 
517 10 0 1 0 25 15 12 19 25 10 19 17 -0.0952381 -6 607 608
518 10 1 0 4 1 4 0 0 4 0 500 
519 10 1 0 2 1 4 0 1 0 1 507 
520 10 0 1 0 30 17 20 15 31 7 20 12 -0.00980392 10 609 610
521 10 0 1 0 8 16 18 20 25 20 13 15 -0 4 611 612
522 10 1 0 7 1 4 0 0 2 5 512 
523 10 1 0 2 1 4 1 1 0 0 518 
524 10 1 0 10 1 4 10 0 0 0 519 
525 10 1 0 2 1 4 2 0 0 0 520 
526 10 0 1 0 29 9 16 17 29 18 14 18 -0.0584234 -8 613 614
527 10 0 1 0 4 24 18 20 24 0 15 18 -0.003125 -5 615 616
528 10 1 0 2 1 4 2 0 0 0 540 
529 10 0 1 0 11 10 12 13 13 1 13 12 -0.0185185 -7 617 618
530 10 1 0 4 1 4 0 0 0 4 549 
531 10 0 1 0 32 32 13 15 28 9 15 13 -0.0426439 -3 619 620
532 10 0 1 0 23 14 13 18 13 3 14 18 -0 17 621 622
533 10 1 0 4 1 4 0 0 0 4 564 
534 10 1 0 7 1 4 0 1 6 0 565 
535 10 0 1 0 13 4 18 16 20 12 19 19 -0.133242 -13 623 624
536 10 0 1 0 26 34 12 13 17 0 16 12 -0.126263 -4 625 626
537 10 1 0 12 1 4 0 0 12 0 573 
538 10 1 0 2 1 4 0 1 1 0 574 
539 11 0 1 0 12 33 14 13 18 6 17 13 -0.0998824 48 627 628
540 11 1 0 2 1 4 0 0 0 2 38 
541 11 0 1 0 4 19 17 13 15 5 16 14 -0.0135135 -23 629 630
542 11 1 0 3 1 4 3 0 0 0 42 
543 11 1 0 2 1 4 0 0 2 0 59 
544 11 0 1 0 18 20 19 18 15 18 13 18 -0.0758569 17 631 632
545 11 1 0 3 1 4 3 0 0 0 65 
546 11 0 1 0 13 14 19 15 4 24 17 14 -0 21 633 634
547 11 1 0 8 1 4 0 8 0 0 68 
548 11 1 0 2 1 4 2 0 0 0 69 
549 11 1 0 8 1 4 0 0 0 8 70 
550 11 1 0 2 1 4 0 0 1 1 71 
551 11 0 1 0 23 33 13 17 7 3 19 18 -0.0553151 56 635 636
552 11 1 0 14 1 4 0 14 0 0 75 
553 11 1 0 6 1 4 0 1 0 5 76 
554 11 0 1 0 18 17 12 20 23 26 15 12 -0.372164 0 637 638
555 11 1 0 12 1 4 0 0 0 12 112 
556 11 1 0 2 1 4 0 1 0 1 113 
557 11 1 0 10 1 4 0 10 0 0 117 
558 11 1 0 2 1 4 0 1 0 1 118 
559 11 1 0 5 1 4 1 4 0 0 119 
560 11 1 0 13 1 4 13 0 0 0 120 
561 11 1 0 2 1 4 0 1 0 1 122 
562 11 1 0 17 1 4 0 17 0 0 123 
563 11 1 0 2 1 4 1 1 0 0 127 
564 11 1 0 17 1 4 0 17 0 0 128 
565 11 0 1 0 18 35 12 18 18 15 19 13 -0.0268874 29 639 640
566 11 1 0 2 1 4 0 2 0 0 138 
567 11 0 1 0 15 13 17 13 18 31 16 17 -0.0740741 -23 641 642
568 11 0 1 0 5 27 13 19 2 5 16 14 -0 2 643 644
569 11 0 1 0 23 3 20 20 28 2 18 12 -0.249721 20 645 646
570 11 1 0 2 1 4 1 1 0 0 159 
571 11 1 0 11 1 4 0 0 11 0 162 
572 11 0 1 0 15 30 16 20 4 31 16 19 -0.128228 27 647 648
573 11 1 0 3 1 4 0 3 0 0 198 
574 11 1 0 26 1 4 26 0 0 0 199 
575 11 1 0 2 1 4 0 0 1 1 202 
576 11 0 1 0 18 23 15 13 6 24 16 19 -0.0562771 15 649 650
577 11 1 0 78 1 4 78 0 0 0 219 
578 11 1 0 2 1 4 1 1 0 0 220 
579 11 0 1 0 26 5 13 12 8 28 18 16 -0.0470588 -15 651 652
580 11 0 1 0 33 16 15 13 6 9 14 14 -0.0674476 68 653 654
581 11 1 0 3 1 4 3 0 0 0 274 
582 11 0 1 0 6 28 19 12 9 33 14 17 -0.0502422 -2 655 656
583 11 0 1 0 7 10 13 16 31 27 14 16 -0.0126388 3 657 658
584 11 1 0 2 1 4 1 1 0 0 285 
585 11 1 0 2 1 4 0 1 1 0 295 
586 11 0 1 0 27 27 16 16 27 17 15 19 -0.00625 16 659 660
587 11 0 1 0 11 29 15 16 16 25 14 16 -0.0744758 -20 661 662
588 11 1 0 2 1 4 2 0 0 0 318 
589 11 0 1 0 32 26 12 12 28 15 20 14 -0.0314617 28 663 664
590 11 0 1 0 26 23 20 14 12 18 12 14 -0.2 81 665 666
591 11 1 0 2 1 4 0 1 1 0 328 
592 11 1 0 11 1 4 0 11 0 0 329 
593 11 1 0 2 1 4 0 0 2 0 335 
594 11 1 0 144 1 4 0 0 0 144 336 
595 11 0 1 0 33 2 19 14 22 2 18 20 -0.0857143 -10 667 668
596 11 0 1 0 2 31 15 17 21 9 13 19 -0.0640212 75 669 670
597 11 1 0 3 1 4 0 2 0 1 355 
598 11 1 0 19 1 4 19 0 0 0 356 
599 11 0 1 0 5 23 18 13 0 24 14 20 -0.488555 13 671 672
600 11 0 1 0 32 11 19 14 19 10 20 12 -0.433752 12 673 674
601 11 1 0 10 1 4 10 0 0 0 384 
602 11 1 0 8 1 4 0 3 4 1 385 
603 11 0 1 0 0 30 16 17 5 8 19 17 -0.0740741 25 675 676
604 11 0 1 0 30 10 20 15 23 9 15 18 -0.0726249 -20 677 678
605 11 0 1 0 7 12 17 19 10 22 19 12 -0.177647 -24 679 680
606 11 0 1 0 12 27 16 13 15 17 20 17 -0.0815183 -2 681 682
607 11 1 0 3 1 4 1 0 0 2 498 
608 11 1 0 60 1 4 0 0 0 60 499 
609 11 1 0 49 1 4 0 49 0 0 508 
610 11 1 0 2 1 4 1 1 0 0 509 
611 11 1 0 6 1 4 0 0 6 0 510 
612 11 1 0 8 1 4 0 8 0 0 511 
613 11 1 0 2 1 4 0 1 0 1 521 
614 11 0 1 0 10 2 20 19 11 6 13 18 -0.0102041 9 683 684
615 11 1 0 2 1 4 0 1 1 0 538 
616 11 1 0 158 1 4 0 158 0 0 539 
617 11 1 0 4 1 4 0 2 2 0 547 
618 11 1 0 50 1 4 0 0 50 0 548 
619 11 1 0 127 1 4 0 0 0 127 556 
620 11 1 0 7 1 4 0 2 0 5 557 
621 11 1 0 2 1 4 2 0 0 0 558 
622 11 1 0 10 1 4 0 0 0 10 559 
623 11 0 1 0 1 24 16 17 8 27 15 17 -0 -34 685 686
624 11 0 1 0 19 33 14 12 13 16 12 19 -0 6 687 688
625 11 1 0 2 1 4 0 1 1 0 570 
626 11 1 0 9 1 4 0 0 8 1 571 
627 12 0 1 0 27 18 17 16 23 23 19 18 -0.0651079 1 689 690
628 12 0 1 0 28 25 19 19 25 28 16 19 -0.279022 -12 691 692
629 12 1 0 35 1 4 0 35 0 0 40 
630 12 1 0 2 1 4 1 1 0 0 41 
631 12 0 1 0 1 1 18 13 13 18 20 14 -0.0358177 -23 693 694
632 12 1 0 6 1 4 1 4 1 0 64 
633 12 1 0 3 1 4 0 0 3 0 66 
634 12 1 0 16 1 4 0 16 0 0 67 
635 12 1 0 3 1 4 0 2 0 1 72 
636 12 0 1 0 18 25 18 18 6 23 14 20 -0.00793651 90 695 696
637 12 0 1 0 21 28 15 14 17 15 16 13 -0.326702 6 697 698
638 12 1 0 3 1 4 0 0 0 3 95 
639 12 0 1 0 3 32 15 16 2 29 15 13 -0.015822 4 699 700
640 12 1 0 3 1 4 1 2 0 0 137 
641 12 1 0 3 1 4 0 1 1 1 152 
642 12 1 0 24 1 4 0 24 0 0 153 
643 12 1 0 2 1 4 0 2 0 0 154 
644 12 1 0 10 1 4 10 0 0 0 155 
645 12 0 1 0 16 6 15 16 15 5 16 13 -0.0869565 17 701 702
646 12 1 0 3 1 4 0 2 0 1 158 
647 12 0 1 0 22 1 13 12 31 8 13 13 -0.158032 2 703 704
648 12 0 1 0 4 1 13 16 1 31 15 16 -0.115189 -41 705 706
649 12 1 0 4 1 4 4 0 0 0 203 
650 12 0 1 0 29 14 13 16 29 23 19 14 -0.040404 -11 707 708
651 12 1 0 12 1 4 12 0 0 0 229 
652 12 1 0 5 1 4 0 4 1 0 230 
653 12 0 1 0 21 28 18 13 30 10 13 12 -0.0621561 41 709 710
654 12 1 0 2 1 4 0 0 1 1 260 
655 12 0 1 0 30 4 19 13 32 12 13 12 -0.0123397 -20 711 712
656 12 1 0 6 1 4 0 2 4 0 278 
657 12 0 1 0 14 14 13 18 18 6 14 15 -0.00431034 -28 713 714
658 12 1 0 2 1 4 0 1 1 0 284 
659 12 1 0 2 1 4 1 1 0 0 296 
660 12 1 0 78 1 4 0 78 0 0 297 
661 12 1 0 3 1 4 2 0 1 0 302 
662 12 0 1 0 5 12 13 16 34 28 12 12 -0.061278 4 715 716
663 12 0 1 0 23 22 12 17 26 16 17 13 -0.00980392 16 717 718
664 12 1 0 4 1 4 0 1 3 0 322 
665 12 1 0 2 1 4 1 0 1 0 323 
666 12 1 0 8 1 4 0 0 8 0 324 
667 12 1 0 7 1 4 1 6 0 0 347 
668 12 1 0 3 1 4 0 0 3 0 348 
669 12 0 1 0 24 23 15 14 25 33 13 17 -0.0412234 7 719 720
670 12 1 0 9 1 4 0 8 1 0 352 
671 12 0 1 0 8 20 19 12 14 11 13 17 -0.343333 27 721 722
672 12 0 1 0 20 15 19 15 5 8 13 12 -0.216906 59 723 724
673 12 0 1 0 27 27 14 19 20 15 14 13 -0.350309 -19 725 726
674 12 1 0 6 1 4 5 0 1 0 381 
675 12 1 0 3 1 4 3 0 0 0 386 
676 12 1 0 9 1 4 0 8 1 0 387 
677 12 0 1 0 24 23 14 14 30 7 20 16 -0 96 727 728
678 12 0 1 0 18 19 15 19 21 15 17 12 -0.0683282 -14 729 730
679 12 0 1 0 19 12 20 16 18 4 18 13 -0.0294118 14 731 732
680 12 1 0 8 1 4 0 7 0 1 459 
681 12 0 1 0 20 11 19 19 23 17 16 16 -0.378475 9 733 734
682 12 0 1 0 7 33 14 13 3 27 14 19 -0.0387075 -3 735 736
683 12 1 0 47 1 4 0 47 0 0 522 
684 12 1 0 2 1 4 1 1 0 0 523 
685 12 1 0 6 1 4 0 6 0 0 566 
686 12 1 0 10 1 4 10 0 0 0 567 
687 12 1 0 2 1 4 0 0 2 0 568 
688 12 1 0 24 1 4 0 24 0 0 569 
689 13 0 1 0 18 12 12 13 1 27 13 19 -0.0578344 -15 737 738
690 13 1 0 4 1 4 1 0 2 1 29 
691 13 0 1 0 2 17 19 14 3 26 15 15 -0.165462 -56 739 740
692 13 0 1 0 21 14 13 17 5 18 19 12 -0.266667 13 741 742
693 13 0 1 0 14 11 12 19 33 28 17 14 -0.00546381 35 743 744
694 13 1 0 4 1 4 1 1 2 0 63 
695 13 1 0 61 1 4 61 0 0 0 73 
696 13 1 0 2 1 4 1 1 0 0 74 
697 13 0 1 0 29 28 18 13 29 26 20 16 -0.0617191 14 745 746
698 13 0 1 0 22 23 18 14 22 8 18 20 -0.281462 35 747 748
699 13 1 0 3 1 4 1 2 0 0 133 
700 13 0 1 0 15 4 17 20 15 2 17 13 -0.0091087 -27 749 750
701 13 1 0 21 1 4 0 0 0 21 156 
702 13 1 0 2 1 4 0 1 0 1 157 
703 13 0 1 0 12 10 20 18 22 0 12 19 -0.1375 35 751 752
704 13 0 1 0 21 27 19 15 20 25 20 20 -0.024864 11 753 754
705 13 1 0 2 1 4 0 0 0 2 168 
706 13 0 1 0 5 22 15 13 0 19 19 12 -0.104707 -2 755 756
707 13 1 0 63 1 4 0 63 0 0 204 
708 13 1 0 3 1 4 0 2 0 1 205 
709 13 1 0 5 1 4 0 2 1 2 231 
710 13 0 1 0 0 33 12 19 22 30 13 14 -0.0548838 -21 757 758
711 13 1 0 2 1 4 0 0 2 0 275 
712 13 0 1 0 24 26 14 16 19 16 15 12 -0.00641026 -18 759 760
713 13 1 0 2 1 4 0 0 1 1 282 
714 13 1 0 114 1 4 0 0 114 0 283 
715 13 0 1 0 35 30 15 12 24 9 16 17 -0.0528864 3 761 762
716 13 1 0 7 1 4 0 6 1 0 317 
717 13 1 0 49 1 4 0 0 0 49 320 
718 13 1 0 2 1 4 0 0 1 1 321 
719 13 0 1 0 19 20 16 12 17 16 20 15 -0.0319149 11 763 764
720 13 1 0 2 1 4 0 2 0 0 351 
721 13 0 1 0 12 25 12 18 15 30 15 16 -0.284222 -12 765 766
722 13 0 1 0 27 20 17 16 9 12 14 18 -0.102592 18 767 768
723 13 1 0 3 1 4 1 2 0 0 367 
724 13 0 1 0 8 29 14 15 19 29 18 15 -0 2 769 770
725 13 1 0 7 1 4 0 0 0 7 370 
726 13 0 1 0 32 28 18 13 20 13 16 17 -0.290104 -1 771 772
727 13 1 0 11 1 4 0 0 0 11 388 
728 13 1 0 2 1 4 0 0 2 0 389 
729 13 1 0 2 1 4 2 0 0 0 390 
730 13 0 1 0 13 6 18 17 33 23 12 14 -0.0645689 22 773 774
731 13 1 0 15 1 4 0 0 0 15 457 
732 13 1 0 2 1 4 0 0 1 1 458 
733 13 0 1 0 24 34 13 19 29 8 15 16 -0.207 42 775 776
734 13 0 1 0 31 10 20 14 23 4 20 13 -0.0857143 -64 777 778
735 13 1 0 3 1 4 1 1 0 1 467 
736 13 0 1 0 1 32 13 17 4 31 16 16 -0.0338703 2 779 780
737 14 0 1 0 19 10 19 12 4 31 14 20 -0.107143 -22 781 782
738 14 0 1 0 27 13 13 20 31 16 12 12 -0.0495778 -14 783 784
739 14 1 0 7 1 4 0 5 2 0 30 
740 14 0 1 0 32 17 15 14 25 21 17 16 -0.0994648 -26 785 786
741 14 1 0 3 1 4 1 0 2 0 36 
742 14 1 0 7 1 4 0 0 0 7 37 
743 14 0 1 0 10 28 15 13 11 0 13 20 -0.0027933 93 787 788
744 14 1 0 3 1 4 0 3 0 0 62 
745 14 0 1 0 20 7 19 20 17 2 20 13 -0.0217391 11 789 790
746 14 1 0 6 1 4 1 5 0 0 79 
747 14 0 1 0 18 17 15 18 21 23 15 12 -0.0340909 -9 791 792
748 14 0 1 0 7 1 14 17 24 1 17 17 -0.224034 -26 793 794
749 14 1 0 2 1 4 1 1 0 0 134 
750 14 0 1 0 2 27 18 18 3 23 20 13 -0.00493827 10 795 796
751 14 1 0 2 1 4 0 1 1 0 163 
752 14 1 0 8 1 4 1 7 0 0 164 
753 14 0 1 0 7 28 18 18 21 32 13 19 -0.0151515 -28 797 798
754 14 1 0 6 1 4 0 6 0 0 167 
755 14 1 0 3 1 4 0 0 0 3 169 
756 14 0 1 0 23 26 19 12 7 27 19 13 -0.0978099 21 799 800
757 14 0 1 0 16 5 20 20 18 5 20 12 -0.0487999 -24 801 802
758 14 0 1 0 31 31 14 16 28 27 18 15 -0.0478469 -5 803 804
759 14 1 0 2 1 4 1 1 0 0 276 
760 14 1 0 76 1 4 0 76 0 0 277 
761 14 1 0 7 1 4 0 0 1 6 303 
762 14 0 1 0 25 18 17 20 24 16 16 14 -0.0449903 -9 805 806
763 14 1 0 90 1 4 90 0 0 0 349 
764 14 1 0 4 1 4 3 0 1 0 350 
765 14 0 1 0 31 14 18 16 21 24 16 18 -0.0758514 -33 807 808
766 14 0 1 0 2 25 17 13 0 32 15 17 -0.0340909 5 809 810
767 14 0 1 0 29 29 17 18 9 24 16 17 -0.0739269 -30 811 812
768 14 1 0 12 1 4 0 0 12 0 366 
769 14 1 0 13 1 4 0 0 13 0 368 
770 14 1 0 6 1 4 0 0 0 6 369 
771 14 0 1 0 5 3 13 15 34 16 16 12 -0.153846 -35 813 814
772 14 0 1 0 24 3 16 20 15 2 13 18 -0.182674 -8 815 816
773 14 0 1 0 2 30 13 12 22 8 18 17 -0.0595944 -17 817 818
774 14 1 0 8 1 4 2 4 2 0 432 
775 14 0 1 0 28 30 17 19 31 16 13 13 -0.0140845 17 819 820
776 14 0 1 0 30 28 15 16 28 25 20 17 -0.39819 -19 821 822
777 14 1 0 3 1 4 0 0 0 3 465 
778 14 1 0 7 1 4 6 1 0 0 466 
779 14 0 1 0 0 15 12 20 16 10 13 18 -0.0264588 19 823 824
780 14 1 0 6 1 4 2 0 0 4 485 
781 15 1 0 8 1 4 6 2 0 0 1 
782 15 1 0 6 1 4 0 0 6 0 2 
783 15 1 0 4 1 4 1 1 1 1 3 
784 15 0 1 0 18 25 18 19 28 33 13 13 -0.0436199 -30 825 826
785 15 0 1 0 31 35 12 12 21 30 15 17 -0.0571991 -25 827 828
786 15 1 0 4 1 4 0 2 2 0 35 
787 15 1 0 177 1 4 177 0 0 0 60 
788 15 1 0 2 1 4 1 1 0 0 61 
789 15 1 0 21 1 4 21 0 0 0 77 
790 15 1 0 2 1 4 1 1 0 0 78 
791 15 1 0 18 1 4 18 0 0 0 80 
792 15 1 0 4 1 4 1 3 0 0 81 
793 15 1 0 5 1 4 0 0 2 3 82 
794 15 0 1 0 25 20 16 19 29 16 15 16 -0.193978 8 829 830
795 15 1 0 5 1 4 4 1 0 0 135 
796 15 1 0 157 1 4 157 0 0 0 136 
797 15 1 0 2 1 4 1 1 0 0 165 
798 15 1 0 31 1 4 31 0 0 0 166 
799 15 1 0 2 1 4 0 0 0 2 170 
800 15 0 1 0 27 30 13 13 33 31 12 14 -0.0928335 21 831 832
801 15 1 0 6 1 4 4 2 0 0 232 
802 15 0 1 0 27 4 14 19 16 3 16 12 -0.0433119 14 833 834
803 15 0 1 0 2 20 12 19 11 32 14 16 -0.0454545 -38 835 836
804 15 1 0 8 1 4 8 0 0 0 259 
805 15 0 1 0 2 26 15 19 3 29 18 17 -0.0373333 -21 837 838
806 15 0 1 0 0 28 16 15 4 13 12 14 -0.028929 0 839 840
807 15 0 1 0 16 30 15 19 11 17 15 18 -0.0294118 27 841 842
808 15 1 0 2 1 4 0 0 1 1 359 
809 15 1 0 18 1 4 18 0 0 0 360 
810 15 1 0 4 1 4 0 3 1 0 361 
811 15 0 1 0 4 14 20 14 12 11 15 19 -0.0480708 -6 843 844
812 15 1 0 3 1 4 0 0 3 0 365 
813 15 1 0 5 1 4 0 0 5 0 371 
814 15 1 0 8 1 4 4 4 0 0 372 
815 15 1 0 5 1 4 2 1 2 0 373 
816 15 0 1 0 12 11 12 17 13 7 18 13 -0.111497 -5 845 846
817 15 1 0 6 1 4 0 0 0 6 391 
818 15 0 1 0 8 9 20 14 20 4 18 12 -0.0556705 -36 847 848
819 15 1 0 140 1 4 0 0 0 140 460 
820 15 1 0 2 1 4 0 1 0 1 461 
821 15 1 0 4 1 4 4 0 0 0 462 
822 15 0 1 0 16 25 14 16 10 16 12 15 -0 49 849 850
823 15 0 1 0 12 1 14 19 18 0 16 13 -0.02324 7 851 852
824 15 1 0 6 1 4 0 2 1 3 484 
825 16 0 1 0 3 21 19 16 7 26 17 14 -0.15 -15 853 854
826 16 0 1 0 33 34 13 14 24 27 19 17 -0.039929 -26 855 856
827 16 1 0 7 1 4 1 6 0 0 31 
828 16 0 1 0 0 28 16 13 11 22 16 16 -0.0170414 16 857 858
829 16 1 0 2 1 4 0 0 1 1 83 
830 16 0 1 0 15 31 12 16 12 3 15 15 -0.164053 127 859 860
831 16 0 1 0 17 27 13 20 9 29 17 19 -0.112259 21 861 862
832 16 0 1 0 13 0 16 17 24 26 15 17 -0.0696221 10 863 864
833 16 0 1 0 24 14 18 15 23 15 18 20 -0.0396485 15 865 866
834 16 1 0 2 1 4 0 0 1 1 256 
835 16 1 0 2 1 4 1 1 0 0 257 
836 16 1 0 9 1 4 0 9 0 0 258 
837 16 0 1 0 12 8 16 17 13 8 18 20 -0.0333333 -15 867 868
838 16 1 0 10 1 4 0 0 0 10 306 
839 16 1 0 4 1 4 0 4 0 0 307 
840 16 0 1 0 5 28 19 14 12 25 12 17 -0.0210332 -30 869 870
841 16 1 0 2 1 4 1 1 0 0 357 
842 16 1 0 15 1 4 0 15 0 0 358 
843 16 1 0 3 1 4 0 1 2 0 362 
844 16 0 1 0 13 17 16 17 10 19 14 18 -0.016129 -16 871 872
845 16 1 0 3 1 4 0 3 0 0 374 
846 16 0 1 0 22 34 13 17 12 26 18 12 -0.0822095 -21 873 874
847 16 1 0 3 1 4 2 1 0 0 392 
848 16 0 1 0 2 23 20 17 22 23 15 13 -0.0527964 -60 875 876
849 16 1 0 2 1 4 0 2 0 0 463 
850 16 1 0 11 1 4 0 0 0 11 464 
851 16 0 1 0 17 3 19 18 3 18 13 13 -0.0210688 123 877 878
852 16 1 0 4 1 4 0 1 1 2 483 
853 17 1 0 2 1 4 0 0 2 0 4 
854 17 1 0 8 1 4 2 6 0 0 5 
855 17 0 1 0 25 24 20 14 16 8 16 17 -0.1504 8 879 880
856 17 0 1 0 15 21 13 18 16 19 15 19 -0.0287375 15 881 882
857 17 0 1 0 29 18 20 14 28 21 14 14 -0.0049505 -7 883 884
858 17 1 0 6 1 4 1 5 0 0 34 
859 17 0 1 0 4 29 16 20 0 29 17 16 -0.137823 26 885 886
860 17 1 0 4 1 4 0 0 4 0 94 
861 17 0 1 0 3 27 19 13 18 7 12 13 -0.124923 -13 887 888
862 17 0 1 0 3 28 19 19 3 1 19 18 -0.0631313 27 889 890
863 17 0 1 0 27 15 12 20 27 23 17 18 -0.0607992 -7 891 892
864 17 1 0 6 1 4 0 4 0 2 197 
865 17 0 1 0 21 11 19 12 22 25 19 12 -0.0329293 -18 893 894
866 17 1 0 5 1 4 0 3 0 2 255 
867 17 1 0 2 1 4 0 0 1 1 304 
868 17 1 0 13 1 4 0 0 13 0 305 
869 17 0 1 0 10 18 20 12 6 33 14 19 -0.0683761 -39 895 896
870 17 0 1 0 14 16 20 17 17 21 12 17 -0.0136832 14 897 898
871 17 1 0 2 1 4 0 1 1 0 363 
872 17 1 0 29 1 4 0 29 0 0 364 
873 17 1 0 3 1 4 0 0 0 3 375 
874 17 0 1 0 13 31 12 13 17 29 17 13 -0.0573014 -14 899 900
875 17 1 0 3 1 4 1 2 0 0 393 
876 17 0 1 0 6 21 20 16 10 17 14 16 -0.0503089 -6 901 902
877 17 0 1 0 22 30 14 13 31 11 16 13 -0.0192231 113 903 904
878 17 1 0 2 1 4 0 1 0 1 482 
879 18 0 1 0 12 21 20 14 30 2 15 12 -0.0104167 27 905 906
880 18 0 1 0 31 13 13 12 26 9 14 13 -0.24 -38 907 908
881 18 0 1 0 16 9 20 12 12 10 12 18 -0.0268514 34 909 910
882 18 1 0 2 1 4 0 0 2 0 28 
883 18 1 0 2 1 4 1 1 0 0 32 
884 18 1 0 99 1 4 99 0 0 0 33 
885 18 0 1 0 31 26 16 16 22 24 18 19 -0.0559629 -1 911 912
886 18 0 1 0 5 25 18 19 9 31 15 18 -0.0611285 -37 913 914
887 18 0 1 0 12 0 14 17 8 25 17 18 -0.0284314 -2 915 916
888 18 1 0 7 1 4 0 6 1 0 174 
889 18 0 1 0 19 24 18 18 11 27 18 17 -0.0534684 13 917 918
890 18 1 0 4 1 4 4 0 0 0 181 
891 18 0 1 0 6 9 17 15 1 29 14 13 -0.0484225 2 919 920
892 18 0 1 0 10 25 14 15 5 28 18 19 -0 8 921 922
893 18 0 1 0 31 26 13 12 30 31 16 17 -0.0268919 -57 923 924
894 18 0 1 0 21 15 12 18 31 16 15 16 -0 52 925 926
895 18 1 0 4 1 4 0 0 4 0 308 
896 18 1 0 9 1 4 0 0 1 8 309 
897 18 0 1 0 21 10 19 18 15 18 15 13 -0.0108008 7 927 928
898 18 1 0 3 1 4 0 0 1 2 316 
899 18 1 0 4 1 4 0 0 1 3 376 
900 18 0 1 0 13 13 16 17 31 29 13 12 -0.034188 -39 929 930
901 18 1 0 2 1 4 1 1 0 0 394 
902 18 0 1 0 26 32 14 18 24 32 15 17 -0.0482315 -10 931 932
903 18 0 1 0 6 18 15 18 6 30 15 15 -0.0178433 -4 933 934
904 18 1 0 2 1 4 0 1 0 1 481 
905 19 1 0 2 1 4 1 1 0 0 6 
906 19 1 0 46 1 4 46 0 0 0 7 
907 19 1 0 5 1 4 5 0 0 0 8 
908 19 0 1 0 13 1 18 13 25 21 12 17 -0.188889 21 935 936
909 19 0 1 0 14 3 16 15 8 23 18 12 -0.024211 -33 937 938
910 19 1 0 2 1 4 1 0 0 1 27 
911 19 0 1 0 8 24 16 18 11 11 12 16 -0.0331047 43 939 940
912 19 1 0 7 1 4 6 1 0 0 89 
913 19 0 1 0 8 2 16 17 24 10 12 20 -0.0332056 -27 941 942
914 19 1 0 15 1 4 15 0 0 0 93 
915 19 0 1 0 26 16 16 19 17 5 17 18 -0.0166667 15 943 944
916 19 1 0 4 1 4 0 4 0 0 173 
917 19 1 0 2 1 4 0 1 0 1 175 
918 19 0 1 0 30 30 13 15 8 8 17 13 -0.0334821 16 945 946
919 19 0 1 0 15 7 13 15 12 0 13 12 -0 30 947 948
920 19 0 1 0 28 26 16 16 30 26 19 15 -0.0359292 16 949 950
921 19 1 0 3 1 4 0 0 0 3 195 
922 19 1 0 9 1 4 0 9 0 0 196 
923 19 1 0 3 1 4 3 0 0 0 233 
924 19 0 1 0 26 25 12 14 28 29 13 12 -0.0247633 11 951 952
925 19 1 0 6 1 4 6 0 0 0 253 
926 19 1 0 9 1 4 0 9 0 0 254 
927 19 0 1 0 24 30 15 20 21 27 20 17 -0.0072694 -25 953 954
928 19 1 0 4 1 4 0 0 2 2 315 
929 19 1 0 3 1 4 0 2 1 0 377 
930 19 0 1 0 13 14 13 12 10 21 19 17 -0.0198174 -64 955 956
931 19 0 1 0 34 6 12 13 30 7 20 14 -0.137566 5 957 958
932 19 0 1 0 24 13 19 19 14 6 17 20 -0.032355 -13 959 960
933 19 0 1 0 24 16 12 13 19 19 19 18 -0.0162153 -12 961 962
934 19 1 0 4 1 4 0 1 0 3 480 
935 20 0 1 0 21 28 13 18 29 20 20 16 -0.111111 32 963 964
936 20 1 0 2 1 4 2 0 0 0 11 
937 20 0 1 0 12 0 13 20 21 29 14 14 -0 -69 965 966
938 20 0 1 0 9 32 15 13 5 35 12 13 -0.0125544 22 967 968
939 20 0 1 0 18 33 12 17 33 14 14 12 -0.0229358 56 969 970
940 20 1 0 4 1 4 0 1 3 0 88 
941 20 1 0 2 1 4 2 0 0 0 90 
942 20 0 1 0 2 13 17 19 7 12 18 16 -0.0185185 -25 971 972
943 20 1 0 28 1 4 28 0 0 0 171 
944 20 1 0 2 1 4 1 1 0 0 172 
945 20 1 0 4 1 4 3 1 0 0 176 
946 20 0 1 0 12 29 12 20 21 28 19 15 -0.0231855 -17 973 974
947 20 1 0 11 1 4 0 11 0 0 182 
948 20 1 0 3 1 4 0 0 0 3 183 
949 20 0 1 0 30 28 15 15 34 30 14 13 -0.0302271 0 975 976
950 20 1 0 2 1 4 0 1 0 1 194 
951 20 0 1 0 0 2 19 12 3 10 13 15 -0.0220679 8 977 978
952 20 1 0 4 1 4 3 1 0 0 252 
953 20 1 0 4 1 4 0 0 2 2 310 
954 20 0 1 0 30 27 19 16 27 27 16 20 -0.00456529 -3 979 980
955 20 1 0 2 1 4 0 0 1 1 378 
956 20 0 1 0 17 24 14 16 20 22 15 13 -0.00684932 12 981 982
957 20 0 1 0 6 5 18 17 2 32 15 12 -0.0941953 -2 983 984
958 20 0 1 0 17 11 18 13 4 34 12 17 -0 -107 985 986
959 20 1 0 3 1 4 0 0 0 3 405 
960 20 0 1 0 17 12 20 14 15 14 13 12 -0.0310191 -5 987 988
961 20 0 1 0 6 17 18 20 6 28 16 20 -0.0859694 -17 989 990
962 20 0 1 0 26 26 18 20 29 30 13 13 -0.00663637 -11 991 992
963 21 1 0 2 1 4 0 1 0 1 9 
964 21 1 0 16 1 4 0 16 0 0 10 
965 21 1 0 41 1 4 41 0 0 0 12 
966 21 1 0 3 1 4 0 0 0 3 13 
967 21 0 1 0 16 30 13 15 22 35 12 14 -0.00490344 -25 993 994
968 21 0 1 0 23 24 18 17 30 14 20 17 -0.0472222 38 995 996
969 21 1 0 2 1 4 0 1 1 0 84 
970 21 0 1 0 14 5 12 16 12 2 17 19 -0.0139297 -6 997 998
971 21 1 0 2 1 4 1 1 0 0 91 
972 21 1 0 25 1 4 0 25 0 0 92 
973 21 0 1 0 28 15 17 12 14 8 17 16 -0.0117983 -63 999 1000
974 21 1 0 6 1 4 3 3 0 0 180 
975 21 1 0 3 1 4 3 0 0 0 184 
976 21 0 1 0 30 17 18 17 34 20 16 12 -0.0279828 28 1001 1002
977 21 0 1 0 26 30 14 19 33 24 16 14 -0.018547 10 1003 1004
978 21 1 0 2 1 4 0 1 0 1 251 
979 21 1 0 2 1 4 0 1 1 0 311 
980 21 0 1 0 4 35 12 16 30 30 14 12 -0.00306033 -56 1005 1006
981 21 1 0 71 1 4 0 0 71 0 379 
982 21 1 0 2 1 4 0 1 1 0 380 
983 21 0 1 0 20 15 18 20 8 2 20 14 -0.0757039 -9 1007 1008
984 21 1 0 5 1 4 0 0 0 5 402 
985 21 1 0 3 1 4 0 0 3 0 403 
986 21 1 0 20 1 4 0 20 0 0 404 
987 21 0 1 0 18 2 18 14 3 32 15 16 -0.137914 -66 1009 1010
988 21 0 1 0 30 17 19 15 32 27 13 12 -0.0193848 5 1011 1012
989 21 0 1 0 20 12 17 15 15 28 17 12 -0.0428314 -35 1013 1014
990 21 0 1 0 15 9 14 19 12 20 13 14 -0.214286 -34 1015 1016
991 21 0 1 0 2 21 19 18 4 21 12 19 -0.214286 14 1017 1018
992 21 0 1 0 0 24 13 16 1 18 18 16 -0.00210224 -1 1019 1020
993 22 0 1 0 18 33 13 18 20 10 16 14 -0.0550688 27 1021 1022
994 22 0 1 0 0 29 14 20 17 2 15 19 -0.002044 85 1023 1024
995 22 1 0 2 1 4 0 0 0 2 24 
996 22 0 1 0 2 10 19 12 14 30 15 13 -0.0277778 -89 1025 1026
997 22 1 0 2 1 4 1 1 0 0 85 
998 22 0 1 0 31 30 14 16 35 31 12 12 -0.00634921 1 1027 1028
999 22 1 0 5 1 4 2 3 0 0 177 
1000 22 0 1 0 25 12 14 20 35 0 14 12 -0.00276243 -12 1029 1030
1001 22 0 1 0 0 34 12 13 19 11 14 19 -0.0233863 3 1031 1032
1002 22 1 0 2 1 4 0 1 0 1 193 
1003 22 0 1 0 27 24 20 17 4 1 12 12 -0 75 1033 1034
1004 22 0 1 0 16 1 15 20 10 28 14 18 -0.0147464 -13 1035 1036
1005 22 1 0 3 1 4 0 0 2 1 312 
1006 22 0 1 0 21 16 14 16 16 20 14 19 -0.00147874 1 1037 1038
1007 22 1 0 3 1 4 0 3 0 0 395 
1008 22 0 1 0 4 14 20 16 0 20 14 20 -0.061532 -31 1039 1040
1009 22 0 1 0 8 11 17 19 2 20 19 19 -0.0178388 -66 1041 1042
1010 22 1 0 7 1 4 5 0 2 0 409 
1011 22 0 1 0 14 20 12 20 19 14 18 13 -0.0182752 -13 1043 1044
1012 22 1 0 2 1 4 0 0 0 2 431 
1013 22 0 1 0 24 27 15 19 25 26 19 13 -0.0027027 -25 1045 1046
1014 22 0 1 0 0 8 19 13 29 4 19 18 -0.144848 -1 1047 1048
1015 22 1 0 10 1 4 0 0 0 10 473 
1016 22 1 0 4 1 4 0 3 0 1 474 
1017 22 1 0 19 1 4 0 0 0 19 475 
1018 22 1 0 2 1 4 1 0 0 1 476 
1019 22 0 1 0 5 8 18 20 15 4 12 12 -0.0416667 18 1049 1050
1020 22 1 0 1809 1 4 0 0 0 1809 479 
1021 23 0 1 0 26 25 13 19 20 31 12 19 -0.0208038 -5 1051 1052
1022 23 1 0 4 1 4 0 4 0 0 17 
1023 23 0 1 0 3 22 18 14 5 0 19 14 -0.00159194 -42 1053 1054
1024 23 1 0 2 1 4 1 1 0 0 23 
1025 23 1 0 16 1 4 16 0 0 0 25 
1026 23 1 0 2 1 4 1 1 0 0 26 
1027 23 1 0 3 1 4 0 2 1 0 86 
1028 23 1 0 102 1 4 0 102 0 0 87 
1029 23 1 0 2 1 4 1 1 0 0 178 
1030 23 1 0 179 1 4 0 179 0 0 179 
1031 23 0 1 0 7 12 14 14 4 28 12 18 -0.021102 -21 1055 1056
1032 23 1 0 2 1 4 2 0 0 0 192 
1033 23 1 0 4 1 4 0 0 4 0 234 
1034 23 1 0 7 1 4 0 7 0 0 235 
1035 23 0 1 0 22 32 12 12 15 6 18 12 -0.0121191 12 1057 1058
1036 23 1 0 3 1 4 0 1 2 0 250 
1037 23 1 0 536 1 4 0 0 536 0 313 
1038 23 1 0 5 1 4 0 0 4 1 314 
1039 23 1 0 2 1 4 0 2 0 0 396 
1040 23 0 1 0 23 1 19 14 23 13 12 17 -0.0516755 -21 1059 1060
1041 23 1 0 2 1 4 0 2 0 0 406 
1042 23 0 1 0 3 27 18 19 20 11 16 18 -0.00943396 39 1061 1062
1043 23 1 0 2 1 4 1 0 1 0 410 
1044 23 0 1 0 28 30 15 16 28 27 15 14 -0.0159947 -12 1063 1064
1045 23 1 0 2 1 4 0 0 1 1 468 
1046 23 1 0 183 1 4 0 0 0 183 469 
1047 23 0 1 0 19 5 12 13 21 0 15 19 -0.0227273 4 1065 1066
1048 23 1 0 3 1 4 0 2 0 1 472 
1049 23 1 0 61 1 4 0 0 0 61 477 
1050 23 1 0 3 1 4 0 1 0 2 478 
1051 24 0 1 0 5 8 17 16 28 22 12 14 -0.0111111 -97 1067 1068
1052 24 1 0 2 1 4 0 2 0 0 16 
1053 24 1 0 2 1 4 1 1 0 0 18 
1054 24 0 1 0 22 0 14 13 2 10 17 20 -0.0012146 105 1069 1070
1055 24 1 0 2 1 4 2 0 0 0 185 
1056 24 0 1 0 27 10 13 20 29 19 18 14 -0.0201989 -3 1071 1072
1057 24 1 0 2 1 4 2 0 0 0 236 
1058 24 0 1 0 1 24 18 17 3 29 17 14 -0.0114068 -5 1073 1074
1059 24 1 0 3 1 4 0 2 1 0 397 
1060 24 0 1 0 27 9 19 13 29 5 18 17 -0.0379882 -1 1075 1076
1061 24 1 0 2 1 4 0 1 1 0 407 
1062 24 1 0 51 1 4 0 0 51 0 408 
1063 24 1 0 2 1 4 0 0 0 2 411 
1064 24 0 1 0 0 29 12 13 22 3 13 12 -0.0148787 178 1077 1078
1065 24 1 0 2 1 4 0 0 1 1 470 
1066 24 1 0 20 1 4 0 0 0 20 471 
1067 25 1 0 2 1 4 1 1 0 0 14 
1068 25 1 0 43 1 4 43 0 0 0 15 
1069 25 0 1 0 25 6 12 14 24 2 18 16 -0.000760479 -6 1079 1080
1070 25 1 0 3 1 4 2 1 0 0 22 
1071 25 0 1 0 7 28 19 20 19 32 13 14 -0.00634328 -29 1081 1082
1072 25 0 1 0 3 27 13 16 5 23 16 12 -0.12766 9 1083 1084
1073 25 0 1 0 14 22 14 18 20 29 13 13 -0.0470588 -6 1085 1086
1074 25 0 1 0 28 24 20 12 28 26 16 13 -0.0077128 11 1087 1088
1075 25 0 1 0 18 10 19 19 25 13 19 16 -0 -3 1089 1090
1076 25 0 1 0 12 0 20 12 26 9 19 20 -0.00561798 -16 1091 1092
1077 25 0 1 0 25 5 18 12 8 16 13 17 -0.0137575 29 1093 1094
1078 25 1 0 2 1 4 0 2 0 0 430 
1079 26 1 0 3 1 4 2 1 0 0 19 
1080 26 0 1 0 8 27 13 15 4 24 18 15 -0.000365631 39 1095 1096
1081 26 1 0 764 1 4 0 764 0 0 186 
1082 26 0 1 0 17 14 14 16 22 26 14 16 -0.0242857 5 1097 1098
1083 26 1 0 41 1 4 0 41 0 0 190 
1084 26 1 0 6 1 4 0 3 0 3 191 
1085 26 0 1 0 9 24 16 18 21 24 16 18 -0.0294118 39 1099 1100
1086 26 1 0 3 1 4 3 0 0 0 239 
1087 26 0 1 0 21 16 20 12 29 25 13 14 -0.00494114 -43 1101 1102
1088 26 0 1 0 4 15 19 12 3 28 19 19 -0 -11 1103 1104
1089 26 1 0 12 1 4 0 0 12 0 398 
1090 26 1 0 4 1 4 0 4 0 0 399 
1091 26 1 0 2 1 4 0 0 1 1 400 
1092 26 1 0 87 1 4 0 0 87 0 401 
1093 26 0 1 0 19 27 17 18 0 30 14 16 -0.0122402 55 1105 1106
1094 26 1 0 2 1 4 1 0 1 0 429 
1095 27 1 0 2183 1 4 2183 0 0 0 20 
1096 27 1 0 5 1 4 4 1 0 0 21 
1097 27 0 1 0 12 9 18 16 20 16 15 16 -0.0142857 33 1107 1108
1098 27 1 0 5 1 4 5 0 0 0 189 
1099 27 1 0 15 1 4 0 15 0 0 237 
1100 27 1 0 2 1 4 1 1 0 0 238 
1101 27 1 0 3 1 4 1 2 0 0 240 
1102 27 0 1 0 34 15 20 12 22 29 18 14 -0.00404089 -41 1109 1110
1103 27 1 0 3 1 4 3 0 0 0 248 
1104 27 1 0 12 1 4 0 12 0 0 249 
1105 27 0 1 0 15 23 13 18 23 26 13 19 -0.0106787 32 1111 1112
1106 27 0 1 0 12 4 12 18 4 5 12 20 -0 -1 1113 1114
1107 28 1 0 33 1 4 0 33 0 0 187 
1108 28 1 0 2 1 4 1 1 0 0 188 
1109 28 0 1 0 3 20 20 13 5 28 19 18 -0.00305769 -48 1115 1116
1110 28 1 0 5 1 4 1 4 0 0 247 
1111 28 0 1 0 1 9 20 20 7 6 19 13 -0.0100267 -3 1117 1118
1112 28 1 0 2 1 4 0 0 1 1 426 
1113 28 1 0 3 1 4 0 0 0 3 427 
1114 28 1 0 11 1 4 0 0 11 0 428 
1115 29 1 0 7 1 4 1 6 0 0 241 
1116 29 0 1 0 27 22 12 15 32 22 20 15 -0.00206047 -23 1119 1120
1117 29 1 0 6 1 4 0 2 4 0 412 
1118 29 0 1 0 9 9 13 18 31 16 15 16 -0.00900027 27 1121 1122
1119 30 0 1 0 20 2 19 15 22 3 12 19 -0.0454545 12 1123 1124
1120 30 0 1 0 33 26 19 14 32 30 13 14 -0.00100182 2 1125 1126
1121 30 0 1 0 27 28 17 16 3 16 18 18 -0.00843274 123 1127 1128
1122 30 1 0 2 1 4 0 1 1 0 425 
1123 31 1 0 9 1 4 0 9 0 0 242 
1124 31 1 0 2 1 4 1 1 0 0 243 
1125 31 1 0 903 1 4 0 903 0 0 244 
1126 31 0 1 0 4 15 19 12 3 28 19 19 -0.0416667 -14 1129 1130
1127 31 0 1 0 22 27 12 20 23 23 19 17 -0.00794576 -10 1131 1132
1128 31 1 0 2 1 4 0 1 1 0 424 
1129 32 1 0 2 1 4 1 1 0 0 245 
1130 32 1 0 10 1 4 0 10 0 0 246 
1131 32 0 1 0 0 10 13 15 3 30 17 16 -0 -22 1133 1134
1132 32 0 1 0 35 24 18 12 28 1 15 19 -0.00684353 -2 1135 1136
1133 33 1 0 9 1 4 0 0 9 0 413 
1134 33 1 0 2 1 4 0 2 0 0 414 
1135 33 1 0 3 1 4 0 1 2 0 415 
1136 33 0 1 0 26 17 18 15 27 18 14 15 -0.00631427 -8 1137 1138
1137 34 1 0 4 1 4 0 0 3 1 416 
1138 34 0 1 0 25 13 12 16 27 17 15 16 -0.00558942 12 1139 1140
1139 35 0 1 0 0 21 14 20 7 16 17 12 -0.00520582 -5 1141 1142
1140 35 1 0 2 1 4 0 0 1 1 423 
1141 36 1 0 6 1 4 0 1 5 0 417 
1142 36 0 1 0 29 26 19 18 15 16 13 17 -0.00466931 4 1143 1144
1143 37 0 1 0 15 27 16 19 35 10 13 12 -0.0555556 70 1145 1146
1144 37 0 1 0 22 16 14 12 27 26 19 12 -0.00238203 -8 1147 1148
1145 38 1 0 2 1 4 1 0 1 0 418 
1146 38 1 0 34 1 4 0 0 34 0 419 
1147 38 1 0 1589 1 4 0 0 1589 0 420 
1148 38 0 1 0 11 25 15 16 22 25 15 16 -0.03125 -3 1149 1150
1149 39 1 0 2 1 4 1 0 1 0 421 
1150 39 1 0 62 1 4 0 0 62 0 422 
