-2147483648 -2147483648 data/trees_headpose/tree_019.txt
100 10 5000 30 30000 1 48 1 data/trees_headpose ./data/Cropped_HBO_Data_4view.txt
1 0
0 0 0 1 0 22 34 12 17 13 34 13 16 -0.974203 -26 1 2
1 1 0 1 0 4 11 20 14 0 25 15 16 -0.547079 11 3 4
2 1 0 1 0 28 10 18 19 15 8 13 15 -0.723583 -7 5 6
3 2 0 1 0 27 12 19 20 33 27 20 13 -0.419568 7 7 8
4 2 0 1 0 27 24 14 12 25 27 19 20 -0.832203 -5 9 10
5 2 0 1 0 2 24 16 19 1 25 20 18 -0.624636 -1 11 12
6 2 0 1 0 11 17 14 14 8 25 12 15 -0.623057 2 13 14
7 3 0 1 0 11 28 18 12 12 29 12 17 -0.839556 -1 15 16
8 3 0 1 0 9 31 14 15 19 5 14 15 -0.19537 -7 17 18
9 3 0 1 0 34 29 18 12 29 26 16 13 -0.249993 4 19 20
10 3 0 1 0 12 25 17 19 9 29 15 15 -1.02184 28 21 22
11 3 0 1 0 5 28 15 19 14 8 15 18 -0.389915 49 23 24
12 3 0 1 0 10 28 17 15 1 12 14 20 -0.602746 60 25 26
13 3 0 1 0 31 30 17 14 28 22 12 14 -0.484696 -12 27 28
14 3 0 1 0 27 24 12 20 27 27 20 19 -0.84885 10 29 30
15 4 0 1 0 30 2 17 17 6 7 18 16 -0.62157 -8 31 32
16 4 0 1 0 25 17 13 16 0 13 14 13 -0.557679 -1 33 34
17 4 0 1 0 0 32 15 20 6 31 15 12 -0.305357 1 35 36
18 4 0 1 0 6 23 14 13 1 28 13 14 -0.155931 -36 37 38
19 4 0 1 0 18 27 19 14 22 14 14 13 -0.15263 34 39 40
20 4 0 1 0 4 0 20 18 10 4 14 17 -0.0181818 5 41 42
21 4 0 1 0 24 16 17 13 25 29 15 19 -0.713924 5 43 44
22 4 0 1 0 7 26 16 19 21 32 12 20 -0.121212 -7 45 46
23 4 0 1 0 31 23 18 13 34 26 19 12 -0.321679 6 47 48
24 4 0 1 0 8 10 12 19 7 20 18 12 -0.335065 -29 49 50
25 4 0 1 0 3 29 16 13 3 23 19 14 -0.386707 4 51 52
26 4 0 1 0 27 13 14 16 26 16 17 19 -1.08823 -4 53 54
27 4 0 1 0 8 35 12 19 1 32 14 17 -0.376214 29 55 56
28 4 0 1 0 28 1 20 13 23 7 12 17 -0.38853 -13 57 58
29 4 0 1 0 4 1 16 13 13 16 20 13 -0.759848 -5 59 60
30 4 0 1 0 5 31 16 17 0 32 14 20 -0.428075 7 61 62
31 5 0 1 0 17 29 17 20 21 14 13 17 -0.30469 23 63 64
32 5 0 1 0 24 5 19 18 26 1 16 20 -0.384375 29 65 66
33 5 0 1 0 14 6 20 14 24 25 15 14 -0.391902 35 67 68
34 5 0 1 0 14 4 14 17 8 32 15 15 -0.423424 -9 69 70
35 5 1 0 8 1 4 0 0 0 8 33 
36 5 0 1 0 8 26 14 12 3 17 16 17 -0.225 37 71 72
37 5 0 1 0 26 33 14 14 13 22 14 18 -0.0727273 -38 73 74
38 5 0 1 0 6 29 14 12 11 0 20 14 -0.134534 -12 75 76
39 5 0 1 0 1 12 15 18 8 30 12 13 -0.05 -8 77 78
40 5 0 1 0 18 0 12 20 26 5 13 17 -0.0705832 -7 79 80
41 5 1 0 39 1 4 39 0 0 0 71 
42 5 1 0 5 1 4 0 4 1 0 72 
43 5 1 0 19 1 4 0 19 0 0 73 
44 5 0 1 0 18 12 16 16 25 17 18 19 -0.325455 72 81 82
45 5 1 0 3 1 4 0 2 0 1 78 
46 5 1 0 19 1 4 19 0 0 0 79 
47 5 0 1 0 19 25 12 19 29 30 17 12 -0.239545 -28 83 84
48 5 0 1 0 10 27 19 17 6 4 15 12 -0.613611 125 85 86
49 5 0 1 0 21 9 15 14 18 10 15 12 -0.2584 20 87 88
50 5 0 1 0 10 19 19 15 13 32 13 18 -0.149371 -16 89 90
51 5 0 1 0 19 22 20 13 20 28 16 17 -0.334673 18 91 92
52 5 0 1 0 13 29 14 17 11 18 17 18 -0.43199 27 93 94
53 5 0 1 0 32 23 20 13 10 3 12 17 -0.94525 65 95 96
54 5 0 1 0 2 26 13 13 1 16 15 19 -0.777781 -17 97 98
55 5 0 1 0 11 17 20 19 19 12 14 14 -0.607055 -10 99 100
56 5 0 1 0 14 15 18 16 19 15 15 19 -0.0802434 11 101 102
57 5 0 1 0 23 11 18 13 25 33 13 12 -0.844998 -11 103 104
58 5 0 1 0 8 13 16 12 0 33 12 16 -0.255745 3 105 106
59 5 0 1 0 20 9 17 13 18 14 18 14 -0.72598 7 107 108
60 5 0 1 0 35 22 19 12 11 21 15 13 -0.214194 0 109 110
61 5 0 1 0 0 17 20 14 4 26 20 17 -0.2 1 111 112
62 5 0 1 0 10 16 19 15 32 22 12 14 -0.132353 -8 113 114
63 6 1 0 17 1 4 17 0 0 0 0 
64 6 0 1 0 19 18 20 17 18 24 13 19 -0.170187 2 115 116
65 6 0 1 0 4 22 12 17 25 5 19 14 -0.072 24 117 118
66 6 1 0 2 1 4 2 0 0 0 7 
67 6 0 1 0 14 9 17 19 31 31 13 13 -0.246469 -5 119 120
68 6 0 1 0 16 12 12 16 0 13 20 15 -0.173077 49 121 122
69 6 0 1 0 6 30 13 17 1 32 13 17 -0.33759 5 123 124
70 6 1 0 7 1 4 5 0 0 2 32 
71 6 1 0 18 1 4 18 0 0 0 34 
72 6 1 0 2 1 4 1 0 0 1 35 
73 6 1 0 5 1 4 0 0 1 4 36 
74 6 1 0 6 1 4 6 0 0 0 37 
75 6 1 0 6 1 4 0 6 0 0 38 
76 6 0 1 0 18 14 20 20 6 25 13 15 -0.121959 102 125 126
77 6 1 0 8 1 4 0 0 0 8 63 
78 6 1 0 2 1 4 1 1 0 0 64 
79 6 1 0 4 1 4 0 0 4 0 65 
80 6 0 1 0 6 0 13 19 0 6 12 12 -0.0584915 33 127 128
81 6 0 1 0 23 14 19 19 29 10 15 15 -0.149057 51 129 130
82 6 1 0 5 1 4 5 0 0 0 77 
83 6 0 1 0 25 3 18 15 20 9 13 19 -0.519239 -14 131 132
84 6 0 1 0 27 1 12 18 18 5 12 18 -0.182525 -16 133 134
85 6 0 1 0 20 31 15 13 21 19 16 13 -0.5141 3 135 136
86 6 0 1 0 10 15 14 20 5 10 15 16 -0 62 137 138
87 6 0 1 0 33 30 13 13 9 11 13 12 -0.169916 17 139 140
88 6 1 0 5 1 4 5 0 0 0 182 
89 6 0 1 0 22 2 19 12 14 30 17 16 -0.11014 -61 141 142
90 6 1 0 10 1 4 10 0 0 0 187 
91 6 0 1 0 19 0 13 20 28 17 16 19 -0.311219 31 143 144
92 6 0 1 0 17 17 15 15 17 29 18 20 -0.178809 17 145 146
93 6 0 1 0 6 0 15 18 11 4 19 18 -0.347284 -12 147 148
94 6 0 1 0 25 21 13 19 26 18 15 20 -0.266973 6 149 150
95 6 0 1 0 28 27 20 14 27 30 13 12 -0.889955 -4 151 152
96 6 0 1 0 3 19 16 18 8 24 19 15 -0.426235 -41 153 154
97 6 0 1 0 26 24 18 13 35 29 17 12 -0.246154 53 155 156
98 6 0 1 0 3 26 18 19 1 33 14 17 -0.611614 -4 157 158
99 6 0 1 0 2 19 17 14 6 18 16 12 -0.166667 4 159 160
100 6 0 1 0 17 8 19 18 14 33 14 20 -0.467234 -7 161 162
101 6 0 1 0 26 7 20 20 14 3 17 20 -0.0450372 3 163 164
102 6 1 0 3 1 4 2 1 0 0 389 
103 6 0 1 0 3 1 13 19 7 0 16 12 -0.89108 5 165 166
104 6 0 1 0 20 22 17 15 16 27 14 14 -0.158854 -13 167 168
105 6 0 1 0 0 29 13 19 31 33 14 12 -0.234542 -119 169 170
106 6 0 1 0 7 16 12 15 4 7 19 15 -0.233546 9 171 172
107 6 0 1 0 8 10 15 16 24 1 12 12 -0.694012 5 173 174
108 6 0 1 0 31 9 13 12 26 20 18 20 -0.122881 -12 175 176
109 6 0 1 0 19 17 14 12 4 7 12 13 -0.116667 -4 177 178
110 6 0 1 0 28 14 17 14 32 4 12 13 -0.0995349 29 179 180
111 6 1 0 5 1 4 3 2 0 0 573 
112 6 1 0 5 1 4 0 0 4 1 574 
113 6 1 0 32 1 4 0 0 0 32 575 
114 6 1 0 2 1 4 1 0 0 1 576 
115 7 0 1 0 19 34 12 14 27 22 14 19 -0 39 181 182
116 7 1 0 6 1 4 0 1 0 5 3 
117 7 0 1 0 15 8 20 16 0 12 18 19 -0.02 -3 183 184
118 7 1 0 5 1 4 0 3 2 0 6 
119 7 0 1 0 0 28 16 19 29 26 14 12 -0.10989 24 185 186
120 7 0 1 0 8 32 14 13 19 25 20 12 -0.146242 40 187 188
121 7 1 0 24 1 4 0 0 0 24 16 
122 7 1 0 2 1 4 1 0 0 1 17 
123 7 0 1 0 19 25 16 12 21 23 14 18 -0.602612 34 189 190
124 7 0 1 0 19 12 14 17 15 21 17 20 -0.122563 -26 191 192
125 7 0 1 0 5 5 15 12 4 1 20 12 -0.113455 -6 193 194
126 7 1 0 3 1 4 3 0 0 0 62 
127 7 0 1 0 18 28 18 12 11 6 20 17 -0.046569 17 195 196
128 7 1 0 2 1 4 2 0 0 0 70 
129 7 0 1 0 23 7 19 13 24 0 16 12 -0.0503145 14 197 198
130 7 1 0 2 1 4 1 1 0 0 76 
131 7 0 1 0 4 25 17 20 10 0 18 14 -0.314364 78 199 200
132 7 0 1 0 26 16 16 19 19 24 12 18 -0.158333 -38 201 202
133 7 0 1 0 10 1 18 17 12 22 17 14 -0.115856 -95 203 204
134 7 0 1 0 10 31 12 12 1 24 20 19 -0.674741 48 205 206
135 7 0 1 0 25 15 20 15 22 13 17 17 -0.201709 -2 207 208
136 7 0 1 0 17 32 12 19 12 32 15 18 -0.434073 -4 209 210
137 7 1 0 3 1 4 0 3 0 0 169 
138 7 1 0 10 1 4 0 0 0 10 170 
139 7 0 1 0 29 10 20 15 33 13 19 12 -0.0813397 -6 211 212
140 7 0 1 0 19 28 19 18 11 29 14 14 -0.0979563 -11 213 214
141 7 0 1 0 28 8 20 19 13 7 15 13 -0.0368249 -14 215 216
142 7 1 0 3 1 4 3 0 0 0 186 
143 7 0 1 0 4 28 12 20 1 15 16 18 -0.28504 30 217 218
144 7 0 1 0 27 26 17 15 12 1 20 19 -0.250868 -5 219 220
145 7 0 1 0 24 25 12 17 16 31 12 15 -0.216216 -29 221 222
146 7 0 1 0 12 15 14 17 12 21 12 13 -0 -13 223 224
147 7 0 1 0 25 25 18 15 32 33 14 13 -0.24287 14 225 226
148 7 0 1 0 5 2 12 17 11 2 12 13 -0.557527 1 227 228
149 7 1 0 8 1 4 0 0 3 5 314 
150 7 0 1 0 33 5 18 14 7 0 17 18 -0.119149 -6 229 230
151 7 0 1 0 0 31 15 19 0 32 15 19 -0.886529 -3 231 232
152 7 0 1 0 1 8 17 15 25 26 13 13 -0.206725 -61 233 234
153 7 0 1 0 18 12 14 18 20 20 15 18 -0.161538 -41 235 236
154 7 0 1 0 23 15 16 19 14 8 20 16 -0.226148 -10 237 238
155 7 1 0 8 1 4 8 0 0 0 356 
156 7 1 0 5 1 4 0 4 0 1 357 
157 7 1 0 5 1 4 5 0 0 0 358 
158 7 0 1 0 2 21 14 13 10 20 15 14 -0.456608 -4 239 240
159 7 1 0 4 1 4 0 3 0 1 371 
160 7 1 0 14 1 4 14 0 0 0 372 
161 7 0 1 0 27 18 15 14 25 29 16 16 -0.282248 1 241 242
162 7 1 0 8 1 4 4 0 4 0 381 
163 7 1 0 2 1 4 1 1 0 0 382 
164 7 0 1 0 31 5 19 16 0 20 12 14 -0.0332746 -8 243 244
165 7 0 1 0 5 28 18 16 13 25 18 15 -0.729834 -26 245 246
166 7 0 1 0 23 19 17 20 11 22 20 20 -0.1 -12 247 248
167 7 1 0 7 1 4 0 0 2 5 402 
168 7 0 1 0 19 30 17 17 24 29 18 12 -0.0485759 10 249 250
169 7 0 1 0 5 0 15 17 5 16 18 18 -0.0284222 3 251 252
170 7 0 1 0 0 34 13 14 15 31 15 20 -0.219277 -62 253 254
171 7 0 1 0 34 32 13 13 20 29 16 16 -0.279745 -28 255 256
172 7 0 1 0 9 9 20 14 11 11 16 14 -0.0829139 -5 257 258
173 7 0 1 0 13 30 13 17 31 28 13 12 -0.931829 16 259 260
174 7 0 1 0 21 15 16 13 22 19 18 17 -0.439912 13 261 262
175 7 0 1 0 7 31 12 16 10 28 15 16 -0.27972 -1 263 264
176 7 0 1 0 25 8 20 13 26 31 15 13 -0.0279459 -9 265 266
177 7 0 1 0 10 33 14 20 22 7 13 17 -0.05 25 267 268
178 7 1 0 2 1 4 1 1 0 0 567 
179 7 0 1 0 14 32 14 13 4 27 19 18 -0.0692002 32 269 270
180 7 1 0 7 1 4 0 0 0 7 572 
181 8 1 0 2 1 4 0 0 0 2 1 
182 8 1 0 57 1 4 0 57 0 0 2 
183 8 1 0 2 1 4 0 0 1 1 4 
184 8 1 0 23 1 4 0 0 0 23 5 
185 8 1 0 4 1 4 0 0 0 4 8 
186 8 0 1 0 16 10 17 20 17 11 14 17 -0.0238095 2 271 272
187 8 0 1 0 11 17 18 15 11 32 14 19 -0.0274854 -2 273 274
188 8 0 1 0 15 35 12 12 10 24 17 20 -0.144231 38 275 276
189 8 0 1 0 29 6 15 16 28 17 18 13 -0.330918 3 277 278
190 8 0 1 0 34 10 12 13 34 17 18 12 -0.240741 0 279 280
191 8 0 1 0 8 28 19 14 12 10 16 19 -0.2 44 281 282
192 8 0 1 0 5 29 15 14 11 14 16 13 -0.032995 -23 283 284
193 8 1 0 2 1 4 2 0 0 0 39 
194 8 0 1 0 13 24 20 20 3 29 17 15 -0.104856 95 285 286
195 8 1 0 2 1 4 0 1 0 1 66 
196 8 0 1 0 6 12 13 13 1 5 19 16 -0.029932 21 287 288
197 8 1 0 3 1 4 0 2 0 1 74 
198 8 1 0 50 1 4 0 0 0 50 75 
199 8 0 1 0 22 30 17 12 15 28 12 15 -0.107919 25 289 290
200 8 1 0 7 1 4 0 2 0 5 85 
201 8 1 0 3 1 4 1 2 0 0 86 
202 8 0 1 0 15 4 12 14 18 5 16 17 -0.0300926 -12 291 292
203 8 1 0 5 1 4 1 0 1 3 90 
204 8 0 1 0 11 31 16 18 19 26 14 12 -0.105393 32 293 294
205 8 0 1 0 5 29 17 15 10 28 19 18 -0.524934 4 295 296
206 8 0 1 0 18 4 17 16 27 34 12 20 -0.2 -77 297 298
207 8 0 1 0 24 33 12 16 18 22 19 19 -0.0163743 13 299 300
208 8 0 1 0 28 27 18 16 4 20 17 15 -0.093254 34 301 302
209 8 0 1 0 12 34 12 18 4 34 13 20 -0.0954545 13 303 304
210 8 0 1 0 28 2 19 14 29 4 16 18 -0.2754 -11 305 306
211 8 1 0 3 1 4 0 0 3 0 171 
212 8 0 1 0 33 23 13 12 33 29 16 12 -0 -58 307 308
213 8 0 1 0 13 24 13 14 13 1 19 19 -0 110 309 310
214 8 0 1 0 13 13 13 17 31 29 13 14 -0.0483143 -13 311 312
215 8 0 1 0 4 32 12 15 2 22 18 18 -0.0141844 59 313 314
216 8 1 0 5 1 4 0 0 5 0 185 
217 8 0 1 0 31 19 19 14 34 20 20 13 -0.227557 -1 315 316
218 8 0 1 0 27 15 18 18 26 21 16 18 -0.607613 -9 317 318
219 8 0 1 0 30 29 15 17 3 11 14 16 -0.0769231 -47 319 320
220 8 0 1 0 27 0 12 17 18 24 17 19 -0.131373 -9 321 322
221 8 0 1 0 7 10 14 19 33 34 12 14 -0.0259459 23 323 324
222 8 1 0 2 1 4 0 0 0 2 290 
223 8 1 0 3 1 4 0 3 0 0 291 
224 8 1 0 80 1 4 80 0 0 0 292 
225 8 0 1 0 12 6 18 20 27 25 17 13 -0.0792917 -37 325 326
226 8 0 1 0 20 28 14 15 11 22 13 15 -0.40966 -3 327 328
227 8 0 1 0 2 16 13 19 24 20 13 13 -0.15625 -44 329 330
228 8 0 1 0 7 0 14 16 23 9 19 20 -0.0641026 16 331 332
229 8 0 1 0 17 28 13 12 14 13 19 15 -0 22 333 334
230 8 1 0 7 1 4 0 1 5 1 317 
231 8 0 1 0 17 19 18 12 17 34 12 13 -0.152941 -7 335 336
232 8 0 1 0 9 21 19 12 1 31 12 16 -0.888869 13 337 338
233 8 0 1 0 19 15 18 14 21 17 18 16 -0.117852 -2 339 340
234 8 1 0 4 1 4 0 0 0 4 346 
235 8 1 0 4 1 4 0 2 2 0 347 
236 8 0 1 0 16 33 12 19 15 23 19 20 -0.0769231 36 341 342
237 8 0 1 0 32 15 13 12 12 21 18 20 -0 -89 343 344
238 8 0 1 0 15 22 18 12 21 30 13 14 -0.100366 -14 345 346
239 8 0 1 0 20 25 18 13 19 20 19 18 -0.341315 1 347 348
240 8 1 0 6 1 4 4 2 0 0 370 
241 8 0 1 0 1 26 20 17 14 21 13 18 -0.142087 -35 349 350
242 8 0 1 0 3 19 20 19 14 18 15 12 -0.130081 17 351 352
243 8 1 0 4 1 4 0 0 4 0 383 
244 8 0 1 0 26 5 13 14 18 16 15 18 -0.0282041 31 353 354
245 8 0 1 0 17 25 19 20 22 4 20 20 -0.0172414 81 355 356
246 8 0 1 0 24 14 18 12 9 27 17 14 -0.596152 8 357 358
247 8 1 0 2 1 4 1 0 1 0 400 
248 8 1 0 18 1 4 18 0 0 0 401 
249 8 0 1 0 24 10 13 15 26 17 17 16 -0.0217868 -12 359 360
250 8 1 0 2 1 4 0 0 0 2 406 
251 8 0 1 0 26 3 19 18 18 9 15 15 -0.00909091 -1 361 362
252 8 1 0 3 1 4 0 0 2 1 409 
253 8 0 1 0 9 4 12 20 27 9 14 20 -0.276135 -11 363 364
254 8 0 1 0 18 11 16 12 11 19 14 16 -0.173595 11 365 366
255 8 0 1 0 13 18 12 20 3 0 13 20 -0.086649 21 367 368
256 8 0 1 0 1 6 20 12 8 0 13 14 -0.175439 -6 369 370
257 8 1 0 4 1 4 0 0 2 2 516 
258 8 0 1 0 20 32 15 19 15 11 16 16 -0.0513385 32 371 372
259 8 0 1 0 26 16 18 19 24 11 15 18 -0.611586 -12 373 374
260 8 0 1 0 22 11 18 12 16 18 19 20 -0.29937 -3 375 376
261 8 0 1 0 25 23 17 16 10 10 12 14 -0.388608 101 377 378
262 8 0 1 0 12 31 16 15 18 33 12 18 -0.275776 6 379 380
263 8 0 1 0 0 29 16 15 22 31 12 17 -0.181818 -65 381 382
264 8 1 0 2 1 4 2 0 0 0 561 
265 8 1 0 3 1 4 1 2 0 0 562 
266 8 0 1 0 21 14 18 16 24 24 14 19 -0.00892857 0 383 384
267 8 1 0 2 1 4 0 1 1 0 565 
268 8 1 0 8 1 4 0 8 0 0 566 
269 8 0 1 0 8 30 17 18 25 34 13 18 -0.0237649 1 385 386
270 8 1 0 2 1 4 0 2 0 0 571 
271 9 1 0 29 1 4 0 0 29 0 9 
272 9 1 0 6 1 4 0 5 1 0 10 
273 9 0 1 0 10 27 15 14 10 28 19 16 -0.00877193 10 387 388
274 9 1 0 3 1 4 2 1 0 0 13 
275 9 1 0 8 1 4 0 0 5 3 14 
276 9 1 0 5 1 4 0 5 0 0 15 
277 9 0 1 0 24 7 15 20 26 2 14 20 -0.0673401 1 389 390
278 9 0 1 0 21 23 13 17 23 23 16 12 -0.159091 2 391 392
279 9 1 0 3 1 4 0 0 2 1 24 
280 9 1 0 9 1 4 4 5 0 0 25 
281 9 1 0 5 1 4 1 4 0 0 26 
282 9 0 1 0 16 14 16 17 0 13 20 14 -0 9 393 394
283 9 1 0 7 1 4 0 3 0 4 29 
284 9 0 1 0 30 33 14 15 26 27 20 17 -0.0021645 18 395 396
285 9 0 1 0 13 35 12 13 22 9 14 12 -0.0961899 -4 397 398
286 9 1 0 2 1 4 2 0 0 0 61 
287 9 0 1 0 31 14 14 16 10 10 18 14 -0.0333333 -54 399 400
288 9 1 0 132 1 4 0 132 0 0 69 
289 9 0 1 0 2 7 18 17 9 26 19 19 -0 -108 401 402
290 9 0 1 0 7 15 12 14 25 0 13 14 -0.0587475 2 403 404
291 9 1 0 5 1 4 0 0 0 5 87 
292 9 0 1 0 2 7 18 17 26 34 12 13 -0.0185185 -18 405 406
293 9 0 1 0 15 6 15 12 15 5 18 17 -0.0950207 -24 407 408
294 9 1 0 5 1 4 1 1 0 3 130 
295 9 0 1 0 29 2 15 18 1 33 13 13 -0.409544 -9 409 410
296 9 1 0 5 1 4 0 0 1 4 145 
297 9 1 0 2 1 4 1 0 1 0 146 
298 9 1 0 8 1 4 0 0 0 8 147 
299 9 0 1 0 17 34 13 20 5 23 15 14 -0.00877193 37 411 412
300 9 1 0 3 1 4 0 3 0 0 150 
301 9 1 0 4 1 4 0 0 1 3 151 
302 9 0 1 0 27 17 17 19 24 13 20 18 -0.0357143 -4 413 414
303 9 0 1 0 24 13 20 19 30 11 15 12 -0 17 415 416
304 9 1 0 12 1 4 0 0 0 12 156 
305 9 1 0 10 1 4 10 0 0 0 157 
306 9 0 1 0 23 29 16 17 24 22 15 13 -0.247195 -12 417 418
307 9 1 0 2 1 4 2 0 0 0 172 
308 9 1 0 17 1 4 0 17 0 0 173 
309 9 1 0 13 1 4 0 0 0 13 174 
310 9 1 0 2 1 4 0 0 2 0 175 
311 9 0 1 0 9 30 17 13 22 30 13 20 -0.03028 -6 419 420
312 9 1 0 6 1 4 1 5 0 0 181 
313 9 1 0 44 1 4 0 44 0 0 183 
314 9 1 0 3 1 4 0 1 2 0 184 
315 9 0 1 0 31 5 15 14 17 4 15 17 -0.421514 -24 421 422
316 9 0 1 0 3 8 13 15 0 33 13 13 -0.181679 -52 423 424
317 9 0 1 0 16 17 18 20 19 18 19 16 -0.415975 -4 425 426
318 9 0 1 0 1 27 12 17 1 19 15 17 -0.309881 11 427 428
319 9 1 0 2 1 4 0 1 0 1 282 
320 9 1 0 24 1 4 0 0 0 24 283 
321 9 0 1 0 1 21 19 19 22 29 12 16 -0 -27 429 430
322 9 1 0 2 1 4 0 0 1 1 286 
323 9 1 0 12 1 4 12 0 0 0 287 
324 9 0 1 0 23 14 20 18 21 0 18 18 -0.02 47 431 432
325 9 0 1 0 23 24 18 14 6 30 16 15 -0 33 433 434
326 9 0 1 0 33 21 13 12 18 29 16 18 -0.0562671 -9 435 436
327 9 1 0 8 1 4 0 2 1 5 302 
328 9 0 1 0 29 13 16 17 30 25 17 15 -0.222812 -5 437 438
329 9 1 0 6 1 4 0 6 0 0 309 
330 9 0 1 0 6 14 17 12 0 35 12 12 -0 -9 439 440
331 9 1 0 7 1 4 7 0 0 0 312 
332 9 1 0 6 1 4 0 5 1 0 313 
333 9 1 0 4 1 4 4 0 0 0 315 
334 9 1 0 36 1 4 0 36 0 0 316 
335 9 0 1 0 25 12 16 17 7 4 16 12 -0.124583 49 441 442
336 9 0 1 0 20 29 12 16 26 5 15 18 -0 118 443 444
337 9 0 1 0 22 2 20 12 14 27 12 18 -0.153571 -37 445 446
338 9 0 1 0 22 1 19 18 1 12 15 18 -0.781506 5 447 448
339 9 0 1 0 0 23 17 12 24 12 13 17 -0.15 35 449 450
340 9 0 1 0 0 10 17 19 2 4 20 18 -0.0226757 -9 451 452
341 9 1 0 24 1 4 0 0 0 24 348 
342 9 1 0 2 1 4 0 1 0 1 349 
343 9 1 0 8 1 4 0 8 0 0 350 
344 9 1 0 4 1 4 4 0 0 0 351 
345 9 1 0 8 1 4 0 8 0 0 352 
346 9 0 1 0 28 3 20 13 1 26 15 16 -0.0375469 -30 453 454
347 9 1 0 5 1 4 2 3 0 0 359 
348 9 0 1 0 6 7 15 19 11 5 13 20 -0.291034 3 455 456
349 9 1 0 2 1 4 1 1 0 0 373 
350 9 0 1 0 17 23 18 16 11 11 20 14 -0.0487805 81 457 458
351 9 0 1 0 7 11 19 12 19 2 19 18 -0.0182927 10 459 460
352 9 1 0 6 1 4 1 0 5 0 380 
353 9 0 1 0 24 16 19 20 31 30 16 13 -0.0172116 -2 461 462
354 9 1 0 2 1 4 0 1 0 1 388 
355 9 1 0 27 1 4 0 0 0 27 390 
356 9 1 0 2 1 4 0 1 1 0 391 
357 9 0 1 0 4 29 12 19 8 13 14 14 -0.472866 19 463 464
358 9 0 1 0 13 26 18 13 27 31 13 19 -0 -35 465 466
359 9 1 0 2 1 4 0 1 1 0 403 
360 9 0 1 0 8 32 13 16 23 12 16 20 -0 -30 467 468
361 9 1 0 2 1 4 0 1 1 0 407 
362 9 1 0 53 1 4 0 53 0 0 408 
363 9 0 1 0 1 22 20 15 8 4 19 19 -0.142966 -6 469 470
364 9 0 1 0 4 5 20 14 19 5 17 17 -0.22684 8 471 472
365 9 0 1 0 13 17 18 20 16 16 18 14 -0.129508 -10 473 474
366 9 0 1 0 15 34 13 20 28 33 14 13 -0.87946 23 475 476
367 9 0 1 0 14 2 12 14 6 34 13 16 -0 -41 477 478
368 9 1 0 3 1 4 0 0 1 2 509 
369 9 1 0 9 1 4 0 6 3 0 510 
370 9 0 1 0 13 27 12 19 14 32 13 17 -0.1 2 479 480
371 9 0 1 0 25 13 19 20 27 17 20 16 -0 -1 481 482
372 9 0 1 0 14 3 13 15 2 2 12 19 -0.0134228 -26 483 484
373 9 0 1 0 12 9 18 12 0 31 16 18 -0 6 485 486
374 9 0 1 0 14 0 20 16 5 29 17 15 -0.421306 -18 487 488
375 9 1 0 6 1 4 3 3 0 0 534 
376 9 0 1 0 17 21 18 17 5 2 19 13 -0.160714 109 489 490
377 9 0 1 0 29 10 17 18 31 27 20 15 -0.336475 13 491 492
378 9 1 0 9 1 4 0 3 0 6 554 
379 9 0 1 0 11 29 18 16 13 22 17 15 -0.0573077 18 493 494
380 9 1 0 5 1 4 1 2 1 1 558 
381 9 1 0 9 1 4 0 9 0 0 559 
382 9 1 0 2 1 4 0 1 0 1 560 
383 9 1 0 2 1 4 1 1 0 0 563 
384 9 1 0 54 1 4 54 0 0 0 564 
385 9 0 1 0 28 21 15 15 3 14 19 15 -0.0128205 37 495 496
386 9 1 0 2 1 4 0 0 0 2 570 
387 10 1 0 55 1 4 0 55 0 0 11 
388 10 1 0 2 1 4 0 1 1 0 12 
389 10 0 1 0 30 25 16 15 33 8 15 12 -0.0795455 3 497 498
390 10 1 0 43 1 4 0 0 0 43 20 
391 10 0 1 0 28 25 17 18 6 19 14 19 -0 -2 499 500
392 10 1 0 4 1 4 3 1 0 0 23 
393 10 1 0 6 1 4 0 0 6 0 27 
394 10 1 0 14 1 4 0 0 0 14 28 
395 10 1 0 229 1 4 0 0 0 229 30 
396 10 1 0 2 1 4 0 0 1 1 31 
397 10 0 1 0 0 11 18 12 2 29 15 19 -0 -57 501 502
398 10 0 1 0 23 32 12 18 26 10 17 13 -0.0782007 16 503 504
399 10 1 0 2 1 4 0 0 1 1 67 
400 10 1 0 13 1 4 0 13 0 0 68 
401 10 1 0 2 1 4 0 2 0 0 80 
402 10 1 0 39 1 4 39 0 0 0 81 
403 10 1 0 9 1 4 7 2 0 0 82 
404 10 0 1 0 26 16 16 19 19 24 12 18 -0.0147059 1 505 506
405 10 1 0 25 1 4 0 0 25 0 88 
406 10 1 0 2 1 4 0 0 1 1 89 
407 10 1 0 2 1 4 0 0 0 2 91 
408 10 0 1 0 5 32 13 15 14 10 12 18 -0.0887012 55 507 508
409 10 0 1 0 14 12 16 19 21 34 13 13 -0.24835 -45 509 510
410 10 0 1 0 4 13 19 19 2 33 12 19 -0.299683 -7 511 512
411 10 1 0 2 1 4 1 1 0 0 148 
412 10 1 0 55 1 4 55 0 0 0 149 
413 10 1 0 12 1 4 0 12 0 0 152 
414 10 1 0 2 1 4 1 1 0 0 153 
415 10 1 0 3 1 4 3 0 0 0 154 
416 10 1 0 7 1 4 0 7 0 0 155 
417 10 1 0 2 1 4 0 0 0 2 158 
418 10 0 1 0 14 28 19 18 5 2 18 14 -0.203239 38 513 514
419 10 1 0 4 1 4 0 3 1 0 176 
420 10 0 1 0 7 9 19 13 18 27 17 15 -0.0131579 -146 515 516
421 10 0 1 0 24 32 13 20 25 26 19 12 -0.222641 -2 517 518
422 10 0 1 0 15 11 16 20 27 5 15 12 -0.372655 8 519 520
423 10 0 1 0 2 18 13 19 15 13 12 17 -0.0892857 28 521 522
424 10 0 1 0 2 35 12 13 22 34 13 17 -0.17274 -38 523 524
425 10 0 1 0 23 31 14 17 33 31 15 12 -0.219545 -10 525 526
426 10 0 1 0 8 4 14 20 20 20 15 16 -0.327619 -33 527 528
427 10 0 1 0 2 27 15 12 26 9 16 20 -0.0869565 -73 529 530
428 10 0 1 0 1 9 14 12 5 29 17 17 -0.158333 -43 531 532
429 10 1 0 13 1 4 0 13 0 0 284 
430 10 1 0 2 1 4 2 0 0 0 285 
431 10 1 0 23 1 4 0 23 0 0 288 
432 10 1 0 2 1 4 1 1 0 0 289 
433 10 1 0 5 1 4 5 0 0 0 293 
434 10 1 0 19 1 4 0 19 0 0 294 
435 10 0 1 0 1 2 14 13 14 1 15 17 -0.0321077 -79 533 534
436 10 1 0 3 1 4 1 1 0 1 301 
437 10 0 1 0 5 35 12 14 2 33 14 19 -0.225914 15 535 536
438 10 1 0 33 1 4 33 0 0 0 308 
439 10 1 0 5 1 4 0 0 5 0 310 
440 10 1 0 5 1 4 0 0 0 5 311 
441 10 0 1 0 24 20 14 18 27 29 13 20 -0 -25 537 538
442 10 1 0 2 1 4 0 1 0 1 320 
443 10 1 0 18 1 4 18 0 0 0 321 
444 10 1 0 2 1 4 0 2 0 0 322 
445 10 0 1 0 12 4 19 16 35 24 18 12 -0.0824653 -10 539 540
446 10 0 1 0 23 5 13 12 31 4 14 16 -0.0357143 39 541 542
447 10 0 1 0 6 8 19 14 4 31 16 20 -0.335287 -46 543 544
448 10 0 1 0 4 20 16 13 8 9 17 18 -0.606556 -32 545 546
449 10 1 0 8 1 4 2 6 0 0 342 
450 10 1 0 2 1 4 0 0 2 0 343 
451 10 1 0 7 1 4 2 5 0 0 344 
452 10 1 0 56 1 4 56 0 0 0 345 
453 10 0 1 0 3 31 16 18 11 29 13 17 -0 -23 547 548
454 10 1 0 4 1 4 0 0 0 4 355 
455 10 0 1 0 22 27 19 12 24 25 14 13 -0.212486 2 549 550
456 10 1 0 4 1 4 1 2 0 1 369 
457 10 0 1 0 2 19 20 20 6 8 13 20 -0.0397683 15 551 552
458 10 1 0 4 1 4 0 0 0 4 377 
459 10 1 0 37 1 4 0 0 0 37 378 
460 10 1 0 4 1 4 0 0 3 1 379 
461 10 0 1 0 18 8 12 20 32 21 17 12 -0 -72 553 554
462 10 0 1 0 23 3 20 16 8 19 16 12 -0.0015528 -44 555 556
463 10 1 0 3 1 4 3 0 0 0 392 
464 10 0 1 0 24 12 16 14 0 26 20 15 -0.309986 24 557 558
465 10 1 0 4 1 4 0 4 0 0 398 
466 10 1 0 8 1 4 8 0 0 0 399 
467 10 1 0 3 1 4 0 3 0 0 404 
468 10 1 0 153 1 4 153 0 0 0 405 
469 10 1 0 4 1 4 1 3 0 0 410 
470 10 0 1 0 20 25 13 20 12 5 20 18 -0.0934043 84 559 560
471 10 0 1 0 2 28 14 19 7 21 15 20 -0.158312 -14 561 562
472 10 0 1 0 3 11 19 19 29 27 15 16 -0 -62 563 564
473 10 0 1 0 12 23 20 13 27 20 20 19 -0.0625 19 565 566
474 10 0 1 0 8 25 15 15 14 20 14 20 -0.120372 -24 567 568
475 10 0 1 0 32 8 18 14 22 23 19 16 -0.618904 -47 569 570
476 10 1 0 10 1 4 0 0 0 10 506 
477 10 1 0 2 1 4 2 0 0 0 507 
478 10 1 0 24 1 4 0 24 0 0 508 
479 10 0 1 0 10 15 19 15 20 4 15 17 -0.0444444 -14 571 572
480 10 1 0 3 1 4 0 3 0 0 515 
481 10 1 0 8 1 4 8 0 0 0 517 
482 10 1 0 6 1 4 0 6 0 0 518 
483 10 1 0 3 1 4 0 0 3 0 519 
484 10 0 1 0 4 18 14 19 9 13 16 14 -0.0102264 -9 573 574
485 10 1 0 13 1 4 13 0 0 0 523 
486 10 1 0 5 1 4 0 5 0 0 524 
487 10 0 1 0 5 11 16 20 1 15 19 20 -0 8 575 576
488 10 0 1 0 3 11 20 15 13 9 16 12 -0.32449 -7 577 578
489 10 1 0 26 1 4 0 0 0 26 535 
490 10 1 0 2 1 4 1 0 0 1 536 
491 10 0 1 0 18 0 16 17 29 9 12 16 -0.269135 -10 579 580
492 10 1 0 5 1 4 1 0 0 4 553 
493 10 0 1 0 24 24 18 16 29 27 12 14 -0.01 45 581 582
494 10 1 0 2 1 4 0 1 0 1 557 
495 10 1 0 37 1 4 0 0 37 0 568 
496 10 1 0 2 1 4 0 1 1 0 569 
497 11 1 0 3 1 4 0 0 0 3 18 
498 11 1 0 8 1 4 0 1 7 0 19 
499 11 1 0 2 1 4 0 0 0 2 21 
500 11 1 0 9 1 4 0 0 9 0 22 
501 11 1 0 7 1 4 0 0 0 7 40 
502 11 1 0 5 1 4 5 0 0 0 41 
503 11 0 1 0 0 29 13 14 1 26 18 16 -0.0354449 11 583 584
504 11 0 1 0 5 15 18 15 3 14 13 20 -0.390956 -6 585 586
505 11 1 0 32 1 4 0 32 0 0 83 
506 11 1 0 2 1 4 0 1 1 0 84 
507 11 0 1 0 28 23 19 16 20 16 13 13 -0.0794493 29 587 588
508 11 1 0 5 1 4 1 1 1 2 129 
509 11 0 1 0 0 16 20 19 9 23 14 20 -0.108108 -62 589 590
510 11 0 1 0 15 13 13 17 31 16 17 12 -0.183918 15 591 592
511 11 1 0 7 1 4 0 1 1 5 141 
512 11 0 1 0 19 26 16 15 19 17 18 13 -0.0518519 -7 593 594
513 11 1 0 3 1 4 0 0 1 2 159 
514 11 0 1 0 11 2 14 15 26 9 14 20 -0.156486 -53 595 596
515 11 1 0 2 1 4 0 0 0 2 177 
516 11 0 1 0 19 32 12 15 25 28 18 13 -0.00995495 -7 597 598
517 11 1 0 3 1 4 0 1 0 2 188 
518 11 0 1 0 7 7 15 17 28 31 13 14 -0.0731535 -62 599 600
519 11 1 0 13 1 4 0 0 13 0 194 
520 11 0 1 0 8 31 15 16 3 12 16 17 -0.325 41 601 602
521 11 0 1 0 7 11 19 14 23 15 20 13 -0.0357143 -11 603 604
522 11 1 0 2 1 4 0 1 1 0 207 
523 11 0 1 0 28 2 20 18 25 24 15 16 -0.128517 -4 605 606
524 11 0 1 0 6 3 15 16 9 8 12 15 -0.53583 -6 607 608
525 11 1 0 2 1 4 0 0 0 2 267 
526 11 0 1 0 19 12 18 15 22 20 14 12 -0.126984 -6 609 610
527 11 0 1 0 26 21 18 20 11 8 14 18 -0.0571429 23 611 612
528 11 1 0 5 1 4 0 0 0 5 277 
529 11 1 0 2 1 4 0 1 0 1 278 
530 11 1 0 21 1 4 0 0 0 21 279 
531 11 1 0 6 1 4 1 5 0 0 280 
532 11 1 0 4 1 4 0 0 3 1 281 
533 11 1 0 3 1 4 0 3 0 0 295 
534 11 0 1 0 22 35 12 15 10 8 12 14 -0.0254474 90 613 614
535 11 0 1 0 33 25 15 13 27 22 18 18 -0.0662626 -5 615 616
536 11 1 0 3 1 4 0 1 0 2 307 
537 11 1 0 2 1 4 2 0 0 0 318 
538 11 1 0 27 1 4 0 27 0 0 319 
539 11 1 0 4 1 4 0 0 4 0 323 
540 11 0 1 0 5 23 17 20 1 24 14 12 -0.0302083 43 617 618
541 11 1 0 2 1 4 1 1 0 0 327 
542 11 1 0 12 1 4 12 0 0 0 328 
543 11 0 1 0 27 14 20 19 17 18 14 20 -0.148148 -63 619 620
544 11 0 1 0 13 26 16 13 24 7 17 19 -0.115385 86 621 622
545 11 0 1 0 11 0 18 20 11 25 17 18 -0.144231 -20 623 624
546 11 0 1 0 3 10 15 16 26 21 16 17 -0.116809 -82 625 626
547 11 1 0 2 1 4 0 2 0 0 353 
548 11 1 0 45 1 4 0 0 45 0 354 
549 11 1 0 2 1 4 1 1 0 0 360 
550 11 0 1 0 1 21 13 15 6 20 13 14 -0.172609 -1 627 628
551 11 1 0 2 1 4 0 0 1 1 374 
552 11 0 1 0 2 14 20 14 28 18 12 17 -0.0142857 5 629 630
553 11 1 0 17 1 4 0 0 0 17 384 
554 11 1 0 7 1 4 0 0 7 0 385 
555 11 1 0 2 1 4 0 0 1 1 386 
556 11 1 0 320 1 4 0 0 0 320 387 
557 11 0 1 0 15 17 20 14 22 13 13 14 -0.20786 -9 631 632
558 11 1 0 10 1 4 0 0 0 10 397 
559 11 0 1 0 24 19 19 14 16 25 16 15 -0.00505051 -51 633 634
560 11 0 1 0 20 33 12 14 29 31 16 16 -0.135712 9 635 636
561 11 1 0 5 1 4 2 3 0 0 418 
562 11 0 1 0 15 23 12 17 24 13 19 18 -0.124554 7 637 638
563 11 1 0 4 1 4 0 0 4 0 427 
564 11 1 0 14 1 4 0 14 0 0 428 
565 11 1 0 8 1 4 8 0 0 0 429 
566 11 1 0 4 1 4 0 1 3 0 430 
567 11 1 0 5 1 4 4 1 0 0 431 
568 11 0 1 0 27 16 12 19 27 25 12 18 -0.112928 7 639 640
569 11 0 1 0 16 20 14 13 23 21 20 14 -0.277778 -37 641 642
570 11 0 1 0 0 14 20 14 10 19 17 16 -0.159544 11 643 644
571 11 1 0 3 1 4 0 0 0 3 511 
572 11 0 1 0 18 29 15 17 28 31 13 19 -0.035119 16 645 646
573 11 1 0 2 1 4 1 1 0 0 520 
574 11 0 1 0 18 30 13 12 16 0 19 13 -0.00347222 49 647 648
575 11 1 0 4 1 4 0 0 4 0 525 
576 11 1 0 8 1 4 0 0 0 8 526 
577 11 0 1 0 24 29 14 19 2 29 16 20 -0.110599 39 649 650
578 11 0 1 0 32 1 19 12 7 0 12 19 -0.175824 3 651 652
579 11 0 1 0 18 30 17 14 25 29 15 16 -0.327753 0 653 654
580 11 0 1 0 29 15 18 16 22 9 14 18 -0.141516 -8 655 656
581 11 1 0 48 1 4 48 0 0 0 555 
582 11 1 0 2 1 4 1 1 0 0 556 
583 12 0 1 0 22 20 19 13 27 24 18 12 -0.0265359 68 657 658
584 12 1 0 6 1 4 2 0 0 4 51 
585 12 0 1 0 27 25 19 14 25 19 12 13 -0.355731 -17 659 660
586 12 0 1 0 16 15 16 20 14 27 16 16 -0.193427 -17 661 662
587 12 0 1 0 1 14 16 16 0 7 19 15 -0.0716581 38 663 664
588 12 0 1 0 16 6 15 17 24 4 13 13 -0.208333 27 665 666
589 12 1 0 5 1 4 5 0 0 0 131 
590 12 0 1 0 6 12 18 20 18 0 19 16 -0.0583333 6 667 668
591 12 1 0 6 1 4 2 0 4 0 135 
592 12 0 1 0 13 28 14 15 13 22 17 16 -0.106053 13 669 670
593 12 1 0 3 1 4 3 0 0 0 142 
594 12 0 1 0 2 6 12 19 18 23 13 15 -0.0333333 -17 671 672
595 12 1 0 2 1 4 0 0 0 2 160 
596 12 0 1 0 30 24 20 15 30 8 20 14 -0.125959 8 673 674
597 12 1 0 2 1 4 0 0 1 1 178 
598 12 0 1 0 6 26 14 16 8 17 12 16 -0.00337838 11 675 676
599 12 0 1 0 2 16 13 17 1 22 12 16 -0 2 677 678
600 12 0 1 0 24 8 13 14 27 4 20 13 -0.0243524 0 679 680
601 12 0 1 0 10 3 18 14 3 30 17 12 -0.254162 8 681 682
602 12 1 0 2 1 4 0 0 0 2 204 
603 12 1 0 12 1 4 0 0 12 0 205 
604 12 1 0 2 1 4 0 0 1 1 206 
605 12 0 1 0 8 29 14 12 17 30 16 15 -0.122562 -2 683 684
606 12 1 0 7 1 4 0 1 0 6 253 
607 12 0 1 0 23 21 17 19 16 32 15 14 -0.304135 -40 685 686
608 12 0 1 0 23 13 17 20 21 17 20 17 -0.5 -11 687 688
609 12 0 1 0 0 25 20 17 6 17 20 19 -0.0473684 8 689 690
610 12 0 1 0 6 26 13 19 13 27 20 20 -0 -29 691 692
611 12 0 1 0 1 4 15 17 5 9 15 15 -0 -16 693 694
612 12 1 0 16 1 4 0 0 16 0 276 
613 12 0 1 0 25 27 16 14 25 25 19 20 -0.0176747 20 695 696
614 12 1 0 4 1 4 1 3 0 0 300 
615 12 0 1 0 22 6 20 17 27 26 13 12 -0.0216931 1 697 698
616 12 1 0 10 1 4 10 0 0 0 306 
617 12 0 1 0 32 2 18 13 22 6 20 20 -0.0166667 -67 699 700
618 12 1 0 2 1 4 2 0 0 0 326 
619 12 1 0 6 1 4 0 0 0 6 329 
620 12 0 1 0 13 30 15 13 34 3 19 13 -0 118 701 702
621 12 1 0 4 1 4 4 0 0 0 332 
622 12 0 1 0 19 22 18 14 13 14 14 20 -0.0815217 13 703 704
623 12 0 1 0 6 0 13 17 7 21 19 12 -0 -35 705 706
624 12 1 0 3 1 4 0 0 0 3 338 
625 12 1 0 3 1 4 1 2 0 0 339 
626 12 0 1 0 21 22 15 20 0 6 17 17 -0.0555556 48 707 708
627 12 0 1 0 17 32 15 15 1 9 14 20 -0.148019 73 709 710
628 12 1 0 3 1 4 0 2 1 0 368 
629 12 1 0 33 1 4 0 0 33 0 375 
630 12 1 0 2 1 4 0 1 1 0 376 
631 12 1 0 4 1 4 3 0 1 0 393 
632 12 0 1 0 26 11 16 14 22 10 12 18 -0.0546537 -7 711 712
633 12 1 0 2 1 4 0 0 1 1 411 
634 12 1 0 97 1 4 0 0 0 97 412 
635 12 0 1 0 18 8 18 14 29 14 19 17 -0.0884615 -14 713 714
636 12 0 1 0 28 20 18 17 27 27 18 13 -0 -50 715 716
637 12 0 1 0 23 0 19 17 4 19 12 15 -0.0504202 0 717 718
638 12 0 1 0 2 30 17 14 6 28 16 13 -0.0836022 -17 719 720
639 12 0 1 0 33 30 12 12 7 14 18 17 -0.0990988 -1 721 722
640 12 0 1 0 27 13 15 13 6 16 13 17 -0.18836 56 723 724
641 12 1 0 6 1 4 1 4 1 0 501 
642 12 1 0 6 1 4 0 0 2 4 502 
643 12 0 1 0 15 30 13 20 23 29 15 16 -0.0185185 -15 725 726
644 12 1 0 3 1 4 0 0 2 1 505 
645 12 0 1 0 22 13 16 18 5 11 18 17 -0.0125 26 727 728
646 12 1 0 2 1 4 0 0 1 1 514 
647 12 1 0 2 1 4 0 1 1 0 521 
648 12 1 0 142 1 4 0 142 0 0 522 
649 12 1 0 4 1 4 4 0 0 0 527 
650 12 0 1 0 29 29 15 15 26 10 15 16 -0.0645161 -5 729 730
651 12 1 0 8 1 4 0 8 0 0 530 
652 12 0 1 0 23 5 19 13 1 14 14 17 -0.0692308 35 731 732
653 12 0 1 0 5 25 16 18 26 22 15 17 -0.0967742 -7 733 734
654 12 0 1 0 26 2 17 18 31 24 20 13 -0.192882 -64 735 736
655 12 1 0 3 1 4 0 0 1 2 544 
656 12 0 1 0 9 33 12 17 10 16 15 17 -0.103032 40 737 738
657 13 0 1 0 5 22 20 15 1 19 17 20 -0.0216472 -1 739 740
658 13 1 0 2 1 4 1 0 0 1 50 
659 13 0 1 0 2 2 20 18 16 0 13 19 -0.409091 12 741 742
660 13 1 0 12 1 4 0 12 0 0 54 
661 13 0 1 0 17 24 16 17 0 33 13 14 -0.139599 -22 743 744
662 13 1 0 2 1 4 1 1 0 0 60 
663 13 0 1 0 31 24 14 12 34 24 20 13 -0.0636068 13 745 746
664 13 0 1 0 9 27 17 15 7 24 17 18 -0.08 5 747 748
665 13 1 0 4 1 4 0 0 3 1 127 
666 13 1 0 6 1 4 2 4 0 0 128 
667 13 1 0 2 1 4 0 0 2 0 132 
668 13 0 1 0 19 10 15 15 6 10 17 20 -0 -33 749 750
669 13 0 1 0 17 35 12 18 21 27 20 17 -0.0337623 23 751 752
670 13 1 0 3 1 4 1 1 0 1 140 
671 13 1 0 13 1 4 0 13 0 0 143 
672 13 1 0 2 1 4 0 1 1 0 144 
673 13 0 1 0 6 8 15 13 13 5 14 16 -0 -76 753 754
674 13 0 1 0 25 15 18 14 34 26 18 12 -0.100556 -15 755 756
675 13 1 0 2 1 4 0 1 1 0 179 
676 13 1 0 146 1 4 0 0 146 0 180 
677 13 1 0 2 1 4 0 0 2 0 189 
678 13 1 0 13 1 4 0 13 0 0 190 
679 13 1 0 2 1 4 0 1 1 0 191 
680 13 0 1 0 5 35 12 19 6 17 12 14 -0 -49 757 758
681 13 0 1 0 17 27 19 15 11 15 14 15 -0.128042 24 759 760
682 13 0 1 0 4 22 17 20 18 28 16 14 -0.134135 -2 761 762
683 13 0 1 0 8 32 15 15 16 33 12 15 -0.110448 -25 763 764
684 13 0 1 0 4 5 13 14 18 9 14 20 -0.201681 30 765 766
685 13 0 1 0 27 25 20 15 30 35 12 15 -0.127536 -14 767 768
686 13 0 1 0 9 17 16 20 23 2 12 20 -0.172678 57 769 770
687 13 0 1 0 28 11 20 19 31 12 13 12 -0.222222 15 771 772
688 13 1 0 5 1 4 0 0 0 5 266 
689 13 0 1 0 20 14 18 16 15 1 16 14 -0.0172249 -11 773 774
690 13 1 0 3 1 4 0 0 3 0 271 
691 13 1 0 6 1 4 0 6 0 0 272 
692 13 1 0 15 1 4 15 0 0 0 273 
693 13 1 0 12 1 4 0 12 0 0 274 
694 13 1 0 2 1 4 2 0 0 0 275 
695 13 0 1 0 11 18 19 20 12 25 19 17 -0.00273723 -16 775 776
696 13 0 1 0 29 10 16 14 29 15 12 16 -0.0428571 0 777 778
697 13 0 1 0 20 22 18 16 1 17 15 12 -0.0119048 123 779 780
698 13 1 0 3 1 4 3 0 0 0 305 
699 13 1 0 2 1 4 0 1 1 0 324 
700 13 1 0 28 1 4 0 28 0 0 325 
701 13 1 0 4 1 4 0 0 4 0 330 
702 13 1 0 8 1 4 0 8 0 0 331 
703 13 1 0 2 1 4 0 1 0 1 333 
704 13 0 1 0 10 13 13 12 7 10 13 16 -0 50 781 782
705 13 1 0 3 1 4 3 0 0 0 336 
706 13 1 0 10 1 4 0 10 0 0 337 
707 13 1 0 2 1 4 0 1 0 1 340 
708 13 1 0 34 1 4 0 0 0 34 341 
709 13 0 1 0 29 23 12 12 14 1 15 15 -0.133333 -17 783 784
710 13 0 1 0 29 26 19 12 23 30 12 13 -0.0594187 -12 785 786
711 13 1 0 2 1 4 1 1 0 0 394 
712 13 0 1 0 22 7 20 19 33 23 19 12 -0 6 787 788
713 13 0 1 0 6 32 12 18 33 22 14 13 -0.0288462 -26 789 790
714 13 1 0 4 1 4 0 0 0 4 415 
715 13 1 0 2 1 4 0 0 2 0 416 
716 13 1 0 21 1 4 0 0 0 21 417 
717 13 1 0 7 1 4 0 0 6 1 419 
718 13 1 0 10 1 4 0 0 0 10 420 
719 13 0 1 0 30 19 15 16 21 26 19 14 -0 -56 791 792
720 13 0 1 0 23 28 18 15 35 34 12 12 -0.0353982 62 793 794
721 13 0 1 0 16 6 13 19 7 8 13 20 -0.286443 13 795 796
722 13 0 1 0 20 16 13 16 24 15 16 17 -0.0850112 34 797 798
723 13 0 1 0 8 25 19 16 2 29 18 14 -0.0429894 2 799 800
724 13 1 0 3 1 4 3 0 0 0 500 
725 13 1 0 3 1 4 0 2 1 0 503 
726 13 1 0 33 1 4 33 0 0 0 504 
727 13 1 0 38 1 4 0 0 38 0 512 
728 13 1 0 2 1 4 0 1 1 0 513 
729 13 1 0 2 1 4 0 1 0 1 528 
730 13 1 0 29 1 4 0 29 0 0 529 
731 13 0 1 0 18 25 15 20 8 31 16 18 -0.05 28 801 802
732 13 1 0 3 1 4 0 0 0 3 533 
733 13 0 1 0 5 27 16 13 2 32 14 15 -0.0258065 -4 803 804
734 13 1 0 5 1 4 0 0 5 0 539 
735 13 1 0 7 1 4 1 2 4 0 540 
736 13 0 1 0 31 10 16 13 15 6 17 18 -0.06625 -15 805 806
737 13 0 1 0 18 18 15 15 22 25 16 20 -0.0417639 25 807 808
738 13 0 1 0 2 32 12 20 0 16 14 15 -0.136364 51 809 810
739 14 1 0 2 1 4 1 0 0 1 42 
740 14 0 1 0 10 27 19 16 20 10 19 17 -0.0179805 -26 811 812
741 14 1 0 9 1 4 0 0 0 9 52 
742 14 1 0 2 1 4 1 0 0 1 53 
743 14 1 0 2 1 4 0 2 0 0 55 
744 14 0 1 0 7 26 20 15 8 11 20 14 -0.105853 21 813 814
745 14 0 1 0 3 21 16 15 2 27 19 15 -0.0541388 -5 815 816
746 14 0 1 0 25 29 14 19 19 8 18 13 -0.152841 14 817 818
747 14 1 0 5 1 4 4 1 0 0 125 
748 14 1 0 5 1 4 0 0 5 0 126 
749 14 1 0 2 1 4 2 0 0 0 133 
750 14 1 0 28 1 4 0 28 0 0 134 
751 14 0 1 0 3 1 18 20 5 29 18 15 -0.00943135 -4 819 820
752 14 1 0 6 1 4 1 5 0 0 139 
753 14 1 0 2 1 4 0 2 0 0 161 
754 14 1 0 8 1 4 8 0 0 0 162 
755 14 1 0 4 1 4 4 0 0 0 163 
756 14 0 1 0 25 29 15 13 20 33 12 18 -0.0865256 6 821 822
757 14 1 0 2 1 4 0 2 0 0 192 
758 14 1 0 97 1 4 97 0 0 0 193 
759 14 0 1 0 6 2 18 13 12 8 18 14 -0.0238095 -4 823 824
760 14 1 0 9 1 4 1 6 2 0 197 
761 14 0 1 0 22 28 15 15 13 10 14 18 -0.0755132 -5 825 826
762 14 1 0 2 1 4 0 0 1 1 203 
763 14 0 1 0 24 9 18 19 27 20 16 14 -0.0865222 6 827 828
764 14 0 1 0 24 29 15 13 27 33 13 17 -0.281729 11 829 830
765 14 0 1 0 26 7 19 20 23 20 15 12 -0.1375 -52 831 832
766 14 1 0 7 1 4 0 0 2 5 252 
767 14 1 0 7 1 4 7 0 0 0 254 
768 14 0 1 0 16 3 19 20 28 16 19 18 -0.0869565 27 833 834
769 14 0 1 0 22 30 16 16 18 29 18 20 -0.0693248 -7 835 836
770 14 1 0 5 1 4 1 1 3 0 262 
771 14 0 1 0 22 3 20 17 23 4 20 20 -0 4 837 838
772 14 1 0 3 1 4 0 0 2 1 265 
773 14 1 0 2 1 4 2 0 0 0 268 
774 14 0 1 0 3 24 19 14 2 18 19 20 -0.00909091 -27 839 840
775 14 1 0 4 1 4 3 1 0 0 296 
776 14 1 0 270 1 4 270 0 0 0 297 
777 14 1 0 7 1 4 1 6 0 0 298 
778 14 1 0 13 1 4 13 0 0 0 299 
779 14 1 0 40 1 4 0 40 0 0 303 
780 14 1 0 2 1 4 1 1 0 0 304 
781 14 1 0 44 1 4 0 44 0 0 334 
782 14 1 0 2 1 4 2 0 0 0 335 
783 14 0 1 0 8 19 16 16 13 13 17 19 -0 26 841 842
784 14 1 0 2 1 4 2 0 0 0 363 
785 14 0 1 0 19 29 15 19 19 25 18 20 -0.0179278 22 843 844
786 14 1 0 6 1 4 0 2 0 4 367 
787 14 1 0 40 1 4 0 0 40 0 395 
788 14 1 0 2 1 4 0 0 0 2 396 
789 14 1 0 4 1 4 0 0 1 3 413 
790 14 1 0 22 1 4 0 0 22 0 414 
791 14 1 0 10 1 4 0 0 0 10 421 
792 14 1 0 11 1 4 0 0 11 0 422 
793 14 0 1 0 23 28 18 15 35 34 12 12 -0.0236904 53 845 846
794 14 1 0 2 1 4 0 0 0 2 426 
795 14 0 1 0 14 10 16 18 35 27 20 12 -0.209706 -1 847 848
796 14 1 0 4 1 4 0 0 0 4 441 
797 14 0 1 0 23 28 19 15 26 34 12 14 -0.0815558 9 849 850
798 14 1 0 2 1 4 2 0 0 0 496 
799 14 1 0 6 1 4 0 1 5 0 497 
800 14 0 1 0 22 24 16 18 22 9 18 12 -0.0138889 37 851 852
801 14 1 0 8 1 4 0 0 8 0 531 
802 14 1 0 2 1 4 0 1 1 0 532 
803 14 1 0 5 1 4 4 1 0 0 537 
804 14 1 0 26 1 4 0 26 0 0 538 
805 14 1 0 2 1 4 0 1 1 0 541 
806 14 0 1 0 4 31 16 12 1 3 14 20 -0.015625 5 853 854
807 14 0 1 0 3 9 18 18 1 31 13 12 -0.0273465 -40 855 856
808 14 1 0 7 1 4 6 1 0 0 550 
809 14 1 0 6 1 4 0 0 3 3 551 
810 14 1 0 5 1 4 0 5 0 0 552 
811 15 1 0 4 1 4 1 0 0 3 43 
812 15 0 1 0 31 27 20 13 28 21 16 16 -0.0126615 12 857 858
813 15 1 0 3 1 4 0 2 0 1 56 
814 15 0 1 0 15 0 15 12 4 11 13 18 -0.0708915 -16 859 860
815 15 0 1 0 15 24 14 18 14 27 17 20 -0.0456094 -21 861 862
816 15 1 0 7 1 4 4 1 0 2 118 
817 15 0 1 0 2 21 12 15 10 3 16 17 -0.0332056 -76 863 864
818 15 0 1 0 2 10 14 20 8 17 16 12 -0.140351 -44 865 866
819 15 0 1 0 20 11 15 17 21 8 16 12 -0.00647249 8 867 868
820 15 1 0 2 1 4 0 2 0 0 138 
821 15 0 1 0 19 22 19 15 16 22 13 15 -0.0397912 1 869 870
822 15 1 0 6 1 4 0 4 0 2 168 
823 15 1 0 19 1 4 19 0 0 0 195 
824 15 1 0 2 1 4 1 1 0 0 196 
825 15 1 0 4 1 4 4 0 0 0 198 
826 15 0 1 0 1 34 13 15 1 7 12 14 -0.0481183 14 871 872
827 15 0 1 0 9 17 14 13 8 17 18 17 -0.0626834 -17 873 874
828 15 0 1 0 3 8 20 15 1 29 14 17 -0.206897 -1 875 876
829 15 0 1 0 23 15 17 20 19 7 18 12 -0.178497 -8 877 878
830 15 0 1 0 13 17 13 18 5 4 13 20 -0.107184 -22 879 880
831 15 1 0 8 1 4 0 7 1 0 250 
832 15 1 0 2 1 4 1 1 0 0 251 
833 15 1 0 21 1 4 0 21 0 0 255 
834 15 1 0 2 1 4 0 1 0 1 256 
835 15 1 0 2 1 4 0 1 1 0 257 
836 15 0 1 0 30 14 18 12 18 27 20 12 -0.0327089 -63 881 882
837 15 1 0 8 1 4 0 8 0 0 263 
838 15 1 0 4 1 4 4 0 0 0 264 
839 15 1 0 2 1 4 1 1 0 0 269 
840 15 1 0 53 1 4 0 53 0 0 270 
841 15 1 0 8 1 4 0 0 0 8 361 
842 15 1 0 2 1 4 0 0 2 0 362 
843 15 0 1 0 9 19 19 13 2 24 12 18 -0.0030303 -11 883 884
844 15 1 0 2 1 4 0 1 0 1 366 
845 15 0 1 0 23 28 18 15 35 34 12 12 -0.00925926 -22 885 886
846 15 1 0 3 1 4 0 2 1 0 425 
847 15 0 1 0 0 26 14 16 1 33 12 15 -0.0913188 14 887 888
848 15 0 1 0 27 32 12 14 18 10 14 15 -0.17284 8 889 890
849 15 0 1 0 9 23 20 18 16 19 16 13 -0.0768158 -12 891 892
850 15 0 1 0 4 19 12 15 1 8 18 17 -0 21 893 894
851 15 1 0 34 1 4 0 0 0 34 498 
852 15 1 0 2 1 4 0 0 1 1 499 
853 15 1 0 4 1 4 1 3 0 0 542 
854 15 1 0 44 1 4 44 0 0 0 543 
855 15 1 0 2 1 4 2 0 0 0 545 
856 15 0 1 0 24 9 20 15 21 26 17 13 -0.0167282 -2 895 896
857 16 0 1 0 8 7 14 17 6 28 19 17 -0.00864064 -7 897 898
858 16 1 0 3 1 4 1 0 0 2 49 
859 16 0 1 0 9 13 19 17 1 8 19 19 -0.214286 56 899 900
860 16 1 0 119 1 4 0 0 0 119 59 
861 16 1 0 3 1 4 0 2 0 1 92 
862 16 0 1 0 12 19 15 17 12 23 17 14 -0.0426222 -23 901 902
863 16 1 0 2 1 4 0 2 0 0 119 
864 16 0 1 0 22 1 12 18 1 31 15 20 -0.0185185 5 903 904
865 16 1 0 2 1 4 0 1 0 1 122 
866 16 0 1 0 24 17 20 20 3 26 13 13 -0.0263158 -13 905 906
867 16 1 0 100 1 4 100 0 0 0 136 
868 16 1 0 3 1 4 2 1 0 0 137 
869 16 1 0 6 1 4 4 2 0 0 164 
870 16 0 1 0 16 25 14 19 20 24 15 12 -0.0195646 3 907 908
871 16 0 1 0 15 5 20 15 17 8 19 16 -0.0363636 6 909 910
872 16 1 0 2 1 4 2 0 0 0 202 
873 16 1 0 3 1 4 0 0 0 3 208 
874 16 0 1 0 26 28 15 15 21 15 18 18 -0.059831 -24 911 912
875 16 1 0 9 1 4 0 0 0 9 235 
876 16 0 1 0 23 19 13 13 19 30 16 16 -0.188889 -14 913 914
877 16 0 1 0 5 31 16 15 2 24 20 13 -0.0255639 4 915 916
878 16 0 1 0 11 14 20 15 9 29 15 14 -0.109023 -14 917 918
879 16 1 0 2 1 4 0 0 1 1 245 
880 16 0 1 0 26 25 19 15 26 24 13 16 -0.0514107 2 919 920
881 16 1 0 2 1 4 0 2 0 0 258 
882 16 0 1 0 14 24 14 18 7 34 12 18 -0.0259968 29 921 922
883 16 1 0 2 1 4 0 0 1 1 364 
884 16 1 0 163 1 4 0 0 0 163 365 
885 16 1 0 4 1 4 0 0 2 2 423 
886 16 1 0 104 1 4 0 0 104 0 424 
887 16 0 1 0 19 5 12 20 20 19 12 14 -0.0739247 8 923 924
888 16 1 0 6 1 4 0 6 0 0 436 
889 16 1 0 3 1 4 0 0 2 1 437 
890 16 0 1 0 18 4 17 13 25 22 19 12 -0.0757576 -77 925 926
891 16 1 0 5 1 4 3 1 1 0 442 
892 16 0 1 0 25 13 14 12 30 29 14 17 -0.0724766 9 927 928
893 16 1 0 11 1 4 0 0 0 11 494 
894 16 1 0 4 1 4 0 0 4 0 495 
895 16 0 1 0 31 21 16 15 34 29 18 13 -0.0131496 -53 929 930
896 16 1 0 2 1 4 0 0 2 0 549 
897 17 0 1 0 24 27 15 19 28 14 19 14 -0.00688256 13 931 932
898 17 1 0 3 1 4 0 1 0 2 48 
899 17 1 0 4 1 4 0 3 0 1 57 
900 17 1 0 10 1 4 0 0 0 10 58 
901 17 1 0 2 1 4 1 0 0 1 93 
902 17 0 1 0 10 30 16 18 14 25 14 16 -0.0384681 -23 933 934
903 17 1 0 25 1 4 25 0 0 0 120 
904 17 1 0 2 1 4 1 1 0 0 121 
905 17 1 0 2 1 4 1 1 0 0 123 
906 17 1 0 17 1 4 0 17 0 0 124 
907 17 0 1 0 1 8 14 13 4 17 20 16 -0.00331126 2 935 936
908 17 1 0 2 1 4 0 1 0 1 167 
909 17 0 1 0 8 31 16 19 27 20 13 14 -0.00909091 43 937 938
910 17 1 0 5 1 4 0 3 2 0 201 
911 17 1 0 5 1 4 5 0 0 0 209 
912 17 0 1 0 24 32 14 19 24 11 15 20 -0.0552581 5 939 940
913 17 0 1 0 5 15 12 15 3 33 14 19 -0.111111 -2 941 942
914 17 1 0 2 1 4 2 0 0 0 238 
915 17 1 0 3 1 4 0 3 0 0 239 
916 17 0 1 0 25 12 18 15 3 7 14 13 -0.0142857 62 943 944
917 17 1 0 2 1 4 0 0 1 1 242 
918 17 0 1 0 17 25 12 19 8 16 17 17 -0 -4 945 946
919 17 1 0 3 1 4 3 0 0 0 246 
920 17 0 1 0 12 9 12 20 32 14 17 14 -0.0178388 -1 947 948
921 17 0 1 0 8 23 15 12 4 16 14 13 -0.00909091 -1 949 950
922 17 1 0 2 1 4 1 1 0 0 261 
923 17 0 1 0 17 16 18 18 29 23 13 14 -0.0474138 43 951 952
924 17 1 0 2 1 4 0 2 0 0 435 
925 17 1 0 2 1 4 0 0 2 0 438 
926 17 0 1 0 17 14 17 13 20 13 19 19 -0 -6 953 954
927 17 0 1 0 21 33 13 19 15 30 17 19 -0.0548981 50 955 956
928 17 0 1 0 0 23 20 13 17 28 18 19 -0.717662 -56 957 958
929 17 1 0 6 1 4 0 4 2 0 546 
930 17 0 1 0 28 27 17 12 28 30 12 19 -0.00292398 -7 959 960
931 18 1 0 1720 1 4 0 0 0 1720 44 
932 18 0 1 0 24 15 19 13 26 19 13 17 -0.0770323 19 961 962
933 18 1 0 3 1 4 1 1 0 1 94 
934 18 0 1 0 5 26 19 12 2 27 20 13 -0.0348223 19 963 964
935 18 1 0 149 1 4 0 149 0 0 165 
936 18 1 0 2 1 4 1 1 0 0 166 
937 18 1 0 53 1 4 0 53 0 0 199 
938 18 1 0 2 1 4 1 1 0 0 200 
939 18 1 0 2 1 4 0 0 0 2 210 
940 18 0 1 0 27 29 14 17 28 30 17 19 -0.0534865 -1 965 966
941 18 1 0 2 1 4 0 1 0 1 236 
942 18 1 0 16 1 4 0 16 0 0 237 
943 18 1 0 33 1 4 33 0 0 0 240 
944 18 1 0 2 1 4 1 1 0 0 241 
945 18 1 0 2 1 4 2 0 0 0 243 
946 18 1 0 17 1 4 0 17 0 0 244 
947 18 1 0 2 1 4 0 0 2 0 247 
948 18 0 1 0 28 22 14 16 29 26 15 14 -0.00943396 0 967 968
949 18 1 0 2 1 4 1 1 0 0 259 
950 18 1 0 53 1 4 53 0 0 0 260 
951 18 0 1 0 20 7 14 13 17 4 15 12 -0.0323276 4 969 970
952 18 1 0 2 1 4 0 2 0 0 434 
953 18 1 0 2 1 4 2 0 0 0 439 
954 18 1 0 20 1 4 0 20 0 0 440 
955 18 0 1 0 0 26 15 14 25 6 16 12 -0.0527628 -39 971 972
956 18 1 0 5 1 4 0 5 0 0 489 
957 18 0 1 0 15 9 19 12 15 24 17 16 -0 -67 973 974
958 18 0 1 0 24 7 13 19 24 3 13 19 -0.0535714 9 975 976
959 18 1 0 2 1 4 1 1 0 0 547 
960 18 1 0 169 1 4 0 169 0 0 548 
961 19 1 0 4 1 4 0 2 1 1 45 
962 19 0 1 0 11 13 15 19 14 8 17 17 -0.0361446 -15 977 978
963 19 0 1 0 22 4 16 18 28 3 20 13 -0.0313053 6 979 980
964 19 1 0 4 1 4 2 1 0 1 117 
965 19 0 1 0 2 23 14 16 3 31 13 19 -0.0718566 -3 981 982
966 19 0 1 0 25 26 15 16 25 18 19 14 -0.044698 -3 983 984
967 19 1 0 51 1 4 0 51 0 0 248 
968 19 1 0 2 1 4 1 1 0 0 249 
969 19 1 0 50 1 4 0 0 50 0 432 
970 19 1 0 8 1 4 0 3 5 0 433 
971 19 1 0 3 1 4 2 0 1 0 443 
972 19 0 1 0 28 24 13 17 27 15 13 17 -0.0493169 -4 985 986
973 19 1 0 6 1 4 0 0 6 0 490 
974 19 1 0 5 1 4 0 0 0 5 491 
975 19 1 0 4 1 4 0 0 3 1 492 
976 19 1 0 10 1 4 10 0 0 0 493 
977 20 1 0 4 1 4 0 1 0 3 46 
978 20 1 0 79 1 4 0 0 0 79 47 
979 20 0 1 0 10 28 19 17 18 26 14 17 -0.137116 17 987 988
980 20 0 1 0 14 15 14 17 31 11 20 13 -0.0210373 -8 989 990
981 20 0 1 0 23 25 20 13 22 13 14 14 -0.0486486 24 991 992
982 20 0 1 0 1 26 19 20 0 18 19 18 -0.0120048 3 993 994
983 20 0 1 0 19 31 14 18 14 11 17 14 -0.521071 28 995 996
984 20 0 1 0 27 11 16 20 34 12 16 13 -0.0260675 -8 997 998
985 20 0 1 0 21 6 15 20 20 32 12 16 -0 -51 999 1000
986 20 0 1 0 25 15 18 14 11 10 17 15 -0.0461747 -18 1001 1002
987 21 0 1 0 2 33 13 20 19 20 17 19 -0.0534884 40 1003 1004
988 21 1 0 2 1 4 0 0 0 2 98 
989 21 1 0 4 1 4 2 1 1 0 99 
990 21 0 1 0 1 29 18 13 0 4 13 14 -0.0186356 9 1005 1006
991 21 1 0 17 1 4 17 0 0 0 211 
992 21 0 1 0 2 3 18 17 4 26 17 18 -0 -25 1007 1008
993 21 1 0 112 1 4 0 112 0 0 214 
994 21 1 0 7 1 4 2 5 0 0 215 
995 21 0 1 0 8 32 14 16 29 21 12 17 -0.210303 24 1009 1010
996 21 1 0 7 1 4 0 2 0 5 219 
997 21 1 0 2 1 4 2 0 0 0 220 
998 21 0 1 0 0 21 18 18 4 26 17 12 -0.024619 -6 1011 1012
999 21 1 0 9 1 4 0 0 0 9 444 
1000 21 1 0 6 1 4 0 0 6 0 445 
1001 21 1 0 2 1 4 1 1 0 0 446 
1002 21 0 1 0 30 29 16 15 32 29 18 12 -0.0440073 7 1013 1014
1003 22 0 1 0 4 20 16 13 2 16 16 20 -0 -25 1015 1016
1004 22 1 0 2 1 4 0 1 1 0 97 
1005 22 0 1 0 16 27 19 14 18 16 19 17 -0.188235 18 1017 1018
1006 22 0 1 0 23 3 14 14 21 2 17 15 -0.0129549 12 1019 1020
1007 22 1 0 2 1 4 2 0 0 0 212 
1008 22 1 0 18 1 4 0 18 0 0 213 
1009 22 0 1 0 8 12 20 18 12 9 17 16 -0 -5 1021 1022
1010 22 1 0 3 1 4 0 1 0 2 218 
1011 22 1 0 4 1 4 0 2 1 1 221 
1012 22 0 1 0 29 2 12 18 8 5 12 20 -0.0215035 41 1023 1024
1013 22 0 1 0 30 18 18 13 31 2 17 13 -0.0419479 -2 1025 1026
1014 22 1 0 8 1 4 0 0 2 6 488 
1015 23 1 0 2 1 4 0 2 0 0 95 
1016 23 1 0 41 1 4 41 0 0 0 96 
1017 23 0 1 0 0 18 13 19 29 27 14 16 -0.0294118 -75 1027 1028
1018 23 1 0 5 1 4 0 4 0 1 102 
1019 23 0 1 0 4 28 13 20 3 28 17 19 -0.0114823 -15 1029 1030
1020 23 1 0 2 1 4 1 0 1 0 116 
1021 23 1 0 19 1 4 0 19 0 0 216 
1022 23 1 0 3 1 4 3 0 0 0 217 
1023 23 0 1 0 22 11 13 13 27 24 15 15 -0.018661 37 1031 1032
1024 23 1 0 2 1 4 0 1 0 1 234 
1025 23 0 1 0 22 32 15 12 28 31 12 17 -0.0663236 25 1033 1034
1026 23 0 1 0 0 27 20 13 7 6 16 18 -0.0328441 7 1035 1036
1027 24 1 0 2 1 4 1 1 0 0 100 
1028 24 1 0 15 1 4 15 0 0 0 101 
1029 24 1 0 3 1 4 1 2 0 0 103 
1030 24 0 1 0 2 26 19 13 19 2 18 13 -0.0107098 63 1037 1038
1031 24 0 1 0 24 13 19 14 23 26 13 17 -0.014201 8 1039 1040
1032 24 1 0 7 1 4 0 5 0 2 233 
1033 24 0 1 0 22 24 18 16 26 15 19 15 -0.0188793 -5 1041 1042
1034 24 0 1 0 2 15 18 17 10 20 15 18 -0.0632045 -1 1043 1044
1035 24 0 1 0 29 27 12 15 26 19 19 12 -0.148778 -1 1045 1046
1036 24 0 1 0 28 25 17 14 25 20 13 15 -0.0228957 -2 1047 1048
1037 25 0 1 0 21 16 12 17 23 11 20 18 -0.00930931 -6 1049 1050
1038 25 1 0 8 1 4 5 3 0 0 115 
1039 25 0 1 0 29 27 16 14 28 18 12 18 -0.0122098 3 1051 1052
1040 25 1 0 4 1 4 2 2 0 0 232 
1041 25 1 0 6 1 4 0 3 3 0 447 
1042 25 0 1 0 6 31 14 16 23 27 18 17 -0.00396825 -53 1053 1054
1043 25 1 0 4 1 4 0 0 3 1 450 
1044 25 0 1 0 26 19 19 16 5 15 15 18 -0.0217391 -3 1055 1056
1045 25 0 1 0 28 12 13 13 18 25 13 15 -0.0357143 -14 1057 1058
1046 25 0 1 0 20 28 17 13 29 34 12 13 -0.118341 13 1059 1060
1047 25 0 1 0 2 6 16 15 11 11 14 14 -0.0909091 -8 1061 1062
1048 25 0 1 0 5 28 14 20 17 25 19 15 -0.0188126 -48 1063 1064
1049 26 1 0 3 1 4 2 0 1 0 104 
1050 26 0 1 0 14 28 14 17 8 31 14 12 -0.0077209 -18 1065 1066
1051 26 1 0 2 1 4 0 1 0 1 222 
1052 26 0 1 0 16 9 19 14 16 17 16 16 -0.0104167 19 1067 1068
1053 26 1 0 2 1 4 0 1 1 0 448 
1054 26 1 0 124 1 4 0 0 124 0 449 
1055 26 1 0 2 1 4 0 1 1 0 451 
1056 26 1 0 21 1 4 0 21 0 0 452 
1057 26 1 0 2 1 4 0 0 1 1 453 
1058 26 1 0 12 1 4 0 0 0 12 454 
1059 26 0 1 0 18 17 13 15 31 22 19 12 -0.0863095 1 1069 1070
1060 26 1 0 3 1 4 0 0 0 3 460 
1061 26 1 0 4 1 4 2 2 0 0 461 
1062 26 1 0 7 1 4 0 0 7 0 462 
1063 26 1 0 2 1 4 1 0 1 0 463 
1064 26 0 1 0 19 19 12 17 19 20 16 20 -0.0168881 11 1071 1072
1065 27 0 1 0 3 24 20 12 13 33 14 12 -0.45 -34 1073 1074
1066 27 0 1 0 12 31 13 17 27 32 13 17 -0.0038504 -61 1075 1076
1067 27 0 1 0 26 18 20 20 28 30 12 14 -0.00784401 0 1077 1078
1068 27 1 0 6 1 4 0 5 0 1 231 
1069 27 0 1 0 30 17 20 12 24 33 12 18 -0.0675381 -60 1079 1080
1070 27 1 0 2 1 4 0 0 0 2 459 
1071 27 0 1 0 18 19 19 20 20 17 13 15 -0.0162687 -4 1081 1082
1072 27 1 0 2 1 4 0 0 0 2 487 
1073 28 1 0 2 1 4 1 0 0 1 105 
1074 28 1 0 8 1 4 8 0 0 0 106 
1075 28 1 0 2 1 4 1 1 0 0 107 
1076 28 0 1 0 0 26 16 13 22 0 12 19 -0.00317725 -62 1083 1084
1077 28 0 1 0 1 35 12 13 0 31 14 19 -0.00720585 10 1085 1086
1078 28 1 0 2 1 4 1 1 0 0 230 
1079 28 1 0 3 1 4 0 2 1 0 455 
1080 28 0 1 0 16 18 19 16 19 18 13 20 -0.0387985 -4 1087 1088
1081 28 1 0 3 1 4 1 0 2 0 464 
1082 28 0 1 0 6 8 19 19 0 24 20 13 -0.0140389 1 1089 1090
1083 29 1 0 4 1 4 2 2 0 0 108 
1084 29 0 1 0 16 32 14 20 29 35 12 18 -0.00245938 46 1091 1092
1085 29 0 1 0 27 17 20 14 35 18 16 12 -0.00583436 -1 1093 1094
1086 29 1 0 9 1 4 2 7 0 0 229 
1087 29 1 0 4 1 4 0 2 2 0 456 
1088 29 0 1 0 29 10 19 16 30 11 17 13 -0.0106383 -2 1095 1096
1089 29 0 1 0 11 23 14 12 6 15 15 18 -0.0126032 -15 1097 1098
1090 29 1 0 2 1 4 1 0 1 0 486 
1091 30 0 1 0 24 2 19 16 21 4 12 12 -0.00128415 9 1099 1100
1092 30 0 1 0 29 24 15 13 14 1 20 19 -0 -4 1101 1102
1093 30 1 0 2 1 4 1 1 0 0 223 
1094 30 0 1 0 20 4 12 19 24 1 14 12 -0.00519806 -8 1103 1104
1095 30 1 0 2 1 4 0 0 1 1 457 
1096 30 1 0 45 1 4 0 0 45 0 458 
1097 30 1 0 4 1 4 0 2 2 0 465 
1098 30 0 1 0 23 17 18 19 21 16 15 19 -0.0116502 -5 1105 1106
1099 31 0 1 0 10 28 17 12 0 30 16 18 -0.000858632 47 1107 1108
1100 31 1 0 5 1 4 4 1 0 0 112 
1101 31 1 0 12 1 4 12 0 0 0 113 
1102 31 1 0 3 1 4 0 3 0 0 114 
1103 31 1 0 9 1 4 0 8 0 1 224 
1104 31 0 1 0 29 18 19 16 25 13 12 19 -0.00274153 -5 1109 1110
1105 31 1 0 4 1 4 0 0 2 2 466 
1106 31 0 1 0 12 7 14 12 23 10 19 19 -0.0108489 7 1111 1112
1107 32 1 0 2144 1 4 2144 0 0 0 109 
1108 32 0 1 0 17 27 17 16 19 27 19 12 -0.0333333 -1 1113 1114
1109 32 0 1 0 16 14 12 13 18 28 18 18 -0.0374883 -9 1115 1116
1110 32 1 0 1347 1 4 0 1347 0 0 228 
1111 32 0 1 0 31 33 12 16 25 19 17 12 -0.00827825 -17 1117 1118
1112 32 0 1 0 21 32 12 14 9 34 12 19 -0.0238095 9 1119 1120
1113 33 1 0 26 1 4 26 0 0 0 110 
1114 33 1 0 4 1 4 2 2 0 0 111 
1115 33 0 1 0 16 12 12 14 25 11 17 16 -0.181818 35 1121 1122
1116 33 1 0 86 1 4 0 86 0 0 227 
1117 33 1 0 7 1 4 0 3 4 0 467 
1118 33 0 1 0 4 5 15 20 1 29 18 16 -0.00720577 -160 1123 1124
1119 33 1 0 29 1 4 0 0 29 0 484 
1120 33 1 0 6 1 4 0 5 1 0 485 
1121 34 1 0 9 1 4 0 9 0 0 225 
1122 34 1 0 2 1 4 0 1 0 1 226 
1123 34 1 0 2 1 4 0 1 1 0 468 
1124 34 0 1 0 25 23 16 14 6 29 14 16 -0.00671617 57 1125 1126
1125 35 0 1 0 5 31 16 20 14 33 13 12 -0.0062251 -35 1127 1128
1126 35 1 0 2 1 4 0 0 1 1 483 
1127 36 1 0 2 1 4 0 0 1 1 469 
1128 36 0 1 0 7 11 20 18 2 24 18 16 -0.00573255 2 1129 1130
1129 37 0 1 0 9 19 15 16 10 16 12 17 -0.00523852 -3 1131 1132
1130 37 1 0 2 1 4 0 0 1 1 482 
1131 38 1 0 2 1 4 0 0 1 1 470 
1132 38 0 1 0 28 27 15 18 26 25 15 12 -0.00486788 -34 1133 1134
1133 39 1 0 4 1 4 0 0 3 1 471 
1134 39 0 1 0 21 19 14 14 21 15 19 12 -0.00425024 -7 1135 1136
1135 40 1 0 2 1 4 0 0 1 1 472 
1136 40 0 1 0 31 35 12 16 6 34 13 12 -0.00383875 -73 1137 1138
1137 41 1 0 3 1 4 0 1 2 0 473 
1138 41 0 1 0 28 25 12 12 11 0 12 14 -0.00341093 -3 1139 1140
1139 42 1 0 5 1 4 0 1 4 0 474 
1140 42 0 1 0 9 16 17 17 26 27 12 16 -0.00298228 -98 1141 1142
1141 43 0 1 0 34 32 15 12 21 20 13 13 -0.0333333 27 1143 1144
1142 43 0 1 0 9 8 14 19 8 10 14 16 -0.00247916 5 1145 1146
1143 44 1 0 2 1 4 0 0 1 1 475 
1144 44 1 0 13 1 4 0 0 13 0 476 
1145 44 0 1 0 1 32 14 15 33 25 20 12 -0.000499867 69 1147 1148
1146 44 0 1 0 18 31 15 19 9 22 15 17 -0.0540541 20 1149 1150
1147 45 1 0 1905 1 4 0 0 1905 0 477 
1148 45 0 1 0 5 10 13 15 2 21 14 15 -0.016129 -16 1151 1152
1149 45 1 0 2 1 4 1 0 1 0 480 
1150 45 1 0 35 1 4 0 0 35 0 481 
1151 46 1 0 29 1 4 0 0 29 0 478 
1152 46 1 0 2 1 4 0 1 1 0 479 
