-2147483648 -2147483648 data/trees_headpose/tree_003.txt
100 10 5000 30 30000 1 48 1 data/trees_headpose ./data/Cropped_HBO_Data_4view.txt
1 0
0 0 0 1 0 30 30 17 17 30 16 20 13 -0.959737 3 1 2
1 1 0 1 0 9 31 12 12 10 10 16 16 -0.779393 16 3 4
2 1 0 1 0 8 19 13 12 11 7 20 13 -0.692386 -5 5 6
3 2 0 1 0 14 32 15 13 15 30 16 16 -1.44101 1 7 8
4 2 0 1 0 18 31 15 16 23 31 16 16 -0.461676 6 9 10
5 2 0 1 0 0 31 15 15 2 25 12 18 -0.483748 4 11 12
6 2 0 1 0 3 16 14 18 2 24 19 16 -0.609358 5 13 14
7 3 0 1 0 14 24 15 19 15 15 16 12 -1.15994 22 15 16
8 3 0 1 0 31 7 17 14 28 15 18 19 -1.09527 0 17 18
9 3 0 1 0 18 21 12 18 14 5 14 18 -0.892494 42 19 20
10 3 0 1 0 14 29 15 12 21 8 12 18 -0.347058 3 21 22
11 3 0 1 0 10 23 19 13 6 13 19 16 -0.488065 34 23 24
12 3 0 1 0 8 31 16 20 30 33 14 16 -0.34987 71 25 26
13 3 0 1 0 13 17 14 14 16 11 19 12 -0.600298 -5 27 28
14 3 0 1 0 2 5 19 13 17 1 13 18 -0.222473 -27 29 30
15 4 0 1 0 13 18 12 14 3 5 19 15 -1.0805 8 31 32
16 4 0 1 0 0 21 15 13 1 24 18 14 -0.551655 -1 33 34
17 4 0 1 0 29 29 16 18 28 9 16 12 -0.799731 16 35 36
18 4 0 1 0 0 10 19 15 30 29 14 15 -0.86239 -8 37 38
19 4 0 1 0 20 14 19 16 31 20 18 14 -0.657565 -15 39 40
20 4 0 1 0 9 31 15 17 8 33 14 13 -0.551837 4 41 42
21 4 0 1 0 31 17 17 14 31 27 19 15 -1.28835 6 43 44
22 4 0 1 0 2 3 12 13 25 12 12 16 -0.259322 -1 45 46
23 4 0 1 0 4 27 14 12 2 28 17 14 -0.363924 -6 47 48
24 4 0 1 0 27 10 20 18 29 28 12 12 -0.742281 -30 49 50
25 4 0 1 0 27 15 16 17 21 9 12 18 -0.274515 -11 51 52
26 4 0 1 0 27 17 18 14 25 30 15 17 -0.79032 -27 53 54
27 4 0 1 0 21 22 13 13 18 32 15 12 -0.77857 -30 55 56
28 4 0 1 0 26 25 16 17 16 8 15 18 -0.449831 -18 57 58
29 4 0 1 0 3 24 15 17 28 31 16 12 -0 -64 59 60
30 4 0 1 0 19 10 13 12 7 19 20 19 -0.181899 3 61 62
31 5 0 1 0 9 28 18 13 9 19 13 17 -0.222279 4 63 64
32 5 0 1 0 11 27 18 14 8 10 13 18 -1.01306 19 65 66
33 5 1 0 7 1 4 3 3 0 1 34 
34 5 0 1 0 19 2 12 16 10 19 12 20 -0.268093 16 67 68
35 5 0 1 0 9 35 12 16 19 4 18 12 -0.645425 -8 69 70
36 5 0 1 0 21 13 17 18 26 14 18 14 -0.202941 2 71 72
37 5 1 0 20 1 4 20 0 0 0 55 
38 5 0 1 0 22 15 20 18 20 25 13 18 -0.705772 -2 73 74
39 5 0 1 0 6 26 20 19 20 25 19 12 -0.110204 -12 75 76
40 5 0 1 0 8 20 19 15 9 6 12 17 -0.561035 5 77 78
41 5 0 1 0 24 8 12 16 21 1 18 18 -0.460103 43 79 80
42 5 0 1 0 2 14 17 18 2 25 18 12 -0.107448 22 81 82
43 5 0 1 0 26 8 18 12 17 11 20 15 -0 -3 83 84
44 5 0 1 0 9 25 18 14 6 26 13 20 -0.999129 5 85 86
45 5 0 1 0 0 21 19 12 0 20 17 16 -0.198914 17 87 88
46 5 0 1 0 2 12 15 18 4 1 18 12 -0.652155 4 89 90
47 5 0 1 0 30 26 13 14 35 32 12 12 -0.173808 0 91 92
48 5 0 1 0 11 28 12 14 11 8 15 12 -0.345155 39 93 94
49 5 0 1 0 8 20 14 20 9 14 20 14 -0.78749 23 95 96
50 5 0 1 0 20 27 12 18 15 4 12 20 -0.339156 52 97 98
51 5 0 1 0 12 26 16 19 7 34 13 12 -0.142465 -39 99 100
52 5 0 1 0 14 13 14 20 10 35 12 19 -0.546511 -42 101 102
53 5 0 1 0 30 17 15 17 11 25 20 19 -0.184874 -100 103 104
54 5 0 1 0 17 25 15 16 14 26 18 20 -0.15 0 105 106
55 5 0 1 0 26 0 15 14 1 15 20 12 -0.557797 -8 107 108
56 5 0 1 0 11 24 17 12 1 24 20 17 -0.449446 41 109 110
57 5 0 1 0 7 23 17 14 11 12 18 13 -0.323344 -9 111 112
58 5 0 1 0 28 12 20 18 13 7 18 15 -0.404343 -10 113 114
59 5 1 0 6 1 4 0 6 0 0 527 
60 5 1 0 17 1 4 0 0 0 17 528 
61 5 0 1 0 9 17 12 13 5 3 16 14 -0.157502 3 115 116
62 5 0 1 0 3 31 13 12 1 30 13 15 -0.194221 1 117 118
63 6 0 1 0 13 21 16 13 2 13 15 16 -0.0441176 -1 119 120
64 6 0 1 0 25 12 13 17 29 0 19 14 -0.0416667 6 121 122
65 6 0 1 0 29 7 15 17 32 26 12 13 -0.48628 4 123 124
66 6 0 1 0 27 11 18 20 26 28 19 18 -1.36409 -7 125 126
67 6 0 1 0 22 33 14 12 25 18 19 15 -0.0767974 47 127 128
68 6 1 0 4 1 4 0 4 0 0 38 
69 6 0 1 0 3 29 13 12 2 8 19 20 -0.138095 -5 129 130
70 6 0 1 0 29 12 18 17 35 8 15 12 -0.491007 0 131 132
71 6 1 0 5 1 4 0 0 3 2 52 
72 6 0 1 0 13 22 15 20 0 23 19 12 -0 66 133 134
73 6 0 1 0 15 25 19 16 17 25 12 16 -0.0590813 9 135 136
74 6 0 1 0 13 3 14 20 12 6 20 20 -0.504128 -5 137 138
75 6 1 0 7 1 4 0 0 0 7 64 
76 6 0 1 0 20 27 20 19 5 18 18 16 -0.0714286 6 139 140
77 6 0 1 0 26 26 12 17 26 15 13 20 -0.180556 15 141 142
78 6 0 1 0 20 25 13 16 22 25 19 16 -0.240426 7 143 144
79 6 0 1 0 15 26 13 19 20 19 20 20 -0.322489 -2 145 146
80 6 1 0 9 1 4 8 0 1 0 82 
81 6 0 1 0 23 7 20 15 12 14 18 14 -0.0155896 3 147 148
82 6 1 0 2 1 4 0 2 0 0 86 
83 6 1 0 2 1 4 0 0 0 2 87 
84 6 1 0 20 1 4 20 0 0 0 88 
85 6 0 1 0 0 26 18 16 3 4 14 16 -0.106667 10 149 150
86 6 0 1 0 2 11 13 16 34 22 19 13 -0.260943 -60 151 152
87 6 0 1 0 34 31 16 12 34 28 13 12 -0.176035 23 153 154
88 6 0 1 0 26 19 13 20 28 3 15 15 -0.075 71 155 156
89 6 0 1 0 26 5 16 20 24 16 13 14 -0.33867 2 157 158
90 6 0 1 0 18 30 14 19 14 10 15 17 -0.306122 3 159 160
91 6 0 1 0 10 24 13 16 10 25 13 19 -0.0358879 -12 161 162
92 6 0 1 0 22 16 17 13 26 30 17 17 -0.103814 41 163 164
93 6 0 1 0 19 1 14 13 27 27 13 15 -0.315318 45 165 166
94 6 0 1 0 24 23 18 19 27 16 20 17 -0.294771 20 167 168
95 6 0 1 0 24 28 14 15 29 32 14 18 -0.673464 4 169 170
96 6 1 0 6 1 4 0 0 0 6 228 
97 6 0 1 0 5 13 13 18 6 6 15 17 -0.175254 22 171 172
98 6 1 0 8 1 4 1 4 0 3 233 
99 6 0 1 0 31 14 19 14 24 8 13 14 -0.331349 -45 173 174
100 6 0 1 0 34 33 14 13 29 28 16 16 -0.11109 -5 175 176
101 6 0 1 0 24 24 13 12 20 17 18 16 -0.514029 -2 177 178
102 6 0 1 0 34 24 18 13 30 20 16 13 -0.383961 3 179 180
103 6 0 1 0 21 14 17 17 16 6 19 17 -0 -23 181 182
104 6 1 0 4 1 4 0 0 0 4 309 
105 6 1 0 34 1 4 0 0 0 34 310 
106 6 1 0 6 1 4 2 3 0 1 311 
107 6 0 1 0 24 28 12 14 28 26 16 17 -0.208466 9 183 184
108 6 0 1 0 26 24 13 17 21 13 18 13 -0.266321 -7 185 186
109 6 0 1 0 17 3 20 14 8 2 18 12 -0.355981 20 187 188
110 6 0 1 0 14 14 19 17 13 27 20 15 -0.0888889 -4 189 190
111 6 1 0 8 1 4 4 3 0 1 346 
112 6 0 1 0 26 26 18 19 16 23 20 14 -0.203285 -27 191 192
113 6 0 1 0 13 33 14 12 13 10 19 19 -0.788604 35 193 194
114 6 0 1 0 2 30 16 13 3 18 20 15 -0.288757 -4 195 196
115 6 0 1 0 17 31 12 13 24 13 13 13 -0.14 59 197 198
116 6 0 1 0 1 32 15 12 0 24 16 17 -0.140748 3 199 200
117 6 0 1 0 16 11 18 18 4 29 14 19 -0.279243 6 201 202
118 6 0 1 0 7 30 14 18 9 10 12 14 -0 -14 203 204
119 7 1 0 13 1 4 0 0 13 0 0 
120 7 1 0 4 1 4 1 3 0 0 1 
121 7 1 0 2 1 4 0 0 1 1 2 
122 7 1 0 10 1 4 0 0 0 10 3 
123 7 0 1 0 25 21 14 19 25 15 13 17 -0.445725 -10 205 206
124 7 0 1 0 16 18 20 20 20 15 13 16 -0.216411 0 207 208
125 7 0 1 0 7 21 12 20 8 29 16 15 -0.957299 14 209 210
126 7 0 1 0 32 26 13 12 7 32 14 12 -0.653871 -26 211 212
127 7 0 1 0 10 11 12 12 13 0 12 16 -0.0416667 -13 213 214
128 7 1 0 3 1 4 0 3 0 0 37 
129 7 1 0 7 1 4 6 1 0 0 39 
130 7 1 0 5 1 4 0 0 1 4 40 
131 7 1 0 2 1 4 2 0 0 0 41 
132 7 0 1 0 29 29 16 15 23 23 15 14 -0.458712 1 215 216
133 7 1 0 9 1 4 9 0 0 0 53 
134 7 1 0 3 1 4 0 3 0 0 54 
135 7 1 0 8 1 4 7 1 0 0 56 
136 7 0 1 0 8 22 20 17 17 23 20 18 -0.0217391 29 217 218
137 7 0 1 0 21 31 13 19 21 16 13 16 -0.0217391 9 219 220
138 7 0 1 0 17 26 17 19 3 33 14 20 -0.195804 -9 221 222
139 7 1 0 2 1 4 1 0 1 0 65 
140 7 1 0 26 1 4 0 0 26 0 66 
141 7 1 0 6 1 4 0 0 2 4 67 
142 7 1 0 6 1 4 1 5 0 0 68 
143 7 0 1 0 1 10 18 12 4 11 18 15 -0.123724 -21 223 224
144 7 1 0 2 1 4 0 0 1 1 73 
145 7 0 1 0 24 30 16 20 26 18 13 18 -0 14 225 226
146 7 0 1 0 26 32 12 13 31 9 19 12 -0.243884 4 227 228
147 7 1 0 7 1 4 0 0 7 0 83 
148 7 0 1 0 8 11 18 16 20 0 12 14 -0.00892857 38 229 230
149 7 1 0 5 1 4 0 0 0 5 89 
150 7 0 1 0 8 13 20 12 5 9 13 19 -0 10 231 232
151 7 1 0 3 1 4 1 2 0 0 92 
152 7 0 1 0 31 19 19 15 25 20 18 13 -0.136364 -66 233 234
153 7 0 1 0 32 13 19 12 30 27 17 13 -0.142921 -8 235 236
154 7 0 1 0 1 27 20 15 2 26 12 18 -0.774603 17 237 238
155 7 0 1 0 1 17 19 12 16 17 14 17 -0.05 -22 239 240
156 7 1 0 2 1 4 0 0 0 2 131 
157 7 0 1 0 15 27 17 14 7 9 18 16 -0.111472 95 241 242
158 7 1 0 9 1 4 0 5 4 0 135 
159 7 0 1 0 25 25 17 20 31 0 19 13 -0 0 243 244
160 7 0 1 0 10 4 19 17 9 3 18 12 -0.0739269 5 245 246
161 7 1 0 7 1 4 0 7 0 0 141 
162 7 0 1 0 12 1 17 20 4 2 18 12 -0.0195918 64 247 248
163 7 0 1 0 25 31 16 19 25 29 13 19 -0.0175 17 249 250
164 7 1 0 3 1 4 0 0 0 3 148 
165 7 0 1 0 0 15 17 15 1 29 18 12 -0.295582 -3 251 252
166 7 1 0 9 1 4 1 0 0 8 214 
167 7 0 1 0 5 12 19 15 0 14 20 16 -0.0392157 -9 253 254
168 7 0 1 0 12 11 16 20 18 25 13 14 -0.0875 -25 255 256
169 7 0 1 0 10 24 12 16 14 32 13 13 -0.128788 -51 257 258
170 7 0 1 0 11 15 19 17 14 29 16 16 -0.463913 -13 259 260
171 7 0 1 0 9 18 17 18 8 8 18 13 -0.123195 18 261 262
172 7 1 0 2 1 4 0 2 0 0 232 
173 7 1 0 4 1 4 3 1 0 0 234 
174 7 0 1 0 27 12 14 18 20 18 12 20 -0.0625 -6 263 264
175 7 0 1 0 11 19 17 18 18 35 12 15 -0.455713 -30 265 266
176 7 0 1 0 3 1 20 17 10 17 12 19 -0.065104 -3 267 268
177 7 0 1 0 1 26 19 14 1 22 19 20 -0.187675 10 269 270
178 7 0 1 0 31 27 20 16 15 14 16 18 -0.378805 47 271 272
179 7 0 1 0 20 21 13 13 25 27 13 18 -0.416931 30 273 274
180 7 0 1 0 14 19 19 20 27 29 17 15 -0.18298 -29 275 276
181 7 1 0 6 1 4 6 0 0 0 307 
182 7 1 0 11 1 4 0 11 0 0 308 
183 7 1 0 7 1 4 0 0 5 2 312 
184 7 0 1 0 23 28 19 16 18 8 17 13 -0 14 277 278
185 7 0 1 0 30 5 18 15 19 2 14 17 -0.0661765 -88 279 280
186 7 0 1 0 22 18 20 20 26 22 13 14 -0.315887 10 281 282
187 7 0 1 0 21 2 20 14 29 2 18 15 -0.367901 14 283 284
188 7 0 1 0 26 25 17 15 8 28 12 17 -0.25338 -58 285 286
189 7 0 1 0 25 26 20 17 18 0 18 16 -0.0333333 107 287 288
190 7 1 0 3 1 4 1 2 0 0 345 
191 7 0 1 0 13 12 20 13 11 2 18 14 -0.0734386 81 289 290
192 7 1 0 5 1 4 3 0 1 1 351 
193 7 0 1 0 8 26 17 17 0 30 15 19 -0.74565 38 291 292
194 7 0 1 0 26 6 19 20 0 7 19 17 -0.591953 4 293 294
195 7 0 1 0 19 18 16 20 21 14 15 14 -0.462724 -1 295 296
196 7 0 1 0 12 30 17 12 2 33 12 18 -0.252997 32 297 298
197 7 0 1 0 9 25 19 17 22 10 14 20 -0 42 299 300
198 7 1 0 5 1 4 0 5 0 0 531 
199 7 0 1 0 10 2 12 14 2 7 18 19 -0.0941171 5 301 302
200 7 0 1 0 0 28 17 14 29 12 13 12 -0.348046 -23 303 304
201 7 1 0 2 1 4 0 0 1 1 574 
202 7 0 1 0 9 15 18 20 11 26 14 15 -0.186128 8 305 306
203 7 1 0 4 1 4 0 4 0 0 582 
204 7 1 0 77 1 4 77 0 0 0 583 
205 8 1 0 7 1 4 0 1 1 5 4 
206 8 0 1 0 11 4 15 18 7 18 17 17 -0.358652 -30 307 308
207 8 0 1 0 22 15 13 19 22 28 18 16 -0.0344086 -13 309 310
208 8 0 1 0 23 22 16 20 23 24 15 17 -0.185185 -6 311 312
209 8 0 1 0 8 34 13 13 9 11 18 16 -0.978075 3 313 314
210 8 0 1 0 23 19 12 16 28 0 15 15 -0 48 315 316
211 8 1 0 9 1 4 8 1 0 0 30 
212 8 0 1 0 3 23 20 12 32 34 13 15 -0.127671 -39 317 318
213 8 1 0 2 1 4 0 1 0 1 35 
214 8 1 0 46 1 4 0 0 0 46 36 
215 8 0 1 0 27 6 17 20 28 26 19 19 -0.405264 22 319 320
216 8 1 0 5 1 4 1 1 2 1 51 
217 8 1 0 21 1 4 0 21 0 0 57 
218 8 1 0 2 1 4 0 1 1 0 58 
219 8 1 0 21 1 4 0 0 0 21 59 
220 8 1 0 2 1 4 1 1 0 0 60 
221 8 0 1 0 23 14 13 20 28 28 17 14 -0 1 321 322
222 8 1 0 9 1 4 3 6 0 0 63 
223 8 1 0 8 1 4 1 6 1 0 69 
224 8 0 1 0 13 20 18 19 28 1 13 17 -0.0262321 -1 323 324
225 8 1 0 17 1 4 0 0 0 17 74 
226 8 1 0 3 1 4 0 0 3 0 75 
227 8 1 0 4 1 4 3 0 1 0 76 
228 8 0 1 0 16 15 19 15 17 9 18 13 -0.129341 12 325 326
229 8 1 0 54 1 4 0 0 0 54 84 
230 8 1 0 2 1 4 0 0 1 1 85 
231 8 1 0 8 1 4 8 0 0 0 90 
232 8 1 0 2 1 4 0 2 0 0 91 
233 8 1 0 2 1 4 1 0 0 1 93 
234 8 1 0 31 1 4 0 0 0 31 94 
235 8 0 1 0 7 13 15 15 13 30 16 14 -0.547113 -52 327 328
236 8 0 1 0 6 27 17 13 0 30 15 20 -0.0671487 -13 329 330
237 8 0 1 0 0 25 12 15 15 35 12 16 -0.380952 -70 331 332
238 8 1 0 9 1 4 9 0 0 0 128 
239 8 1 0 8 1 4 8 0 0 0 129 
240 8 1 0 2 1 4 1 1 0 0 130 
241 8 0 1 0 0 31 14 15 6 26 15 14 -0.0340136 5 333 334
242 8 1 0 2 1 4 1 1 0 0 134 
243 8 1 0 3 1 4 0 3 0 0 136 
244 8 1 0 9 1 4 0 0 0 9 137 
245 8 0 1 0 12 30 17 18 24 24 19 14 -0 11 335 336
246 8 1 0 3 1 4 3 0 0 0 140 
247 8 0 1 0 17 14 20 12 11 19 17 20 -0.0102041 9 337 338
248 8 1 0 2 1 4 0 2 0 0 144 
249 8 0 1 0 17 22 20 15 7 5 12 16 -0.01 26 339 340
250 8 1 0 6 1 4 6 0 0 0 147 
251 8 0 1 0 14 32 13 17 18 26 20 18 -0.552323 23 341 342
252 8 0 1 0 0 13 16 18 1 26 19 17 -0.211728 -7 343 344
253 8 1 0 3 1 4 0 1 2 0 215 
254 8 1 0 14 1 4 0 0 0 14 216 
255 8 1 0 8 1 4 0 7 1 0 217 
256 8 1 0 2 1 4 2 0 0 0 218 
257 8 1 0 2 1 4 0 0 1 1 219 
258 8 0 1 0 27 16 14 16 30 12 13 15 -0 47 345 346
259 8 0 1 0 17 18 12 13 19 14 20 15 -0.305151 -3 347 348
260 8 1 0 4 1 4 0 0 0 4 227 
261 8 1 0 3 1 4 0 2 0 1 229 
262 8 0 1 0 6 12 19 12 5 13 13 18 -0.0650407 -29 349 350
263 8 1 0 6 1 4 0 0 0 6 235 
264 8 1 0 8 1 4 0 1 7 0 236 
265 8 0 1 0 19 25 12 15 20 2 17 13 -0.412088 -1 351 352
266 8 0 1 0 30 33 14 14 9 4 15 18 -0.0598266 -26 353 354
267 8 0 1 0 21 17 14 14 26 22 19 17 -0.0608952 -19 355 356
268 8 1 0 4 1 4 0 0 4 0 269 
269 8 0 1 0 23 10 15 16 4 12 15 17 -0.0294118 8 357 358
270 8 1 0 4 1 4 1 0 3 0 272 
271 8 0 1 0 20 28 19 12 10 17 18 14 -0.304655 20 359 360
272 8 0 1 0 17 1 13 16 2 4 15 18 -0.130303 13 361 362
273 8 0 1 0 24 13 13 16 15 15 12 13 -0.380523 14 363 364
274 8 0 1 0 19 14 19 12 7 26 19 18 -0.177083 16 365 366
275 8 0 1 0 3 30 12 17 20 21 20 20 -0.153509 -17 367 368
276 8 0 1 0 33 11 12 14 9 13 19 14 -0.119044 -137 369 370
277 8 1 0 14 1 4 14 0 0 0 313 
278 8 1 0 6 1 4 0 6 0 0 314 
279 8 1 0 2 1 4 1 0 0 1 315 
280 8 1 0 66 1 4 0 0 0 66 316 
281 8 0 1 0 21 28 19 15 18 22 12 13 -0.220551 28 371 372
282 8 1 0 8 1 4 0 0 1 7 321 
283 8 0 1 0 25 22 14 20 29 20 17 12 -0.146154 -7 373 374
284 8 0 1 0 24 21 13 18 11 31 16 14 -0 -12 375 376
285 8 1 0 3 1 4 0 0 0 3 327 
286 8 0 1 0 21 7 12 12 26 29 13 13 -0.206218 -33 377 378
287 8 1 0 13 1 4 0 0 0 13 343 
288 8 1 0 2 1 4 0 0 1 1 344 
289 8 0 1 0 1 28 19 14 4 30 15 19 -0.0464775 -2 379 380
290 8 1 0 2 1 4 2 0 0 0 350 
291 8 0 1 0 6 18 19 13 3 1 15 19 -0.514185 79 381 382
292 8 1 0 6 1 4 0 0 0 6 363 
293 8 0 1 0 27 27 20 13 30 30 15 15 -0.312545 8 383 384
294 8 0 1 0 11 27 19 14 19 17 16 16 -0.666134 7 385 386
295 8 0 1 0 3 23 12 16 24 19 20 19 -0.171154 8 387 388
296 8 0 1 0 24 27 18 14 24 27 17 20 -0.327026 11 389 390
297 8 0 1 0 13 4 12 19 1 12 18 20 -0.203379 11 391 392
298 8 0 1 0 24 8 17 18 9 11 16 13 -0.314836 14 393 394
299 8 1 0 7 1 4 0 0 7 0 529 
300 8 1 0 3 1 4 0 0 0 3 530 
301 8 0 1 0 13 5 18 18 20 31 16 14 -0.0845951 -19 395 396
302 8 1 0 6 1 4 0 2 2 2 562 
303 8 1 0 4 1 4 0 0 1 3 563 
304 8 0 1 0 15 34 13 19 14 17 20 13 -0.263564 27 397 398
305 8 0 1 0 22 27 18 13 23 21 14 13 -0.120202 14 399 400
306 8 0 1 0 24 10 17 14 28 7 19 15 -0 17 401 402
307 9 1 0 11 1 4 11 0 0 0 5 
308 9 0 1 0 13 21 16 15 11 12 15 16 -0.305401 16 403 404
309 9 1 0 5 1 4 0 4 0 1 15 
310 9 1 0 88 1 4 88 0 0 0 16 
311 9 1 0 9 1 4 2 7 0 0 17 
312 9 1 0 3 1 4 0 0 1 2 18 
313 9 0 1 0 25 4 18 14 26 2 20 20 -0.0454545 -1 405 406
314 9 0 1 0 26 22 17 17 30 27 20 13 -0.607481 24 407 408
315 9 1 0 3 1 4 0 3 0 0 28 
316 9 1 0 24 1 4 24 0 0 0 29 
317 9 1 0 7 1 4 1 6 0 0 31 
318 9 0 1 0 12 18 14 17 23 31 14 13 -0.0666667 19 409 410
319 9 0 1 0 25 24 18 20 25 29 14 13 -0.326642 7 411 412
320 9 1 0 4 1 4 2 0 0 2 50 
321 9 1 0 3 1 4 0 3 0 0 61 
322 9 1 0 10 1 4 0 0 10 0 62 
323 9 1 0 3 1 4 0 3 0 0 70 
324 9 0 1 0 19 20 16 16 17 28 16 14 -0.0147059 14 413 414
325 9 1 0 2 1 4 1 1 0 0 77 
326 9 0 1 0 12 5 16 14 18 5 17 14 -0.059322 -18 415 416
327 9 0 1 0 12 17 12 17 12 6 17 17 -0.387474 1 417 418
328 9 0 1 0 26 19 13 20 26 25 13 13 -0.627083 -24 419 420
329 9 1 0 7 1 4 3 0 2 2 106 
330 9 0 1 0 1 18 17 13 1 18 19 14 -0.0536829 2 421 422
331 9 1 0 16 1 4 0 0 0 16 126 
332 9 1 0 5 1 4 3 0 1 1 127 
333 9 1 0 35 1 4 0 0 0 35 132 
334 9 1 0 7 1 4 0 0 5 2 133 
335 9 1 0 3 1 4 0 0 3 0 138 
336 9 1 0 31 1 4 0 31 0 0 139 
337 9 1 0 4 1 4 2 2 0 0 142 
338 9 1 0 94 1 4 94 0 0 0 143 
339 9 1 0 2 1 4 1 1 0 0 145 
340 9 1 0 48 1 4 0 48 0 0 146 
341 9 0 1 0 27 30 16 14 32 33 14 14 -0.386651 18 423 424
342 9 0 1 0 17 12 20 20 20 6 20 13 -0.505263 2 425 426
343 9 0 1 0 24 2 18 15 28 21 14 12 -0.53644 -2 427 428
344 9 0 1 0 15 23 13 13 23 28 13 13 -0.15748 33 429 430
345 9 1 0 19 1 4 19 0 0 0 220 
346 9 1 0 3 1 4 0 3 0 0 221 
347 9 1 0 9 1 4 0 4 1 4 222 
348 9 0 1 0 18 16 16 13 17 20 16 13 -0.0745614 2 431 432
349 9 1 0 6 1 4 0 2 0 4 230 
350 9 1 0 76 1 4 0 0 0 76 231 
351 9 1 0 8 1 4 0 2 0 6 237 
352 9 0 1 0 0 4 14 19 2 12 12 17 -0.291855 7 433 434
353 9 1 0 3 1 4 0 2 0 1 245 
354 9 0 1 0 16 26 12 19 30 19 14 16 -0.00862069 111 435 436
355 9 1 0 8 1 4 3 2 2 1 248 
356 9 0 1 0 23 30 17 12 17 20 19 16 -0.0541015 50 437 438
357 9 1 0 2 1 4 0 0 1 1 270 
358 9 1 0 15 1 4 0 0 0 15 271 
359 9 1 0 9 1 4 9 0 0 0 273 
360 9 0 1 0 11 23 19 19 16 21 14 16 -0.260517 -16 439 440
361 9 0 1 0 3 9 20 18 29 27 13 15 -0 -126 441 442
362 9 1 0 3 1 4 1 2 0 0 284 
363 9 0 1 0 32 6 13 13 10 6 17 14 -0.253555 -1 443 444
364 9 0 1 0 22 3 18 16 6 22 19 19 -0 48 445 446
365 9 1 0 4 1 4 0 3 0 1 294 
366 9 0 1 0 26 28 19 17 25 29 16 15 -0.0313333 -10 447 448
367 9 0 1 0 29 26 19 13 28 16 20 18 -0 34 449 450
368 9 1 0 5 1 4 0 0 5 0 301 
369 9 1 0 2 1 4 0 0 2 0 302 
370 9 0 1 0 26 6 16 14 19 6 16 20 -0.0914734 -1 451 452
371 9 1 0 2 1 4 0 0 0 2 317 
372 9 0 1 0 25 15 13 13 28 16 14 17 -0.0482456 6 453 454
373 9 1 0 2 1 4 1 1 0 0 322 
374 9 0 1 0 1 21 20 12 22 7 18 17 -0 -12 455 456
375 9 1 0 6 1 4 6 0 0 0 325 
376 9 1 0 6 1 4 0 6 0 0 326 
377 9 0 1 0 33 9 20 12 25 35 12 16 -0.304409 -73 457 458
378 9 0 1 0 20 26 19 14 12 3 16 16 -0.137997 6 459 460
379 9 0 1 0 19 0 12 16 17 0 17 20 -0.010929 -25 461 462
380 9 1 0 3 1 4 1 0 1 1 349 
381 9 0 1 0 27 25 18 19 18 6 16 16 -0.405155 -15 463 464
382 9 0 1 0 9 19 18 20 30 23 17 16 -0.140625 57 465 466
383 9 0 1 0 17 18 15 16 17 12 15 12 -0.291468 -10 467 468
384 9 0 1 0 23 25 19 20 14 11 13 16 -0.206024 32 469 470
385 9 0 1 0 18 26 13 14 16 15 16 14 -0.241667 17 471 472
386 9 0 1 0 6 21 14 14 2 26 15 13 -0.364746 -6 473 474
387 9 0 1 0 29 27 19 18 8 24 19 18 -0.025 16 475 476
388 9 1 0 6 1 4 0 4 1 1 401 
389 9 0 1 0 25 2 15 17 22 1 13 14 -0.286561 -20 477 478
390 9 0 1 0 21 3 13 12 5 21 12 15 -0.0338983 -1 479 480
391 9 0 1 0 17 18 14 12 11 29 15 12 -0.163035 7 481 482
392 9 0 1 0 13 34 13 19 21 14 20 13 -0.446179 26 483 484
393 9 0 1 0 19 13 18 14 17 19 16 20 -0.344408 -11 485 486
394 9 0 1 0 20 22 16 19 23 13 13 15 -0.0784539 44 487 488
395 9 0 1 0 19 30 17 18 16 5 20 15 -0.0733478 8 489 490
396 9 0 1 0 1 30 13 19 22 5 19 16 -0.093254 6 491 492
397 9 0 1 0 27 30 16 15 29 31 16 16 -0.221581 9 493 494
398 9 0 1 0 23 12 19 14 27 15 17 20 -0.028463 -8 495 496
399 9 0 1 0 23 2 19 18 7 3 17 14 -0.0277778 -19 497 498
400 9 0 1 0 32 26 19 14 25 23 16 17 -0.0429293 2 499 500
401 9 1 0 2 1 4 0 0 2 0 580 
402 9 1 0 21 1 4 0 21 0 0 581 
403 10 0 1 0 1 12 20 13 4 20 15 12 -0.223327 -19 501 502
404 10 1 0 4 1 4 0 0 2 2 14 
405 10 1 0 2 1 4 1 1 0 0 19 
406 10 1 0 9 1 4 0 0 0 9 20 
407 10 0 1 0 5 20 12 14 28 6 19 19 -0.372159 25 503 504
408 10 1 0 4 1 4 0 0 0 4 27 
409 10 1 0 28 1 4 0 0 0 28 32 
410 10 1 0 2 1 4 0 1 0 1 33 
411 10 0 1 0 21 16 13 16 17 12 19 16 -0.284569 -29 505 506
412 10 1 0 3 1 4 1 0 2 0 49 
413 10 1 0 32 1 4 32 0 0 0 71 
414 10 1 0 2 1 4 1 1 0 0 72 
415 10 1 0 8 1 4 0 0 2 6 78 
416 10 0 1 0 10 25 14 16 26 31 12 12 -0.0290116 -45 507 508
417 10 1 0 5 1 4 1 4 0 0 95 
418 10 0 1 0 1 29 12 13 6 23 16 15 -0.342352 24 509 510
419 10 1 0 8 1 4 0 2 1 5 103 
420 10 0 1 0 9 27 16 18 12 8 19 15 -0.111111 28 511 512
421 10 0 1 0 3 18 18 16 4 33 14 12 -0.0466999 19 513 514
422 10 1 0 6 1 4 2 2 0 2 125 
423 10 0 1 0 5 11 15 13 4 7 12 17 -0.328091 -15 515 516
424 10 0 1 0 25 8 17 16 22 31 14 15 -0.143763 -41 517 518
425 10 0 1 0 4 8 18 14 11 26 12 13 -0.2 -40 519 520
426 10 1 0 9 1 4 2 6 0 1 164 
427 10 0 1 0 12 24 15 20 16 33 14 17 -0.377249 -8 521 522
428 10 0 1 0 27 6 20 15 30 6 16 15 -0.0438596 1 523 524
429 10 0 1 0 23 30 12 20 28 2 12 19 -0.136904 19 525 526
430 10 0 1 0 0 10 19 15 5 17 20 12 -0.145929 -23 527 528
431 10 0 1 0 8 8 16 19 19 30 14 18 -0.0458333 -32 529 530
432 10 1 0 6 1 4 5 1 0 0 226 
433 10 0 1 0 25 34 12 14 28 21 19 19 -0.191634 49 531 532
434 10 1 0 2 1 4 0 0 0 2 244 
435 10 1 0 56 1 4 56 0 0 0 246 
436 10 1 0 2 1 4 1 1 0 0 247 
437 10 0 1 0 0 29 17 12 0 25 16 14 -0.0516594 5 533 534
438 10 1 0 7 1 4 0 7 0 0 268 
439 10 1 0 2 1 4 0 0 0 2 274 
440 10 0 1 0 27 2 18 15 23 15 20 16 -0.208409 -11 535 536
441 10 1 0 3 1 4 0 0 0 3 282 
442 10 1 0 19 1 4 0 0 19 0 283 
443 10 0 1 0 30 22 15 17 24 10 16 14 -0.147853 -28 537 538
444 10 1 0 9 1 4 0 1 3 5 291 
445 10 1 0 15 1 4 15 0 0 0 292 
446 10 1 0 3 1 4 0 3 0 0 293 
447 10 0 1 0 1 7 13 19 15 31 15 19 -0.05 -100 539 540
448 10 0 1 0 1 23 18 19 4 4 12 16 -0.01 2 541 542
449 10 1 0 5 1 4 5 0 0 0 299 
450 10 1 0 14 1 4 0 14 0 0 300 
451 10 0 1 0 0 22 16 14 0 25 20 13 -0.0333983 0 543 544
452 10 1 0 4 1 4 2 0 1 1 306 
453 10 0 1 0 10 1 14 17 26 25 17 17 -0.0416667 -17 545 546
454 10 1 0 7 1 4 0 7 0 0 320 
455 10 1 0 2 1 4 0 0 0 2 323 
456 10 1 0 11 1 4 0 0 11 0 324 
457 10 0 1 0 24 0 14 12 14 8 19 14 -0.202222 1 547 548
458 10 0 1 0 24 33 12 12 20 34 13 19 -0 5 549 550
459 10 1 0 2 1 4 0 0 1 1 334 
460 10 0 1 0 1 27 20 17 11 25 18 16 -0.115462 -36 551 552
461 10 1 0 2 1 4 0 1 0 1 347 
462 10 1 0 181 1 4 0 0 0 181 348 
463 10 1 0 2 1 4 0 0 0 2 352 
464 10 0 1 0 5 22 19 16 15 9 17 18 -0.303236 26 553 554
465 10 0 1 0 29 6 12 17 17 19 17 18 -0 -97 555 556
466 10 1 0 4 1 4 0 4 0 0 362 
467 10 1 0 9 1 4 0 0 0 9 364 
468 10 0 1 0 9 22 17 19 10 13 15 12 -0.189134 -3 557 558
469 10 0 1 0 15 13 20 18 20 27 20 13 -0.124961 -10 559 560
470 10 0 1 0 6 32 13 13 20 26 19 17 -0.14968 -4 561 562
471 10 0 1 0 15 0 20 15 23 2 15 13 -0.05 15 563 564
472 10 1 0 2 1 4 0 1 0 1 390 
473 10 0 1 0 23 1 18 15 30 34 12 15 -0.16371 -61 565 566
474 10 0 1 0 30 17 20 13 25 8 12 16 -0.212793 23 567 568
475 10 1 0 18 1 4 18 0 0 0 399 
476 10 1 0 2 1 4 1 1 0 0 400 
477 10 1 0 4 1 4 4 0 0 0 402 
478 10 0 1 0 20 15 15 15 2 23 12 12 -0.187991 22 569 570
479 10 0 1 0 10 3 16 17 35 16 12 12 -0.0259968 14 571 572
480 10 1 0 2 1 4 0 0 0 2 413 
481 10 0 1 0 1 27 20 15 32 32 15 15 -0.127791 -91 573 574
482 10 0 1 0 15 31 16 14 30 31 16 14 -0.58496 -1 575 576
483 10 0 1 0 25 32 13 19 14 33 14 18 -0.127294 4 577 578
484 10 0 1 0 31 24 20 13 28 17 20 19 -0.147368 15 579 580
485 10 0 1 0 5 26 20 12 4 16 18 19 -0.264952 9 581 582
486 10 0 1 0 19 16 13 13 16 26 19 18 -0.16055 -53 583 584
487 10 0 1 0 35 25 20 12 22 14 20 16 -0.0188537 68 585 586
488 10 0 1 0 25 16 18 18 19 31 12 13 -0.11553 -66 587 588
489 10 1 0 2 1 4 0 0 0 2 532 
490 10 0 1 0 13 15 17 19 22 27 20 14 -0.0688631 21 589 590
491 10 1 0 4 1 4 0 3 1 0 559 
492 10 0 1 0 29 11 13 18 34 14 17 13 -0.0357143 3 591 592
493 10 0 1 0 14 27 15 17 9 32 14 17 -0.0672652 -16 593 594
494 10 0 1 0 30 12 13 17 27 5 13 19 -0.0752688 6 595 596
495 10 1 0 3 1 4 0 0 3 0 571 
496 10 0 1 0 15 16 20 20 25 22 12 17 -0.016129 53 597 598
497 10 1 0 2 1 4 1 1 0 0 575 
498 10 1 0 16 1 4 16 0 0 0 576 
499 10 0 1 0 10 25 20 16 15 0 18 20 -0.0277778 83 599 600
500 10 1 0 4 1 4 4 0 0 0 579 
501 11 1 0 5 1 4 0 1 2 2 6 
502 11 0 1 0 3 5 16 15 0 7 13 17 -0.131165 0 601 602
503 11 0 1 0 5 7 18 15 0 33 14 12 -0.2125 0 603 604
504 11 1 0 4 1 4 0 0 2 2 26 
505 11 1 0 5 1 4 2 0 0 3 42 
506 11 0 1 0 31 21 12 14 31 17 20 16 -0.20197 -2 605 606
507 11 1 0 2 1 4 0 0 1 1 79 
508 11 0 1 0 6 23 16 14 12 9 16 20 -0.0102041 25 607 608
509 11 0 1 0 23 29 15 20 24 29 17 19 -0.247585 -1 609 610
510 11 1 0 2 1 4 1 1 0 0 102 
511 11 1 0 6 1 4 6 0 0 0 104 
512 11 1 0 6 1 4 0 4 2 0 105 
513 11 0 1 0 10 30 13 19 18 9 18 17 -0.0442791 -21 611 612
514 11 1 0 3 1 4 0 1 2 0 124 
515 11 0 1 0 16 23 13 13 17 19 16 16 -0.236538 10 613 614
516 11 0 1 0 28 29 17 17 23 35 12 12 -0.181779 7 615 616
517 11 0 1 0 30 27 12 13 26 21 20 14 -0.0631882 -4 617 618
518 11 1 0 3 1 4 0 0 1 2 161 
519 11 1 0 8 1 4 0 0 0 8 162 
520 11 1 0 2 1 4 0 1 0 1 163 
521 11 0 1 0 0 24 13 14 10 30 14 15 -0.29386 -34 619 620
522 11 1 0 3 1 4 0 0 0 3 170 
523 11 1 0 6 1 4 0 1 5 0 171 
524 11 1 0 13 1 4 0 0 0 13 172 
525 11 0 1 0 5 31 13 19 10 11 19 17 -0.235714 -16 621 622
526 11 0 1 0 21 25 20 12 5 7 19 17 -0.116015 120 623 624
527 11 1 0 3 1 4 0 2 0 1 211 
528 11 0 1 0 13 24 18 18 17 16 20 15 -0 21 625 626
529 11 0 1 0 28 1 14 14 8 21 20 16 -0.0166667 -43 627 628
530 11 1 0 2 1 4 1 1 0 0 225 
531 11 0 1 0 17 2 13 18 15 0 13 17 -0.0676329 7 629 630
532 11 0 1 0 20 17 19 12 19 35 12 18 -0.115149 -3 631 632
533 11 0 1 0 14 28 16 12 15 8 12 20 -0.19135 39 633 634
534 11 0 1 0 6 27 19 14 9 28 12 12 -0.0182596 34 635 636
535 11 0 1 0 12 30 17 17 12 5 12 12 -0.159963 122 637 638
536 11 1 0 8 1 4 0 1 7 0 281 
537 11 1 0 2 1 4 0 0 0 2 285 
538 11 0 1 0 4 14 16 17 0 6 15 17 -0.0982934 -6 639 640
539 11 1 0 2 1 4 1 1 0 0 295 
540 11 1 0 8 1 4 0 8 0 0 296 
541 11 1 0 2 1 4 1 1 0 0 297 
542 11 1 0 48 1 4 48 0 0 0 298 
543 11 0 1 0 18 26 17 17 14 15 19 18 -0.00510204 25 641 642
544 11 1 0 3 1 4 1 1 0 1 305 
545 11 1 0 10 1 4 0 0 10 0 318 
546 11 1 0 2 1 4 0 1 1 0 319 
547 11 0 1 0 9 4 14 15 18 11 13 15 -0.0727273 -89 643 644
548 11 1 0 2 1 4 0 0 1 1 331 
549 11 1 0 11 1 4 11 0 0 0 332 
550 11 1 0 4 1 4 0 4 0 0 333 
551 11 0 1 0 24 17 18 14 21 1 19 13 -0.342857 8 645 646
552 11 0 1 0 25 34 13 19 7 32 12 17 -0.0724669 -35 647 648
553 11 0 1 0 20 13 13 13 20 29 13 12 -0.172468 12 649 650
554 11 1 0 9 1 4 1 4 3 1 359 
555 11 1 0 9 1 4 0 0 9 0 360 
556 11 1 0 3 1 4 0 0 0 3 361 
557 11 1 0 6 1 4 4 2 0 0 365 
558 11 0 1 0 15 9 15 12 12 35 12 15 -0.129682 -41 651 652
559 11 0 1 0 29 22 14 14 18 5 16 12 -0.107458 -29 653 654
560 11 1 0 2 1 4 0 0 0 2 381 
561 11 0 1 0 8 11 20 14 15 13 16 18 -0.0277778 -11 655 656
562 11 0 1 0 0 19 17 19 6 24 12 14 -0.100566 -17 657 658
563 11 1 0 8 1 4 8 0 0 0 388 
564 11 1 0 2 1 4 1 1 0 0 389 
565 11 0 1 0 22 32 14 20 14 35 12 14 -0.0354938 1 659 660
566 11 1 0 7 1 4 3 4 0 0 394 
567 11 0 1 0 16 10 12 12 29 27 20 16 -0.0988095 25 661 662
568 11 1 0 7 1 4 0 3 2 2 398 
569 11 0 1 0 25 30 17 20 31 29 17 12 -0.103596 6 663 664
570 11 1 0 7 1 4 0 0 0 7 409 
571 11 0 1 0 17 19 19 17 22 15 20 18 -0.00909091 0 665 666
572 11 1 0 2 1 4 0 1 1 0 412 
573 11 0 1 0 25 34 12 16 20 27 18 15 -0 57 667 668
574 11 0 1 0 25 12 19 18 28 24 12 14 -0.12252 7 669 670
575 11 0 1 0 25 8 16 19 0 11 13 18 -0.332251 22 671 672
576 11 0 1 0 7 0 15 16 3 5 16 16 -0.203704 1 673 674
577 11 0 1 0 19 20 16 15 0 21 16 20 -0.0571429 69 675 676
578 11 1 0 6 1 4 0 2 4 0 498 
579 11 1 0 6 1 4 0 0 0 6 499 
580 11 0 1 0 0 15 12 13 2 15 12 18 -0 -2 677 678
581 11 0 1 0 17 29 18 15 24 14 13 18 -0.283838 58 679 680
582 11 0 1 0 21 21 14 16 29 19 20 13 -0.167284 33 681 682
583 11 0 1 0 28 24 12 15 33 2 13 14 -0.084127 6 683 684
584 11 0 1 0 33 16 13 13 9 25 17 15 -0 -12 685 686
585 11 0 1 0 0 5 15 16 1 8 17 13 -0 -2 687 688
586 11 1 0 2 1 4 0 0 2 0 523 
587 11 1 0 8 1 4 0 0 1 7 524 
588 11 0 1 0 4 25 12 14 24 9 20 19 -0 -36 689 690
589 11 0 1 0 14 12 16 20 16 6 17 14 -0.0632938 -8 691 692
590 11 1 0 9 1 4 7 2 0 0 558 
591 11 1 0 12 1 4 12 0 0 0 560 
592 11 1 0 2 1 4 1 1 0 0 561 
593 11 1 0 2 1 4 0 0 1 1 564 
594 11 0 1 0 5 12 14 18 11 0 14 12 -0.0316755 16 693 694
595 11 0 1 0 2 27 14 12 30 20 12 15 -0 68 695 696
596 11 1 0 5 1 4 5 0 0 0 570 
597 11 1 0 29 1 4 0 29 0 0 572 
598 11 1 0 2 1 4 1 1 0 0 573 
599 11 1 0 16 1 4 0 16 0 0 577 
600 11 1 0 2 1 4 1 1 0 0 578 
601 12 0 1 0 8 14 12 14 6 28 16 16 -0.0454545 10 697 698
602 12 0 1 0 16 31 16 20 0 6 12 13 -0.0839478 19 699 700
603 12 0 1 0 32 15 18 15 34 22 15 12 -0 -5 701 702
604 12 0 1 0 15 15 18 13 4 27 12 18 -0.172727 33 703 704
605 12 1 0 6 1 4 2 0 0 4 43 
606 12 0 1 0 26 16 17 18 29 32 13 13 -0.1177 0 705 706
607 12 1 0 2 1 4 0 1 1 0 80 
608 12 1 0 47 1 4 0 0 47 0 81 
609 12 0 1 0 21 11 12 20 23 19 19 16 -0.0694444 -14 707 708
610 12 0 1 0 32 31 13 12 27 30 13 19 -0.119601 -27 709 710
611 12 1 0 2 1 4 1 0 0 1 107 
612 12 0 1 0 14 6 12 20 18 14 17 13 -0.0399323 16 711 712
613 12 1 0 8 1 4 3 5 0 0 149 
614 12 1 0 5 1 4 0 0 3 2 150 
615 12 0 1 0 10 10 20 17 14 20 20 12 -0.0909353 -28 713 714
616 12 1 0 3 1 4 0 2 0 1 156 
617 12 0 1 0 22 19 12 16 22 25 20 14 -0 -13 715 716
618 12 0 1 0 29 6 16 14 3 14 12 12 -0 -2 717 718
619 12 0 1 0 26 7 19 20 28 13 13 15 -0.130848 5 719 720
620 12 1 0 4 1 4 4 0 0 0 169 
621 12 1 0 5 1 4 2 3 0 0 173 
622 12 0 1 0 33 25 15 14 16 7 12 14 -0 -2 721 722
623 12 0 1 0 33 6 12 12 33 2 15 14 -0.105426 -8 723 724
624 12 1 0 9 1 4 0 4 0 5 210 
625 12 1 0 26 1 4 26 0 0 0 212 
626 12 1 0 2 1 4 0 2 0 0 213 
627 12 1 0 28 1 4 0 28 0 0 223 
628 12 1 0 2 1 4 0 1 1 0 224 
629 12 1 0 4 1 4 0 4 0 0 238 
630 12 0 1 0 26 22 12 13 23 16 20 16 -0.0289855 -1 725 726
631 12 0 1 0 24 22 20 13 23 17 13 17 -0 21 727 728
632 12 1 0 8 1 4 7 1 0 0 243 
633 12 0 1 0 28 33 13 13 22 4 13 18 -0.0205999 -15 729 730
634 12 1 0 6 1 4 0 0 0 6 252 
635 12 0 1 0 34 34 13 13 33 14 20 13 -0.0149039 4 731 732
636 12 1 0 3 1 4 0 2 0 1 267 
637 12 0 1 0 7 0 20 20 25 1 14 15 -0.0599585 4 733 734
638 12 1 0 5 1 4 1 0 2 2 280 
639 12 1 0 2 1 4 0 0 1 1 286 
640 12 0 1 0 19 29 13 12 12 27 13 16 -0.0531155 9 735 736
641 12 1 0 192 1 4 192 0 0 0 303 
642 12 1 0 4 1 4 2 2 0 0 304 
643 12 1 0 3 1 4 3 0 0 0 328 
644 12 0 1 0 8 27 13 17 0 24 16 16 -0 32 737 738
645 12 1 0 3 1 4 3 0 0 0 335 
646 12 1 0 7 1 4 0 6 0 1 336 
647 12 1 0 2 1 4 0 1 0 1 337 
648 12 0 1 0 29 14 18 15 25 6 20 19 -0.0525555 25 739 740
649 12 0 1 0 32 16 15 14 3 19 16 12 -0.110684 -55 741 742
650 12 1 0 2 1 4 0 0 1 1 358 
651 12 0 1 0 23 33 12 15 17 27 16 13 -0.0410526 10 743 744
652 12 1 0 7 1 4 2 3 2 0 370 
653 12 1 0 7 1 4 5 2 0 0 371 
654 12 0 1 0 14 17 16 16 17 22 20 14 -0.0834835 0 745 746
655 12 1 0 2 1 4 1 1 0 0 382 
656 12 1 0 16 1 4 0 16 0 0 383 
657 12 0 1 0 31 15 13 12 25 7 14 12 -0.0508744 16 747 748
658 12 1 0 6 1 4 0 6 0 0 387 
659 12 0 1 0 4 26 19 14 14 20 15 17 -0.0208333 42 749 750
660 12 1 0 3 1 4 0 3 0 0 393 
661 12 0 1 0 16 19 17 20 21 0 15 12 -0 96 751 752
662 12 1 0 4 1 4 0 2 0 2 397 
663 12 0 1 0 3 32 13 14 3 26 17 13 -0.0146846 -15 753 754
664 12 0 1 0 0 6 12 18 7 7 19 18 -0.0654762 3 755 756
665 12 1 0 2 1 4 1 1 0 0 410 
666 12 1 0 53 1 4 0 53 0 0 411 
667 12 1 0 3 1 4 0 0 3 0 414 
668 12 1 0 41 1 4 0 41 0 0 415 
669 12 0 1 0 9 14 15 20 34 26 19 12 -0.107726 8 757 758
670 12 0 1 0 28 23 20 14 22 5 19 14 -0.174636 -17 759 760
671 12 0 1 0 22 28 17 20 11 14 19 13 -0.17602 24 761 762
672 12 1 0 5 1 4 0 0 0 5 491 
673 12 0 1 0 3 25 13 13 1 25 14 14 -0.0540741 4 763 764
674 12 1 0 2 1 4 0 0 1 1 495 
675 12 1 0 33 1 4 33 0 0 0 496 
676 12 1 0 2 1 4 1 0 1 0 497 
677 12 1 0 5 1 4 0 5 0 0 500 
678 12 1 0 14 1 4 0 0 14 0 501 
679 12 1 0 3 1 4 0 0 1 2 502 
680 12 0 1 0 2 18 13 13 11 9 15 15 -0.136364 5 765 766
681 12 0 1 0 10 25 16 17 6 28 18 19 -0.135691 10 767 768
682 12 1 0 2 1 4 2 0 0 0 515 
683 12 1 0 6 1 4 0 0 1 5 516 
684 12 0 1 0 11 3 19 18 27 25 16 18 -0.0333333 -8 769 770
685 12 1 0 21 1 4 0 0 0 21 519 
686 12 1 0 2 1 4 0 0 2 0 520 
687 12 1 0 2 1 4 0 0 2 0 521 
688 12 1 0 100 1 4 0 0 0 100 522 
689 12 1 0 3 1 4 0 0 0 3 525 
690 12 1 0 19 1 4 0 0 19 0 526 
691 12 1 0 9 1 4 7 2 0 0 533 
692 12 0 1 0 35 34 12 12 30 28 17 15 -0.0589723 15 771 772
693 12 1 0 2 1 4 0 2 0 0 565 
694 12 0 1 0 10 4 16 17 27 34 13 17 -0 -10 773 774
695 12 1 0 28 1 4 0 28 0 0 568 
696 12 1 0 3 1 4 3 0 0 0 569 
697 13 1 0 9 1 4 9 0 0 0 7 
698 13 1 0 2 1 4 1 1 0 0 8 
699 13 1 0 4 1 4 0 0 4 0 9 
700 13 0 1 0 17 12 14 15 24 20 12 17 -0.0571164 33 775 776
701 13 1 0 3 1 4 0 3 0 0 21 
702 13 1 0 15 1 4 15 0 0 0 22 
703 13 1 0 2 1 4 2 0 0 0 23 
704 13 0 1 0 0 12 17 18 21 25 18 17 -0.1 -61 777 778
705 13 1 0 9 1 4 1 1 1 6 44 
706 13 0 1 0 12 28 18 13 15 7 19 16 -0.0496735 39 779 780
707 13 1 0 6 1 4 5 1 0 0 96 
708 13 1 0 6 1 4 0 0 0 6 97 
709 13 1 0 5 1 4 1 1 0 3 98 
710 13 0 1 0 24 27 20 16 24 29 17 19 -0.0614851 0 781 782
711 13 0 1 0 6 29 13 16 7 12 16 16 -0.0375508 8 783 784
712 13 1 0 2 1 4 0 1 1 0 123 
713 13 1 0 2 1 4 0 1 0 1 151 
714 13 0 1 0 19 11 19 20 21 18 12 18 -0.0287748 -15 785 786
715 13 1 0 57 1 4 0 57 0 0 157 
716 13 1 0 3 1 4 3 0 0 0 158 
717 13 1 0 9 1 4 9 0 0 0 159 
718 13 1 0 2 1 4 0 2 0 0 160 
719 13 0 1 0 7 25 18 15 15 27 14 17 -0.0825163 -34 787 788
720 13 1 0 2 1 4 0 0 0 2 168 
721 13 1 0 6 1 4 0 0 0 6 174 
722 13 1 0 10 1 4 0 0 10 0 175 
723 13 1 0 5 1 4 5 0 0 0 176 
724 13 0 1 0 0 8 16 15 3 8 17 14 -0.101171 1 789 790
725 13 1 0 20 1 4 20 0 0 0 239 
726 13 1 0 3 1 4 1 2 0 0 240 
727 13 1 0 2 1 4 0 0 0 2 241 
728 13 1 0 65 1 4 0 65 0 0 242 
729 13 1 0 2 1 4 0 0 0 2 249 
730 13 0 1 0 19 22 15 13 0 19 13 12 -0 112 791 792
731 13 1 0 2 1 4 1 0 0 1 253 
732 13 0 1 0 27 26 19 13 3 29 15 13 -0.0117276 114 793 794
733 13 1 0 7 1 4 6 1 0 0 275 
734 13 0 1 0 23 18 14 18 18 7 14 12 -0.0335787 -27 795 796
735 13 0 1 0 17 19 13 19 25 32 14 20 -0 2 797 798
736 13 0 1 0 25 13 14 12 23 20 19 17 -0.00892857 -2 799 800
737 13 1 0 20 1 4 0 20 0 0 329 
738 13 1 0 2 1 4 0 0 2 0 330 
739 13 0 1 0 25 32 13 13 30 33 13 15 -0.0435551 25 801 802
740 13 1 0 2 1 4 0 1 1 0 342 
741 13 1 0 6 1 4 0 5 1 0 353 
742 13 0 1 0 9 23 15 18 25 29 18 12 -0.0458746 -31 803 804
743 13 0 1 0 33 30 12 12 16 27 17 12 -0.00649351 -58 805 806
744 13 0 1 0 27 17 13 14 17 17 18 18 -0 -49 807 808
745 13 0 1 0 30 24 20 17 19 13 13 13 -0.0607642 18 809 810
746 13 1 0 5 1 4 4 1 0 0 380 
747 13 0 1 0 2 28 17 18 3 27 19 13 -0 13 811 812
748 13 1 0 3 1 4 0 3 0 0 386 
749 13 1 0 22 1 4 0 0 22 0 391 
750 13 1 0 2 1 4 0 0 1 1 392 
751 13 1 0 54 1 4 0 0 0 54 395 
752 13 1 0 2 1 4 0 0 2 0 396 
753 13 1 0 5 1 4 0 5 0 0 403 
754 13 0 1 0 1 20 13 19 10 33 12 16 -0.00806452 -46 813 814
755 13 0 1 0 12 5 15 14 16 28 16 16 -0.0416667 -80 815 816
756 13 1 0 2 1 4 0 0 2 0 408 
757 13 0 1 0 7 10 18 18 0 26 19 12 -0.0986149 4 817 818
758 13 0 1 0 24 0 14 17 28 8 14 14 -0.254342 -24 819 820
759 13 1 0 2 1 4 2 0 0 0 483 
760 13 0 1 0 0 30 17 14 10 27 17 15 -0.0260951 -5 821 822
761 13 1 0 14 1 4 0 0 14 0 487 
762 13 0 1 0 32 15 14 15 31 11 15 15 -0.116883 0 823 824
763 13 0 1 0 8 30 13 13 13 29 16 19 -0.02 -33 825 826
764 13 1 0 2 1 4 0 1 1 0 494 
765 13 0 1 0 16 20 14 14 4 4 12 20 -0 72 827 828
766 13 1 0 8 1 4 0 2 6 0 505 
767 13 0 1 0 13 5 19 18 21 21 12 12 -0.105736 -12 829 830
768 13 1 0 8 1 4 0 0 1 7 514 
769 13 1 0 13 1 4 0 0 13 0 517 
770 13 1 0 2 1 4 0 1 1 0 518 
771 13 0 1 0 1 21 20 16 2 26 18 12 -0.0434981 -1 831 832
772 13 0 1 0 29 26 16 17 10 35 12 12 -0.0948392 -4 833 834
773 13 1 0 57 1 4 57 0 0 0 566 
774 13 1 0 2 1 4 0 2 0 0 567 
775 14 0 1 0 2 31 14 17 10 1 20 12 -0.0341822 4 835 836
776 14 1 0 3 1 4 3 0 0 0 13 
777 14 1 0 18 1 4 0 18 0 0 24 
778 14 1 0 2 1 4 0 1 0 1 25 
779 14 0 1 0 12 6 16 12 13 3 16 13 -0.0310082 -3 837 838
780 14 1 0 2 1 4 0 1 0 1 48 
781 14 1 0 2 1 4 1 0 0 1 99 
782 14 0 1 0 7 13 19 19 8 21 16 20 -0.0266667 -13 839 840
783 14 1 0 2 1 4 0 1 1 0 108 
784 14 0 1 0 7 15 18 17 1 18 17 13 -0.0360416 -15 841 842
785 14 1 0 5 1 4 0 5 0 0 152 
786 14 0 1 0 2 6 17 15 17 3 12 14 -0.0103059 -94 843 844
787 14 0 1 0 8 9 18 12 25 3 17 12 -0.0147059 -51 845 846
788 14 1 0 2 1 4 0 1 0 1 167 
789 14 0 1 0 18 10 18 13 25 27 20 12 -0.0774049 12 847 848
790 14 0 1 0 28 23 15 19 25 9 20 16 -0.333333 -9 849 850
791 14 1 0 91 1 4 91 0 0 0 250 
792 14 1 0 2 1 4 0 2 0 0 251 
793 14 0 1 0 25 18 13 19 30 16 18 16 -0.00989081 -6 851 852
794 14 1 0 4 1 4 1 3 0 0 266 
795 14 1 0 2 1 4 2 0 0 0 276 
796 14 0 1 0 23 15 19 17 20 15 17 12 -0.011359 -41 853 854
797 14 1 0 7 1 4 7 0 0 0 287 
798 14 1 0 3 1 4 0 3 0 0 288 
799 14 1 0 80 1 4 0 80 0 0 289 
800 14 1 0 4 1 4 3 1 0 0 290 
801 14 0 1 0 14 24 13 17 6 26 20 16 -0.00680272 -21 855 856
802 14 0 1 0 26 32 13 12 28 30 14 18 -0.214286 38 857 858
803 14 1 0 5 1 4 0 4 1 0 354 
804 14 0 1 0 5 29 18 14 7 27 17 15 -0.0103047 -10 859 860
805 14 1 0 2 1 4 0 0 1 1 366 
806 14 1 0 75 1 4 0 0 75 0 367 
807 14 1 0 8 1 4 0 8 0 0 368 
808 14 1 0 4 1 4 0 0 4 0 369 
809 14 0 1 0 5 6 19 19 10 0 13 12 -0.0482276 -12 861 862
810 14 1 0 3 1 4 3 0 0 0 379 
811 14 1 0 32 1 4 0 0 32 0 384 
812 14 1 0 2 1 4 0 2 0 0 385 
813 14 1 0 2 1 4 0 1 1 0 404 
814 14 1 0 60 1 4 0 0 60 0 405 
815 14 1 0 2 1 4 1 1 0 0 406 
816 14 1 0 10 1 4 0 10 0 0 407 
817 14 0 1 0 6 20 12 20 12 15 15 13 -0.092631 -15 863 864
818 14 0 1 0 19 12 16 20 11 12 12 18 -0.207237 7 865 866
819 14 1 0 5 1 4 5 0 0 0 479 
820 14 0 1 0 18 3 20 15 23 8 15 19 -0.13986 2 867 868
821 14 0 1 0 26 12 15 18 30 14 20 15 -0.0172414 6 869 870
822 14 1 0 8 1 4 0 0 8 0 486 
823 14 1 0 3 1 4 0 0 3 0 488 
824 14 0 1 0 13 10 17 19 1 21 20 13 -0 -16 871 872
825 14 1 0 2 1 4 1 1 0 0 492 
826 14 1 0 23 1 4 23 0 0 0 493 
827 14 1 0 19 1 4 0 19 0 0 503 
828 14 1 0 3 1 4 3 0 0 0 504 
829 14 0 1 0 3 17 18 18 29 1 12 15 -0.0687828 0 873 874
830 14 0 1 0 1 28 19 13 13 28 17 15 -0 -55 875 876
831 14 1 0 2 1 4 0 0 1 1 534 
832 14 0 1 0 25 16 19 12 23 17 18 16 -0.0390976 7 877 878
833 14 0 1 0 5 29 14 15 6 7 16 18 -0 34 879 880
834 14 0 1 0 23 4 12 13 6 24 16 13 -0.024948 -8 881 882
835 15 0 1 0 22 22 18 17 24 20 18 12 -0.00694444 4 883 884
836 15 1 0 7 1 4 4 3 0 0 12 
837 15 1 0 8 1 4 0 1 1 6 45 
838 15 0 1 0 5 20 18 18 3 29 16 20 -0.0033557 11 885 886
839 15 1 0 194 1 4 0 0 0 194 100 
840 15 1 0 6 1 4 0 2 0 4 101 
841 15 1 0 9 1 4 0 0 5 4 109 
842 15 0 1 0 14 32 15 18 32 34 12 12 -0.0326887 30 887 888
843 15 1 0 2 1 4 0 2 0 0 153 
844 15 0 1 0 19 9 12 13 16 26 20 19 -0.00531915 -52 889 890
845 15 1 0 2 1 4 1 1 0 0 165 
846 15 1 0 32 1 4 0 32 0 0 166 
847 15 0 1 0 10 27 12 16 17 28 14 12 -0.0553781 -3 891 892
848 15 0 1 0 10 29 18 15 23 22 20 15 -0.2875 14 893 894
849 15 1 0 5 1 4 0 0 0 5 206 
850 15 0 1 0 8 13 14 12 5 15 15 19 -0.125589 -3 895 896
851 15 1 0 5 1 4 3 0 2 0 254 
852 15 0 1 0 5 4 17 18 6 19 17 13 -0.00667247 -44 897 898
853 15 1 0 2 1 4 2 0 0 0 277 
854 15 0 1 0 16 18 18 16 16 27 20 15 -0.00588235 -11 899 900
855 15 1 0 2 1 4 1 0 1 0 338 
856 15 1 0 292 1 4 292 0 0 0 339 
857 15 1 0 4 1 4 0 3 0 1 340 
858 15 1 0 10 1 4 10 0 0 0 341 
859 15 1 0 3 1 4 0 3 0 0 355 
860 15 0 1 0 19 26 20 17 14 25 14 19 -0.00537634 9 901 902
861 15 1 0 2 1 4 0 0 2 0 372 
862 15 0 1 0 13 26 20 18 30 21 13 13 -0.0345187 49 903 904
863 15 1 0 2 1 4 2 0 0 0 416 
864 15 0 1 0 28 25 14 16 29 33 14 14 -0.0892693 9 905 906
865 15 0 1 0 14 20 16 16 18 26 17 18 -0.0546875 -19 907 908
866 15 1 0 3 1 4 3 0 0 0 478 
867 15 0 1 0 12 4 19 15 28 5 13 19 -0.146104 1 909 910
868 15 1 0 15 1 4 0 15 0 0 482 
869 15 1 0 2 1 4 0 0 1 1 484 
870 15 1 0 27 1 4 0 0 0 27 485 
871 15 1 0 2 1 4 2 0 0 0 489 
872 15 1 0 9 1 4 0 9 0 0 490 
873 15 1 0 6 1 4 0 5 1 0 506 
874 15 0 1 0 12 14 15 15 0 28 13 20 -0.0441176 5 911 912
875 15 1 0 7 1 4 0 0 0 7 512 
876 15 1 0 3 1 4 0 0 3 0 513 
877 15 0 1 0 21 19 17 13 18 5 16 19 -0.0264477 -7 913 914
878 15 1 0 6 1 4 1 2 0 3 552 
879 15 1 0 16 1 4 16 0 0 0 553 
880 15 1 0 3 1 4 0 3 0 0 554 
881 15 0 1 0 15 27 20 17 27 28 19 19 -0.0135135 15 915 916
882 15 1 0 2 1 4 0 0 2 0 557 
883 16 1 0 70 1 4 0 70 0 0 10 
884 16 1 0 2 1 4 1 1 0 0 11 
885 16 1 0 147 1 4 0 0 0 147 46 
886 16 1 0 2 1 4 0 0 1 1 47 
887 16 0 1 0 32 15 16 13 21 19 20 18 -0 -22 917 918
888 16 0 1 0 13 0 19 17 8 24 19 19 -0.0209711 -1 919 920
889 16 1 0 2 1 4 1 1 0 0 154 
890 16 1 0 92 1 4 92 0 0 0 155 
891 16 0 1 0 10 26 19 13 17 28 18 14 -0.0524056 -7 921 922
892 16 1 0 2 1 4 0 0 1 1 200 
893 16 0 1 0 30 23 20 15 3 29 18 12 -0.14558 43 923 924
894 16 1 0 2 1 4 0 0 0 2 205 
895 16 0 1 0 3 0 17 15 2 16 12 12 -0 -15 925 926
896 16 1 0 5 1 4 0 0 4 1 209 
897 16 1 0 2 1 4 1 0 1 0 255 
898 16 0 1 0 17 30 17 12 23 35 12 19 -0.0047723 -45 927 928
899 16 1 0 83 1 4 0 83 0 0 278 
900 16 1 0 2 1 4 0 1 1 0 279 
901 16 1 0 91 1 4 91 0 0 0 356 
902 16 1 0 2 1 4 1 1 0 0 357 
903 16 1 0 2 1 4 0 0 2 0 373 
904 16 0 1 0 16 34 13 12 14 4 17 20 -0.0309017 64 929 930
905 16 0 1 0 18 22 13 16 19 26 20 20 -0.0847274 5 931 932
906 16 0 1 0 5 11 17 18 19 1 16 18 -0 12 933 934
907 16 1 0 8 1 4 0 8 0 0 476 
908 16 1 0 8 1 4 0 1 7 0 477 
909 16 1 0 4 1 4 0 3 1 0 480 
910 16 1 0 7 1 4 0 0 6 1 481 
911 16 0 1 0 32 28 19 12 5 1 20 14 -0.0220359 27 935 936
912 16 1 0 3 1 4 0 0 0 3 511 
913 16 1 0 2 1 4 0 0 1 1 535 
914 16 0 1 0 29 15 14 15 22 12 20 13 -0.0230726 18 937 938
915 16 1 0 35 1 4 0 35 0 0 555 
916 16 1 0 2 1 4 1 1 0 0 556 
917 17 1 0 3 1 4 3 0 0 0 110 
918 17 1 0 13 1 4 0 0 0 13 111 
919 17 0 1 0 3 16 17 20 6 23 19 15 -0.0188845 -4 939 940
920 17 1 0 2 1 4 0 1 0 1 122 
921 17 0 1 0 27 29 14 13 24 10 15 12 -0.0498981 -13 941 942
922 17 1 0 3 1 4 3 0 0 0 199 
923 17 0 1 0 14 26 18 12 26 28 14 17 -0 47 943 944
924 17 0 1 0 27 10 14 19 20 12 16 14 -0.0416667 -46 945 946
925 17 1 0 3 1 4 3 0 0 0 207 
926 17 1 0 19 1 4 0 19 0 0 208 
927 17 1 0 2 1 4 1 0 1 0 256 
928 17 0 1 0 3 21 12 19 21 0 16 13 -0.00334582 -102 947 948
929 17 0 1 0 15 19 20 17 18 12 12 18 -0 34 949 950
930 17 0 1 0 9 15 19 18 21 33 12 15 -0.011748 9 951 952
931 17 0 1 0 10 16 17 18 22 8 16 16 -0.0771086 -24 953 954
932 17 0 1 0 23 6 20 15 2 27 12 19 -0.0952381 -75 955 956
933 17 1 0 12 1 4 0 0 0 12 474 
934 17 1 0 6 1 4 0 0 6 0 475 
935 17 1 0 3 1 4 0 3 0 0 507 
936 17 0 1 0 25 27 13 12 25 30 16 18 -0.00763221 18 957 958
937 17 0 1 0 26 25 12 15 28 28 17 12 -0.0202831 13 959 960
938 17 1 0 3 1 4 0 0 3 0 551 
939 18 0 1 0 13 34 12 15 31 4 12 12 -0.0145374 -12 961 962
940 18 1 0 4 1 4 1 0 0 3 121 
941 18 1 0 3 1 4 3 0 0 0 177 
942 18 0 1 0 24 27 12 20 27 24 15 12 -0.0473629 19 963 964
943 18 1 0 20 1 4 20 0 0 0 201 
944 18 1 0 6 1 4 0 6 0 0 202 
945 18 1 0 10 1 4 0 10 0 0 203 
946 18 1 0 2 1 4 0 1 1 0 204 
947 18 1 0 4 1 4 2 2 0 0 257 
948 18 0 1 0 27 25 18 15 19 12 20 15 -0.00263466 31 965 966
949 18 1 0 11 1 4 0 11 0 0 374 
950 18 1 0 3 1 4 3 0 0 0 375 
951 18 0 1 0 2 0 14 20 2 20 12 19 -0.004 -1 967 968
952 18 1 0 2 1 4 1 1 0 0 378 
953 18 1 0 2 1 4 2 0 0 0 417 
954 18 0 1 0 1 29 18 14 20 13 15 16 -0.0745966 -20 969 970
955 18 1 0 8 1 4 0 0 8 0 472 
956 18 1 0 7 1 4 5 2 0 0 473 
957 18 0 1 0 12 33 14 18 15 27 19 19 -0.00390625 -1 971 972
958 18 1 0 2 1 4 0 0 0 2 510 
959 18 0 1 0 1 20 14 20 20 10 13 14 -0.018423 -34 973 974
960 18 1 0 3 1 4 3 0 0 0 550 
961 19 1 0 2 1 4 0 1 0 1 112 
962 19 0 1 0 29 18 12 12 29 29 17 18 -0.0122257 -3 975 976
963 19 0 1 0 25 12 15 13 26 30 14 19 -0.0445188 9 977 978
964 19 1 0 3 1 4 3 0 0 0 198 
965 19 0 1 0 0 30 14 17 0 21 16 17 -0.0023189 4 979 980
966 19 1 0 2 1 4 1 1 0 0 265 
967 19 1 0 123 1 4 0 123 0 0 376 
968 19 1 0 2 1 4 0 1 1 0 377 
969 19 0 1 0 31 24 15 14 15 32 15 12 -0.0490196 -5 981 982
970 19 0 1 0 30 23 15 14 30 14 16 13 -0.0695583 -7 983 984
971 19 1 0 2 1 4 0 0 1 1 508 
972 19 1 0 126 1 4 0 0 126 0 509 
973 19 1 0 2 1 4 2 0 0 0 536 
974 19 0 1 0 31 25 15 14 25 27 20 19 -0.0165284 -70 985 986
975 20 1 0 6 1 4 0 2 0 4 113 
976 20 0 1 0 2 22 17 15 0 25 16 13 -0.00939253 -9 987 988
977 20 0 1 0 27 4 16 17 30 3 18 13 -0.0352277 22 989 990
978 20 0 1 0 7 20 14 20 17 14 12 12 -0 -37 991 992
979 20 1 0 6 1 4 5 1 0 0 258 
980 20 0 1 0 17 6 12 18 20 1 15 14 -0.00168465 -12 993 994
981 20 1 0 11 1 4 0 0 0 11 418 
982 20 1 0 6 1 4 0 1 5 0 419 
983 20 1 0 9 1 4 0 0 1 8 420 
984 20 0 1 0 13 17 15 19 12 16 18 17 -0.0662927 12 995 996
985 20 1 0 2 1 4 2 0 0 0 537 
986 20 0 1 0 28 27 13 18 25 29 16 20 -0.0156045 -2 997 998
987 21 0 1 0 17 2 13 16 17 1 16 17 -0.1875 -10 999 1000
988 21 0 1 0 1 24 20 13 4 16 12 17 -0.00495156 -13 1001 1002
989 21 0 1 0 5 5 12 16 1 2 12 18 -0.031632 -2 1003 1004
990 21 1 0 2 1 4 0 1 0 1 195 
991 21 1 0 8 1 4 0 8 0 0 196 
992 21 1 0 3 1 4 0 0 0 3 197 
993 21 1 0 2 1 4 1 1 0 0 259 
994 21 0 1 0 26 17 19 15 24 14 19 19 -0.00128545 18 1005 1006
995 21 0 1 0 26 15 18 15 31 27 18 15 -0.0615951 7 1007 1008
996 21 1 0 2 1 4 2 0 0 0 471 
997 21 0 1 0 10 7 18 15 9 13 18 19 -0.0120665 5 1009 1010
998 21 0 1 0 24 6 14 14 29 31 16 13 -0 -95 1011 1012
999 22 1 0 2 1 4 1 0 0 1 114 
1000 22 1 0 22 1 4 0 0 0 22 115 
1001 22 0 1 0 26 25 13 12 24 29 13 15 -0.0512821 -10 1013 1014
1002 22 0 1 0 25 21 20 20 25 23 18 20 -0.000874615 -2 1015 1016
1003 22 1 0 2 1 4 0 1 0 1 178 
1004 22 0 1 0 29 25 16 14 32 25 18 15 -0.0288642 5 1017 1018
1005 22 0 1 0 35 27 18 12 27 28 12 13 -0.000845177 -58 1019 1020
1006 22 1 0 3 1 4 2 1 0 0 264 
1007 22 0 1 0 28 7 13 15 34 19 17 12 -0.0595183 22 1021 1022
1008 22 1 0 3 1 4 3 0 0 0 470 
1009 22 0 1 0 28 28 17 19 26 16 19 19 -0.0102433 2 1023 1024
1010 22 1 0 5 1 4 2 3 0 0 547 
1011 22 1 0 13 1 4 0 13 0 0 548 
1012 22 1 0 4 1 4 0 0 4 0 549 
1013 23 1 0 3 1 4 0 2 0 1 116 
1014 23 1 0 49 1 4 0 0 0 49 117 
1015 23 1 0 3 1 4 0 0 1 2 118 
1016 23 0 1 0 24 16 13 18 33 31 15 13 -0.000394322 0 1025 1026
1017 23 0 1 0 16 22 12 18 32 16 17 14 -0.102833 59 1027 1028
1018 23 0 1 0 2 31 12 14 4 20 18 16 -0.0181551 3 1029 1030
1019 23 1 0 4 1 4 3 1 0 0 260 
1020 23 0 1 0 3 25 14 12 3 20 14 16 -0.000463859 -29 1031 1032
1021 23 0 1 0 15 25 16 18 18 26 20 15 -0.0571113 -20 1033 1034
1022 23 1 0 5 1 4 0 0 0 5 469 
1023 23 1 0 6 1 4 0 5 0 1 538 
1024 23 0 1 0 22 27 18 14 21 13 19 13 -0.00652806 23 1035 1036
1025 24 1 0 4 1 4 0 0 1 3 119 
1026 24 1 0 1898 1 4 0 0 0 1898 120 
1027 24 0 1 0 0 23 18 20 3 5 17 17 -0.0683002 4 1037 1038
1028 24 1 0 9 1 4 7 2 0 0 184 
1029 24 0 1 0 5 23 19 12 3 17 12 14 -0.0163842 12 1039 1040
1030 24 1 0 2 1 4 1 1 0 0 194 
1031 24 0 1 0 24 28 13 20 7 14 17 13 -0.0208333 25 1041 1042
1032 24 1 0 2042 1 4 2042 0 0 0 263 
1033 24 0 1 0 7 24 16 18 7 29 17 14 -0.125423 -15 1043 1044
1034 24 0 1 0 5 24 18 17 15 11 17 12 -0.0428549 -6 1045 1046
1035 24 0 1 0 28 7 18 19 25 8 12 18 -0.0542308 7 1047 1048
1036 24 0 1 0 0 29 15 18 4 13 13 17 -0.00196203 0 1049 1050
1037 25 0 1 0 29 25 16 14 32 25 18 15 -0.0572343 -10 1051 1052
1038 25 1 0 2 1 4 2 0 0 0 183 
1039 25 0 1 0 15 26 19 16 11 25 17 12 -0.0133126 9 1053 1054
1040 25 1 0 3 1 4 0 2 0 1 193 
1041 25 1 0 22 1 4 22 0 0 0 261 
1042 25 1 0 2 1 4 1 1 0 0 262 
1043 25 0 1 0 15 9 20 15 1 33 13 13 -0.0366843 -12 1055 1056
1044 25 0 1 0 26 26 20 19 29 25 16 13 -0.13449 14 1057 1058
1045 25 1 0 2 1 4 1 1 0 0 431 
1046 25 0 1 0 21 23 13 17 18 24 12 18 -0.0405426 15 1059 1060
1047 25 0 1 0 28 20 12 12 29 27 20 16 -0.0195833 -34 1061 1062
1048 25 1 0 2 1 4 2 0 0 0 542 
1049 25 0 1 0 0 11 12 13 7 25 20 13 -0.00103899 -73 1063 1064
1050 25 1 0 7 1 4 1 6 0 0 546 
1051 26 1 0 5 1 4 0 3 2 0 179 
1052 26 0 1 0 17 2 17 16 21 30 16 15 -0.0330579 -32 1065 1066
1053 26 1 0 2 1 4 1 1 0 0 185 
1054 26 0 1 0 28 25 18 18 28 23 18 14 -0.0124432 2 1067 1068
1055 26 0 1 0 5 26 19 16 23 14 18 13 -0.0285714 18 1069 1070
1056 26 1 0 3 1 4 0 0 0 3 425 
1057 26 0 1 0 21 2 19 16 30 7 18 13 -0 0 1071 1072
1058 26 0 1 0 13 29 12 16 32 34 12 13 -0.0512821 -102 1073 1074
1059 26 0 1 0 34 25 14 12 33 16 12 12 -0.0391158 -7 1075 1076
1060 26 1 0 5 1 4 0 5 0 0 468 
1061 26 1 0 2 1 4 2 0 0 0 539 
1062 26 0 1 0 29 18 19 12 27 11 19 15 -0.0104167 -7 1077 1078
1063 26 0 1 0 8 27 17 12 24 3 14 17 -0.0121951 76 1079 1080
1064 26 1 0 898 1 4 0 898 0 0 545 
1065 27 1 0 55 1 4 0 55 0 0 180 
1066 27 0 1 0 6 30 16 12 3 16 18 20 -0 -10 1081 1082
1067 27 0 1 0 17 12 14 17 25 28 18 16 -0.0079069 17 1083 1084
1068 27 0 1 0 26 35 12 12 21 10 14 16 -0.0302254 38 1085 1086
1069 27 1 0 4 1 4 0 2 2 0 421 
1070 27 0 1 0 23 30 15 20 9 35 12 18 -0.0147515 -80 1087 1088
1071 27 1 0 32 1 4 0 32 0 0 426 
1072 27 1 0 2 1 4 0 0 2 0 427 
1073 27 1 0 5 1 4 0 5 0 0 428 
1074 27 0 1 0 6 10 20 16 11 33 14 19 -0.0384615 -62 1089 1090
1075 27 0 1 0 0 13 16 16 1 28 16 12 -0 -14 1091 1092
1076 27 0 1 0 31 27 20 14 30 28 17 15 -0.0362711 -7 1093 1094
1077 27 1 0 2 1 4 1 1 0 0 540 
1078 27 1 0 46 1 4 0 46 0 0 541 
1079 27 1 0 2 1 4 1 1 0 0 543 
1080 27 1 0 39 1 4 0 39 0 0 544 
1081 28 1 0 3 1 4 3 0 0 0 181 
1082 28 1 0 8 1 4 0 8 0 0 182 
1083 28 0 1 0 17 32 15 12 15 34 13 16 -0.00420076 9 1095 1096
1084 28 1 0 8 1 4 0 7 0 1 189 
1085 28 1 0 3 1 4 3 0 0 0 190 
1086 28 0 1 0 25 3 14 15 12 6 18 17 -0.0163934 -71 1097 1098
1087 28 1 0 2 1 4 0 0 1 1 422 
1088 28 0 1 0 24 28 18 19 9 19 15 16 -0.00505051 31 1099 1100
1089 28 1 0 2 1 4 0 0 1 1 429 
1090 28 1 0 11 1 4 0 0 11 0 430 
1091 28 1 0 8 1 4 0 0 8 0 432 
1092 28 1 0 7 1 4 0 0 0 7 433 
1093 28 0 1 0 0 16 20 16 18 9 16 18 -0.0546875 7 1101 1102
1094 28 0 1 0 20 15 18 15 18 18 15 17 -0.03352 4 1103 1104
1095 29 1 0 862 1 4 0 862 0 0 186 
1096 29 0 1 0 4 29 17 15 9 19 18 20 -0.025641 -36 1105 1106
1097 29 1 0 4 1 4 2 2 0 0 191 
1098 29 1 0 57 1 4 0 57 0 0 192 
1099 29 1 0 2 1 4 0 1 1 0 423 
1100 29 1 0 97 1 4 0 0 97 0 424 
1101 29 1 0 8 1 4 0 0 1 7 434 
1102 29 1 0 8 1 4 0 0 8 0 435 
1103 29 0 1 0 25 23 15 18 17 16 14 19 -0.0292386 -15 1107 1108
1104 29 0 1 0 28 21 12 13 24 13 12 18 -0.075 5 1109 1110
1105 30 1 0 76 1 4 0 76 0 0 187 
1106 30 1 0 2 1 4 0 1 0 1 188 
1107 30 1 0 4 1 4 1 1 2 0 436 
1108 30 0 1 0 29 30 17 16 29 31 12 16 -0.0263105 23 1111 1112
1109 30 1 0 11 1 4 0 0 11 0 466 
1110 30 1 0 5 1 4 2 3 0 0 467 
1111 31 0 1 0 25 17 14 13 27 28 12 15 -0.0254948 3 1113 1114
1112 31 1 0 4 1 4 0 4 0 0 465 
1113 32 0 1 0 11 33 13 14 4 35 12 12 -0.022805 40 1115 1116
1114 32 0 1 0 34 7 15 12 7 20 15 18 -0 4 1117 1118
1115 33 0 1 0 9 31 12 18 14 35 12 13 -0.0216101 -42 1119 1120
1116 33 1 0 5 1 4 0 4 1 0 462 
1117 33 1 0 9 1 4 0 0 9 0 463 
1118 33 1 0 5 1 4 0 0 0 5 464 
1119 34 1 0 2 1 4 0 2 0 0 437 
1120 34 0 1 0 29 28 14 18 26 19 14 12 -0.0211965 -18 1121 1122
1121 35 1 0 4 1 4 0 2 2 0 438 
1122 35 0 1 0 3 26 14 17 4 33 13 12 -0.0203452 19 1123 1124
1123 36 0 1 0 17 16 16 14 19 18 16 12 -0.019034 6 1125 1126
1124 36 1 0 4 1 4 0 2 2 0 461 
1125 37 0 1 0 34 29 18 13 30 2 20 12 -0.0182542 -2 1127 1128
1126 37 1 0 2 1 4 0 2 0 0 460 
1127 38 1 0 5 1 4 0 3 2 0 439 
1128 38 0 1 0 18 14 17 15 19 15 12 13 -0.016848 -10 1129 1130
1129 39 1 0 2 1 4 1 0 1 0 440 
1130 39 0 1 0 26 30 14 12 27 33 13 19 -0.0156094 19 1131 1132
1131 40 0 1 0 21 18 14 19 29 21 17 12 -0.0125234 13 1133 1134
1132 40 0 1 0 14 27 19 12 10 29 12 13 -0.0538462 10 1135 1136
1133 41 0 1 0 27 25 20 19 32 28 19 12 -0.0108911 6 1137 1138
1134 41 1 0 3 1 4 1 0 2 0 456 
1135 41 1 0 47 1 4 0 0 47 0 457 
1136 41 0 1 0 27 14 19 12 10 10 16 14 -0 17 1139 1140
1137 42 0 1 0 20 30 15 15 16 25 12 12 -0.00965247 -8 1141 1142
1138 42 0 1 0 32 29 17 14 31 16 14 15 -0 5 1143 1144
1139 42 1 0 7 1 4 0 7 0 0 458 
1140 42 1 0 6 1 4 0 0 6 0 459 
1141 43 1 0 7 1 4 1 0 6 0 441 
1142 43 0 1 0 31 28 18 15 5 13 16 20 -0.00781661 138 1145 1146
1143 43 1 0 3 1 4 0 0 0 3 454 
1144 43 1 0 8 1 4 0 0 8 0 455 
1145 44 0 1 0 30 28 13 13 26 17 14 17 -0.00742429 -2 1147 1148
1146 44 1 0 2 1 4 0 0 1 1 453 
1147 45 1 0 3 1 4 0 0 2 1 442 
1148 45 0 1 0 10 26 19 14 20 35 12 13 -0.00665214 -61 1149 1150
1149 46 1 0 9 1 4 0 3 6 0 443 
1150 46 0 1 0 26 30 17 13 23 30 13 13 -0.00564804 39 1151 1152
1151 47 0 1 0 9 11 16 16 34 22 18 13 -0.00521718 0 1153 1154
1152 47 1 0 6 1 4 0 1 5 0 452 
1153 48 0 1 0 11 13 15 19 10 16 18 15 -0.00282403 7 1155 1156
1154 48 0 1 0 4 27 19 14 7 25 13 20 -0.0486241 -1 1157 1158
1155 49 0 1 0 17 34 13 15 14 29 16 20 -0.00242514 31 1159 1160
1156 49 1 0 3 1 4 0 0 2 1 448 
1157 49 1 0 4 1 4 1 0 3 0 449 
1158 49 0 1 0 24 27 20 18 16 26 18 14 -0.00641026 23 1161 1162
1159 50 0 1 0 15 7 16 17 10 14 12 13 -0.00196143 10 1163 1164
1160 50 1 0 7 1 4 0 1 6 0 447 
1161 50 1 0 76 1 4 0 0 76 0 450 
1162 50 1 0 2 1 4 0 1 1 0 451 
1163 51 1 0 1949 1 4 0 0 1949 0 444 
1164 51 0 1 0 22 17 15 14 20 27 19 19 -0.0434783 -10 1165 1166
1165 52 1 0 44 1 4 0 0 44 0 445 
1166 52 1 0 2 1 4 1 0 1 0 446 
