-2147483648 -2147483648 data/trees_headpose/tree_006.txt
100 10 5000 30 30000 1 48 1 data/trees_headpose ./data/Cropped_HBO_Data_4view.txt
1 0
0 0 0 1 0 29 16 20 15 30 27 19 17 -0.974359 0 1 2
1 1 0 1 0 7 15 17 14 9 11 14 15 -0.671634 -3 3 4
2 1 0 1 0 16 12 19 20 13 35 12 12 -0.833251 -16 5 6
3 2 0 1 0 5 33 13 12 5 27 14 17 -0.49123 7 7 8
4 2 0 1 0 7 32 15 12 17 8 20 15 -0.618065 26 9 10
5 2 0 1 0 26 27 18 18 25 17 20 20 -0.503673 1 11 12
6 2 0 1 0 8 29 12 16 27 29 18 18 -1.40152 41 13 14
7 3 0 1 0 9 11 13 15 10 26 19 18 -0.476484 -38 15 16
8 3 0 1 0 10 29 18 12 11 24 15 18 -0.353512 27 17 18
9 3 0 1 0 8 15 12 13 4 25 18 12 -0.815275 -31 19 20
10 3 0 1 0 6 18 16 14 3 28 15 16 -0.36794 4 21 22
11 3 0 1 0 2 28 14 20 7 27 15 13 -0.200972 9 23 24
12 3 0 1 0 16 27 17 18 22 14 17 18 -1.08397 16 25 26
13 3 0 1 0 26 23 14 20 27 31 14 19 -1.3849 18 27 28
14 3 0 1 0 13 17 15 15 4 16 19 17 -0.0840733 74 29 30
15 4 0 1 0 22 6 20 13 27 26 12 15 -0.795737 11 31 32
16 4 0 1 0 27 29 13 15 30 31 14 17 -0.356285 4 33 34
17 4 0 1 0 33 29 17 13 27 24 19 18 -0.272568 -8 35 36
18 4 0 1 0 12 30 17 17 21 28 15 12 -0.705435 13 37 38
19 4 0 1 0 19 23 14 16 12 27 17 14 -0.492329 -25 39 40
20 4 0 1 0 16 0 16 18 6 12 15 16 -0.651496 -13 41 42
21 4 0 1 0 7 33 14 19 22 11 16 13 -0.327627 11 43 44
22 4 0 1 0 23 19 12 13 20 33 13 14 -0.224644 -45 45 46
23 4 0 1 0 7 34 13 20 11 8 12 15 -0.185515 -1 47 48
24 4 1 0 17 1 4 17 0 0 0 472 
25 4 0 1 0 2 33 14 13 22 31 16 15 -1.15723 -45 49 50
26 4 0 1 0 16 2 18 18 3 11 13 17 -0.688151 -9 51 52
27 4 0 1 0 15 20 17 12 14 26 15 12 -1.15543 3 53 54
28 4 0 1 0 11 18 19 14 15 28 19 16 -1.03046 -23 55 56
29 4 0 1 0 18 26 14 14 26 26 16 13 -0.0441176 13 57 58
30 4 1 0 4 1 4 4 0 0 0 568 
31 5 0 1 0 15 27 20 13 15 9 12 16 -0.666614 25 59 60
32 5 0 1 0 28 16 19 18 16 29 18 14 -0.182322 -50 61 62
33 5 0 1 0 30 20 12 12 18 13 19 13 -0.374143 -36 63 64
34 5 0 1 0 8 20 17 13 6 17 17 17 -0.261144 12 65 66
35 5 0 1 0 29 16 16 13 32 21 19 12 -0.481257 21 67 68
36 5 0 1 0 19 7 15 15 30 15 18 13 -0.207475 21 69 70
37 5 0 1 0 4 6 20 18 11 6 16 18 -0.32389 -20 71 72
38 5 0 1 0 12 3 18 15 17 12 15 16 -0.22197 -1 73 74
39 5 0 1 0 30 10 15 14 0 31 14 17 -0.214286 -106 75 76
40 5 0 1 0 18 8 18 14 7 14 20 17 -0.322217 11 77 78
41 5 0 1 0 3 19 14 19 11 33 12 13 -0.328725 -56 79 80
42 5 0 1 0 14 17 18 13 1 6 14 20 -0.802153 59 81 82
43 5 0 1 0 15 14 20 13 15 11 15 18 -0.111271 12 83 84
44 5 0 1 0 19 11 14 19 26 24 18 12 -0.296124 9 85 86
45 5 0 1 0 27 17 16 14 31 18 17 15 -0.136673 -12 87 88
46 5 0 1 0 29 13 15 14 14 3 19 19 -0.315651 -21 89 90
47 5 1 0 5 1 4 4 1 0 0 438 
48 5 0 1 0 4 1 18 12 1 6 12 14 -0.173018 -3 91 92
49 5 0 1 0 14 2 12 17 27 11 16 15 -0.168 -116 93 94
50 5 0 1 0 15 25 15 15 10 30 14 17 -0.67288 -16 95 96
51 5 0 1 0 6 27 16 13 20 7 15 20 -0.558451 68 97 98
52 5 0 1 0 7 13 18 17 7 28 14 12 -0.552593 7 99 100
53 5 0 1 0 6 29 17 16 3 34 13 12 -1.15744 10 101 102
54 5 0 1 0 24 11 19 20 31 26 19 13 -0.756948 22 103 104
55 5 0 1 0 27 9 20 18 26 10 12 15 -0.355582 -26 105 106
56 5 0 1 0 18 33 13 20 20 27 13 20 -0.490842 -16 107 108
57 5 1 0 2 1 4 1 0 0 1 566 
58 5 1 0 100 1 4 0 0 0 100 567 
59 6 0 1 0 25 25 14 17 30 30 12 17 -0.0307918 4 109 110
60 6 0 1 0 22 26 13 16 25 22 20 19 -0.488038 24 111 112
61 6 0 1 0 6 19 14 15 3 21 20 17 -0.0666667 10 113 114
62 6 1 0 3 1 4 2 1 0 0 13 
63 6 0 1 0 30 22 18 13 31 33 14 16 -0.218301 -11 115 116
64 6 0 1 0 26 20 20 13 31 1 15 12 -0.329683 14 117 118
65 6 0 1 0 4 19 18 12 1 33 12 12 -0.235291 -5 119 120
66 6 0 1 0 21 4 19 12 29 26 14 14 -0.178205 18 121 122
67 6 0 1 0 18 16 15 14 28 28 19 16 -0.379693 58 123 124
68 6 0 1 0 3 15 15 17 20 22 17 13 -0.111811 -75 125 126
69 6 0 1 0 18 17 17 19 34 32 13 12 -0.535831 -36 127 128
70 6 0 1 0 17 30 16 18 7 28 12 18 -0.120397 -14 129 130
71 6 0 1 0 23 7 14 18 6 31 16 13 -0 -38 131 132
72 6 0 1 0 17 13 18 16 12 18 12 16 -0.145455 17 133 134
73 6 0 1 0 1 4 18 12 25 25 13 15 -0.0540541 -76 135 136
74 6 0 1 0 22 0 16 19 6 12 19 15 -0.0714286 -6 137 138
75 6 1 0 2 1 4 1 0 0 1 177 
76 6 1 0 19 1 4 0 0 0 19 178 
77 6 0 1 0 24 34 12 14 31 25 14 14 -0.267248 6 139 140
78 6 0 1 0 3 26 20 17 13 25 14 13 -0.127246 -33 141 142
79 6 0 1 0 3 25 17 17 16 20 17 13 -0.357955 -76 143 144
80 6 0 1 0 9 22 14 17 19 13 12 12 -0.259263 -1 145 146
81 6 0 1 0 14 7 12 14 6 4 12 16 -0.713811 16 147 148
82 6 0 1 0 27 18 17 18 12 32 14 12 -0.416917 -31 149 150
83 6 0 1 0 18 6 17 13 6 14 14 20 -0.0123457 19 151 152
84 6 1 0 4 1 4 0 0 1 3 292 
85 6 0 1 0 32 20 16 15 11 8 19 14 -0.269794 -19 153 154
86 6 0 1 0 0 25 13 12 5 19 16 12 -0.143614 16 155 156
87 6 0 1 0 11 21 16 20 19 33 13 13 -0.2875 -14 157 158
88 6 0 1 0 19 2 14 19 24 18 17 20 -0.107192 11 159 160
89 6 1 0 8 1 4 0 0 1 7 431 
90 6 0 1 0 27 18 15 14 22 23 16 14 -0.191176 -39 161 162
91 6 0 1 0 9 26 12 15 25 32 14 15 -0.821212 7 163 164
92 6 0 1 0 0 29 15 13 4 28 13 15 -0.133175 11 165 166
93 6 1 0 5 1 4 3 2 0 0 473 
94 6 0 1 0 15 20 18 20 25 14 14 13 -0.08 -6 167 168
95 6 0 1 0 14 22 13 14 0 30 13 15 -0.248718 -7 169 170
96 6 0 1 0 14 17 12 13 11 10 18 18 -0.295961 28 171 172
97 6 0 1 0 23 9 12 20 27 6 16 12 -0.293557 12 173 174
98 6 0 1 0 16 29 14 17 9 0 13 15 -0.175 45 175 176
99 6 0 1 0 2 35 12 16 10 31 15 16 -0.448151 -17 177 178
100 6 0 1 0 6 30 15 12 23 2 19 20 -0.414583 28 179 180
101 6 0 1 0 27 4 20 12 27 1 20 20 -0.350132 13 181 182
102 6 0 1 0 26 17 13 18 28 18 19 17 -0.545834 9 183 184
103 6 0 1 0 15 14 20 12 20 26 19 12 -0.852259 -56 185 186
104 6 0 1 0 21 22 16 15 23 25 16 12 -0.340957 11 187 188
105 6 1 0 7 1 4 5 0 0 2 560 
106 6 0 1 0 9 26 17 15 0 34 12 14 -0.0833333 -39 189 190
107 6 1 0 8 1 4 0 0 4 4 563 
108 6 0 1 0 14 30 14 12 24 28 19 15 -0.346154 22 191 192
109 7 0 1 0 18 25 20 14 16 28 16 19 -0.0227273 -4 193 194
110 7 1 0 9 1 4 0 9 0 0 2 
111 7 0 1 0 18 30 17 20 21 27 14 16 -0.105082 6 195 196
112 7 0 1 0 31 21 19 15 31 27 12 15 -0.127512 0 197 198
113 7 1 0 67 1 4 0 0 0 67 11 
114 7 1 0 3 1 4 1 1 0 1 12 
115 7 0 1 0 27 35 12 12 10 29 15 13 -0.0711116 72 199 200
116 7 0 1 0 33 34 13 12 21 28 12 17 -0.0641026 -15 201 202
117 7 0 1 0 5 26 19 15 10 22 16 15 -0.268662 -11 203 204
118 7 0 1 0 25 20 12 20 19 8 12 20 -0.200183 0 205 206
119 7 0 1 0 15 27 20 19 0 28 17 19 -0.414532 41 207 208
120 7 0 1 0 32 32 13 14 24 0 20 18 -0.19424 -15 209 210
121 7 1 0 6 1 4 1 5 0 0 95 
122 7 0 1 0 27 9 15 16 30 1 16 15 -0.1 14 211 212
123 7 0 1 0 10 1 17 14 24 8 13 20 -0.251901 -44 213 214
124 7 0 1 0 10 30 14 18 17 9 17 15 -0.244444 1 215 216
125 7 0 1 0 17 29 15 14 7 29 13 15 -0.0106383 83 217 218
126 7 1 0 2 1 4 1 0 0 1 115 
127 7 0 1 0 17 5 20 17 26 9 14 13 -0.0993357 27 219 220
128 7 0 1 0 2 1 17 18 14 24 16 15 -0.455663 -12 221 222
129 7 0 1 0 25 7 12 17 31 29 18 16 -0.0795455 16 223 224
130 7 0 1 0 20 29 13 14 19 27 12 18 -0.104323 32 225 226
131 7 1 0 15 1 4 0 15 0 0 168 
132 7 1 0 11 1 4 11 0 0 0 169 
133 7 0 1 0 6 19 18 17 20 2 14 12 -0 23 227 228
134 7 1 0 4 1 4 0 0 0 4 172 
135 7 1 0 2 1 4 0 1 0 1 173 
136 7 1 0 35 1 4 0 0 0 35 174 
137 7 1 0 4 1 4 2 2 0 0 175 
138 7 1 0 10 1 4 0 0 10 0 176 
139 7 1 0 24 1 4 0 0 24 0 179 
140 7 0 1 0 25 26 19 13 16 7 19 15 -0.205387 33 229 230
141 7 1 0 5 1 4 0 0 0 5 184 
142 7 0 1 0 25 6 12 18 28 18 12 13 -0.0904528 45 231 232
143 7 1 0 8 1 4 5 2 0 1 191 
144 7 1 0 14 1 4 0 0 0 14 192 
145 7 0 1 0 4 35 12 12 23 30 17 15 -0.268267 -72 233 234
146 7 0 1 0 33 25 14 13 4 31 13 16 -0.211285 -78 235 236
147 7 0 1 0 21 8 12 20 28 9 15 13 -0.496369 -5 237 238
148 7 0 1 0 18 30 14 14 20 27 17 14 -0.77395 10 239 240
149 7 0 1 0 20 29 16 15 23 21 13 14 -0.0748208 2 241 242
150 7 0 1 0 4 3 20 14 2 5 15 13 -0.517908 1 243 244
151 7 1 0 3 1 4 0 2 1 0 290 
152 7 1 0 51 1 4 51 0 0 0 291 
153 7 0 1 0 5 8 20 14 28 0 15 13 -0.625671 7 245 246
154 7 0 1 0 21 1 17 18 6 17 13 17 -0.216534 38 247 248
155 7 0 1 0 27 0 19 16 22 5 19 17 -0.0525253 -6 249 250
156 7 1 0 2 1 4 2 0 0 0 417 
157 7 1 0 8 1 4 0 0 7 1 418 
158 7 1 0 2 1 4 1 0 1 0 419 
159 7 0 1 0 32 31 14 14 21 32 14 15 -0.0855825 -33 251 252
160 7 1 0 2 1 4 0 0 1 1 430 
161 7 0 1 0 14 11 17 19 21 9 13 18 -0.0892857 32 253 254
162 7 0 1 0 2 21 20 14 1 22 18 17 -0.0957265 0 255 256
163 7 0 1 0 31 26 12 14 4 33 14 14 -0 -12 257 258
164 7 0 1 0 27 11 19 12 24 2 13 18 -0.166667 20 259 260
165 7 0 1 0 8 24 19 13 17 8 20 17 -0.121906 -62 261 262
166 7 1 0 7 1 4 6 0 0 1 471 
167 7 1 0 23 1 4 0 0 0 23 474 
168 7 1 0 2 1 4 0 1 0 1 475 
169 7 0 1 0 2 26 14 14 8 0 15 19 -0 35 263 264
170 7 1 0 2 1 4 1 1 0 0 478 
171 7 0 1 0 6 11 19 15 11 11 16 14 -0.0750958 4 265 266
172 7 1 0 4 1 4 0 0 1 3 482 
173 7 0 1 0 24 3 12 16 28 6 12 18 -0.117347 -5 267 268
174 7 1 0 16 1 4 16 0 0 0 486 
175 7 1 0 6 1 4 0 0 0 6 487 
176 7 0 1 0 27 13 16 17 8 18 14 20 -0 -41 269 270
177 7 0 1 0 1 16 20 16 6 1 17 16 -0.214656 -15 271 272
178 7 0 1 0 16 34 13 16 10 32 13 18 -0.76278 -3 273 274
179 7 0 1 0 30 19 20 14 26 15 18 15 -0.188235 -32 275 276
180 7 1 0 4 1 4 0 1 0 3 516 
181 7 0 1 0 20 25 14 13 1 28 14 16 -0.246786 9 277 278
182 7 0 1 0 3 1 20 17 4 17 16 20 -0.0627081 -49 279 280
183 7 0 1 0 21 27 12 14 15 24 13 17 -0.447704 2 281 282
184 7 0 1 0 19 18 12 20 20 11 18 18 -0.173097 -14 283 284
185 7 1 0 7 1 4 0 1 0 6 536 
186 7 0 1 0 19 34 12 17 1 23 19 15 -0.744978 -2 285 286
187 7 0 1 0 13 30 15 13 20 18 15 12 -0.235036 -8 287 288
188 7 1 0 3 1 4 0 0 0 3 559 
189 7 1 0 2 1 4 1 0 0 1 561 
190 7 1 0 52 1 4 0 0 0 52 562 
191 7 1 0 11 1 4 11 0 0 0 564 
192 7 1 0 2 1 4 1 0 0 1 565 
193 8 1 0 2 1 4 1 1 0 0 0 
194 8 1 0 20 1 4 20 0 0 0 1 
195 8 0 1 0 1 16 15 18 27 18 13 13 -0 -27 289 290
196 8 0 1 0 1 31 16 16 13 22 18 20 -0.0263158 -26 291 292
197 8 0 1 0 7 29 18 17 12 11 19 14 -0.0803089 -4 293 294
198 8 1 0 2 1 4 0 0 0 2 10 
199 8 0 1 0 14 14 18 18 16 30 13 13 -0.0274344 -35 295 296
200 8 0 1 0 1 34 13 12 30 3 13 15 -0.0870481 4 297 298
201 8 1 0 7 1 4 0 0 0 7 24 
202 8 1 0 6 1 4 5 1 0 0 25 
203 8 1 0 8 1 4 2 6 0 0 26 
204 8 0 1 0 17 13 14 13 19 20 12 19 -0.116723 23 299 300
205 8 0 1 0 26 27 16 18 16 24 18 20 -0.0275482 13 301 302
206 8 0 1 0 14 26 18 14 21 25 12 18 -0.12033 14 303 304
207 8 0 1 0 11 10 16 16 11 17 13 15 -0.156318 -8 305 306
208 8 0 1 0 11 27 13 13 13 26 20 20 -0.365244 -2 307 308
209 8 1 0 6 1 4 0 0 0 6 54 
210 8 0 1 0 15 31 15 17 14 32 14 13 -0.180286 -6 309 310
211 8 1 0 2 1 4 0 1 0 1 96 
212 8 1 0 18 1 4 0 0 0 18 97 
213 8 1 0 3 1 4 0 0 0 3 98 
214 8 0 1 0 25 29 13 17 21 18 13 15 -0.204262 -18 311 312
215 8 1 0 3 1 4 2 1 0 0 110 
216 8 0 1 0 3 8 20 15 16 10 20 14 -0.133333 -61 313 314
217 8 1 0 45 1 4 45 0 0 0 113 
218 8 1 0 2 1 4 1 1 0 0 114 
219 8 0 1 0 28 7 16 14 1 31 16 15 -0.0217391 -9 315 316
220 8 1 0 9 1 4 5 4 0 0 118 
221 8 0 1 0 29 33 14 17 22 26 13 17 -0.409295 0 317 318
222 8 1 0 7 1 4 0 0 6 1 136 
223 8 1 0 8 1 4 0 0 1 7 137 
224 8 1 0 3 1 4 3 0 0 0 138 
225 8 0 1 0 2 34 13 13 8 30 12 17 -0.0939985 -32 319 320
226 8 1 0 2 1 4 0 0 0 2 167 
227 8 1 0 8 1 4 0 0 8 0 170 
228 8 1 0 3 1 4 0 3 0 0 171 
229 8 0 1 0 11 12 20 13 21 7 15 12 -0 15 321 322
230 8 0 1 0 17 9 19 18 4 22 15 12 -0 -28 323 324
231 8 0 1 0 2 0 16 18 6 11 18 19 -0.061399 -72 325 326
232 8 1 0 2 1 4 0 0 1 1 190 
233 8 0 1 0 22 16 17 18 29 19 18 15 -0.110714 46 327 328
234 8 0 1 0 29 13 17 18 29 0 12 18 -0.175779 92 329 330
235 8 1 0 6 1 4 0 0 0 6 201 
236 8 0 1 0 28 16 15 18 0 5 16 16 -0.188678 60 331 332
237 8 0 1 0 24 6 20 12 15 25 19 16 -0.579691 -1 333 334
238 8 0 1 0 4 15 19 15 1 17 19 17 -0.351606 1 335 336
239 8 0 1 0 16 15 18 19 22 35 12 20 -0.4875 -50 337 338
240 8 0 1 0 6 34 13 19 6 29 12 20 -0.0631579 13 339 340
241 8 1 0 2 1 4 1 1 0 0 283 
242 8 0 1 0 9 16 15 17 13 7 16 17 -0.0362903 -8 341 342
243 8 0 1 0 20 4 17 19 11 12 19 12 -0 -33 343 344
244 8 0 1 0 28 3 15 18 23 31 15 15 -0.196825 -112 345 346
245 8 0 1 0 11 27 20 12 18 30 13 12 -0 -6 347 348
246 8 0 1 0 14 15 12 20 18 21 17 14 -0.512633 -4 349 350
247 8 0 1 0 9 25 20 13 4 24 20 20 -0.204898 14 351 352
248 8 0 1 0 19 22 15 14 3 9 18 14 -0 35 353 354
249 8 1 0 94 1 4 0 0 0 94 415 
250 8 1 0 5 1 4 1 1 2 1 416 
251 8 0 1 0 8 21 20 17 10 24 12 17 -0.0385098 -24 355 356
252 8 0 1 0 25 20 15 20 12 11 14 15 -0.0498538 -7 357 358
253 8 1 0 2 1 4 1 1 0 0 432 
254 8 0 1 0 15 4 20 14 0 3 16 13 -0.0357143 -22 359 360
255 8 1 0 5 1 4 0 4 1 0 435 
256 8 0 1 0 14 11 17 19 21 9 13 18 -0.0384615 46 361 362
257 8 1 0 8 1 4 8 0 0 0 439 
258 8 1 0 2 1 4 0 0 0 2 440 
259 8 1 0 2 1 4 0 1 0 1 441 
260 8 1 0 10 1 4 0 0 0 10 442 
261 8 1 0 2 1 4 2 0 0 0 443 
262 8 0 1 0 5 26 19 16 8 20 12 19 -0.113136 -31 363 364
263 8 1 0 6 1 4 0 0 0 6 476 
264 8 1 0 7 1 4 0 0 7 0 477 
265 8 0 1 0 31 0 17 16 23 30 14 19 -0 -5 365 366
266 8 1 0 5 1 4 0 2 2 1 481 
267 8 1 0 7 1 4 0 0 5 2 483 
268 8 0 1 0 24 8 14 17 14 3 15 18 -0 11 367 368
269 8 1 0 7 1 4 0 7 0 0 488 
270 8 1 0 13 1 4 0 0 13 0 489 
271 8 1 0 8 1 4 0 7 0 1 490 
272 8 0 1 0 1 1 14 13 5 2 13 12 -0.158241 17 369 370
273 8 0 1 0 13 25 13 16 27 25 13 16 -0.0185185 -12 371 372
274 8 0 1 0 17 35 12 13 19 19 17 12 -0.770167 13 373 374
275 8 1 0 3 1 4 3 0 0 0 513 
276 8 0 1 0 12 18 19 18 18 16 20 12 -0.117647 -25 375 376
277 8 0 1 0 6 9 19 18 6 9 16 17 -0.102381 1 377 378
278 8 1 0 7 1 4 0 0 1 6 520 
279 8 1 0 2 1 4 0 0 1 1 521 
280 8 0 1 0 27 18 18 20 1 29 14 13 -0 36 379 380
281 8 0 1 0 18 26 20 15 22 24 18 14 -0.25 13 381 382
282 8 0 1 0 21 23 14 17 20 7 20 15 -0.134272 33 383 384
283 8 1 0 2 1 4 2 0 0 0 531 
284 8 0 1 0 7 6 19 13 0 23 13 18 -0.070517 36 385 386
285 8 0 1 0 24 30 13 18 18 8 14 16 -0 -3 387 388
286 8 0 1 0 26 21 16 19 8 24 15 15 -0.671363 5 389 390
287 8 0 1 0 32 15 20 13 30 3 20 12 -0.181961 9 391 392
288 8 1 0 2 1 4 0 0 0 2 558 
289 9 1 0 7 1 4 0 7 0 0 3 
290 9 1 0 3 1 4 0 0 3 0 4 
291 9 1 0 17 1 4 0 0 0 17 5 
292 9 1 0 2 1 4 0 0 1 1 6 
293 9 1 0 2 1 4 0 1 0 1 7 
294 9 0 1 0 9 6 16 14 13 20 14 20 -0.0142857 -76 393 394
295 9 1 0 2 1 4 0 1 0 1 14 
296 9 0 1 0 26 18 16 20 10 20 19 16 -0.0138367 13 395 396
297 9 0 1 0 7 8 16 18 14 9 20 13 -0.0262548 -6 397 398
298 9 1 0 7 1 4 6 1 0 0 23 
299 9 0 1 0 24 12 17 15 20 15 19 20 -0.0740741 4 399 400
300 9 1 0 6 1 4 0 0 0 6 29 
301 9 1 0 22 1 4 22 0 0 0 30 
302 9 0 1 0 24 22 20 14 23 30 16 20 -0.0454545 -33 401 402
303 9 0 1 0 11 5 14 19 17 9 18 20 -0.0775085 15 403 404
304 9 1 0 4 1 4 0 0 3 1 40 
305 9 1 0 2 1 4 0 1 0 1 41 
306 9 0 1 0 11 21 16 13 10 30 17 13 -0.0314421 -20 405 406
307 9 0 1 0 20 10 18 12 21 22 19 19 -0.246416 10 407 408
308 9 1 0 2 1 4 0 0 0 2 53 
309 9 0 1 0 6 0 20 13 2 19 19 13 -0.372781 8 409 410
310 9 0 1 0 24 28 17 12 19 16 16 13 -0.149052 -16 411 412
311 9 0 1 0 23 13 16 14 30 14 18 12 -0 32 413 414
312 9 0 1 0 28 16 14 17 27 31 16 14 -0.165936 -18 415 416
313 9 1 0 13 1 4 0 0 0 13 111 
314 9 1 0 2 1 4 0 1 0 1 112 
315 9 1 0 21 1 4 0 0 21 0 116 
316 9 1 0 2 1 4 0 0 1 1 117 
317 9 0 1 0 9 22 15 18 12 28 16 20 -0.352941 -21 417 418
318 9 0 1 0 9 19 13 18 6 18 18 18 -0.306335 -3 419 420
319 9 0 1 0 31 10 15 13 23 14 20 15 -0.323392 -38 421 422
320 9 0 1 0 25 35 12 13 15 31 13 19 -0.0631676 31 423 424
321 9 1 0 12 1 4 12 0 0 0 180 
322 9 1 0 4 1 4 0 4 0 0 181 
323 9 1 0 7 1 4 0 7 0 0 182 
324 9 1 0 4 1 4 0 0 4 0 183 
325 9 1 0 4 1 4 1 0 3 0 185 
326 9 0 1 0 0 20 20 16 9 32 15 20 -0.0378035 -9 425 426
327 9 0 1 0 13 18 12 16 10 32 15 19 -0.0625 7 427 428
328 9 1 0 3 1 4 3 0 0 0 195 
329 9 0 1 0 19 19 19 15 18 31 12 14 -0.0906933 -22 429 430
330 9 1 0 3 1 4 0 0 3 0 200 
331 9 0 1 0 4 29 16 14 9 22 17 19 -0.164715 -2 431 432
332 9 0 1 0 3 7 17 15 1 35 12 15 -0.124444 -7 433 434
333 9 0 1 0 14 2 13 19 1 26 15 17 -0.341827 1 435 436
334 9 0 1 0 26 18 14 18 22 21 13 20 -0.2 5 437 438
335 9 0 1 0 30 33 14 13 32 3 20 13 -0.262863 108 439 440
336 9 0 1 0 7 20 15 14 3 26 13 19 -0.285906 -9 441 442
337 9 1 0 4 1 4 0 0 3 1 274 
338 9 0 1 0 16 1 17 15 32 27 15 12 -0.298898 38 443 444
339 9 1 0 14 1 4 0 0 0 14 281 
340 9 1 0 5 1 4 2 3 0 0 282 
341 9 1 0 2 1 4 1 0 0 1 284 
342 9 1 0 122 1 4 0 0 0 122 285 
343 9 1 0 2 1 4 0 2 0 0 286 
344 9 1 0 11 1 4 0 0 0 11 287 
345 9 1 0 5 1 4 0 3 2 0 288 
346 9 1 0 9 1 4 7 2 0 0 289 
347 9 1 0 2 1 4 0 0 2 0 293 
348 9 1 0 14 1 4 0 0 0 14 294 
349 9 0 1 0 8 21 20 13 11 13 16 20 -0.422061 19 445 446
350 9 0 1 0 25 16 14 13 31 15 18 16 -0.0416667 -2 447 448
351 9 0 1 0 8 11 20 15 16 7 18 16 -0.165378 -17 449 450
352 9 0 1 0 10 1 14 17 24 2 17 13 -0.206956 -14 451 452
353 9 1 0 2 1 4 0 0 2 0 413 
354 9 1 0 12 1 4 12 0 0 0 414 
355 9 1 0 4 1 4 4 0 0 0 420 
356 9 0 1 0 26 26 20 17 29 31 15 17 -0.0322712 1 453 454
357 9 0 1 0 28 1 14 19 26 3 17 20 -0.025 1 455 456
358 9 0 1 0 8 8 18 17 16 7 19 18 -0.0277778 48 457 458
359 9 1 0 2 1 4 0 1 1 0 433 
360 9 1 0 12 1 4 0 12 0 0 434 
361 9 1 0 11 1 4 0 0 11 0 436 
362 9 1 0 2 1 4 0 0 1 1 437 
363 9 1 0 5 1 4 2 2 0 1 444 
364 9 0 1 0 32 35 12 14 18 20 13 19 -0.103321 -1 459 460
365 9 1 0 56 1 4 56 0 0 0 479 
366 9 1 0 2 1 4 0 2 0 0 480 
367 9 1 0 25 1 4 0 25 0 0 484 
368 9 1 0 3 1 4 3 0 0 0 485 
369 9 0 1 0 3 14 19 15 31 6 12 13 -0.123609 -97 461 462
370 9 1 0 2 1 4 2 0 0 0 502 
371 9 1 0 2 1 4 0 0 1 1 503 
372 9 1 0 25 1 4 0 0 0 25 504 
373 9 1 0 9 1 4 6 2 1 0 505 
374 9 0 1 0 33 9 17 14 17 34 12 12 -0.530898 -79 463 464
375 9 1 0 2 1 4 0 1 0 1 514 
376 9 1 0 15 1 4 0 15 0 0 515 
377 9 0 1 0 10 31 13 16 18 4 13 12 -0 -7 465 466
378 9 1 0 4 1 4 1 3 0 0 519 
379 9 1 0 48 1 4 48 0 0 0 522 
380 9 1 0 3 1 4 0 3 0 0 523 
381 9 0 1 0 9 22 20 12 14 8 17 16 -0 19 467 468
382 9 1 0 2 1 4 1 1 0 0 526 
383 9 0 1 0 16 25 12 14 3 25 19 14 -0.0188034 43 469 470
384 9 1 0 4 1 4 0 0 1 3 530 
385 9 0 1 0 9 25 16 19 30 1 20 16 -0.0445465 -16 471 472
386 9 1 0 2 1 4 0 2 0 0 535 
387 9 1 0 4 1 4 0 0 0 4 537 
388 9 1 0 6 1 4 0 0 6 0 538 
389 9 0 1 0 13 28 12 12 26 17 16 20 -0.442308 0 473 474
390 9 0 1 0 1 18 20 15 27 13 19 16 -0.483939 -19 475 476
391 9 0 1 0 9 16 14 15 15 21 13 14 -0.0939592 -60 477 478
392 9 1 0 4 1 4 2 0 0 2 557 
393 10 1 0 2 1 4 1 1 0 0 8 
394 10 1 0 33 1 4 0 33 0 0 9 
395 10 0 1 0 17 5 12 15 15 0 16 20 -0.01055 4 479 480
396 10 1 0 2 1 4 0 2 0 0 19 
397 10 0 1 0 22 16 14 12 24 19 12 19 -0.0142857 17 481 482
398 10 1 0 2 1 4 2 0 0 0 22 
399 10 1 0 25 1 4 0 0 25 0 27 
400 10 1 0 2 1 4 1 0 1 0 28 
401 10 1 0 2 1 4 0 1 1 0 31 
402 10 1 0 9 1 4 0 9 0 0 32 
403 10 0 1 0 1 21 15 20 14 24 19 19 -0.0527194 -16 483 484
404 10 1 0 5 1 4 5 0 0 0 39 
405 10 1 0 2 1 4 0 1 1 0 42 
406 10 0 1 0 9 20 12 15 25 12 18 17 -0.0111111 -6 485 486
407 10 0 1 0 28 0 20 13 13 8 13 20 -0.19446 -11 487 488
408 10 0 1 0 13 11 12 18 2 3 16 18 -0 38 489 490
409 10 0 1 0 15 19 18 14 1 13 17 19 -0.153846 23 491 492
410 10 0 1 0 15 27 20 20 15 12 14 14 -0.27972 -15 493 494
411 10 0 1 0 0 16 17 14 32 18 14 14 -0.260185 -6 495 496
412 10 0 1 0 28 15 12 18 28 23 18 19 -0.128629 -4 497 498
413 10 1 0 3 1 4 0 3 0 0 99 
414 10 1 0 14 1 4 14 0 0 0 100 
415 10 0 1 0 29 16 15 18 29 24 14 16 -0.122581 2 499 500
416 10 1 0 2 1 4 0 0 0 2 109 
417 10 0 1 0 28 23 20 17 31 26 17 12 -0.280423 3 501 502
418 10 0 1 0 2 4 13 13 24 13 19 20 -0 5 503 504
419 10 0 1 0 12 17 15 12 6 23 12 15 -0.265306 9 505 506
420 10 0 1 0 3 13 13 14 5 16 18 16 -0.192409 -38 507 508
421 10 0 1 0 0 20 12 12 26 32 15 17 -0.198739 -137 509 510
422 10 1 0 7 1 4 0 0 0 7 143 
423 10 0 1 0 2 3 13 20 32 32 14 14 -0.0559552 14 511 512
424 10 0 1 0 25 19 19 17 22 7 19 12 -0.0324074 -11 513 514
425 10 0 1 0 20 28 17 19 24 26 16 16 -0.0216219 20 515 516
426 10 1 0 2 1 4 0 1 1 0 189 
427 10 1 0 2 1 4 0 1 0 1 193 
428 10 1 0 30 1 4 0 30 0 0 194 
429 10 1 0 3 1 4 0 2 0 1 196 
430 10 0 1 0 4 7 19 16 6 25 15 14 -0.0229013 2 517 518
431 10 0 1 0 20 6 16 12 15 24 16 12 -0.147971 -14 519 520
432 10 0 1 0 19 2 14 18 18 15 17 20 -0.125 -65 521 522
433 10 0 1 0 15 6 14 12 17 20 12 14 -0 -75 523 524
434 10 1 0 7 1 4 0 7 0 0 237 
435 10 0 1 0 23 22 19 12 23 26 12 17 -0.233652 4 525 526
436 10 1 0 6 1 4 0 4 1 1 242 
437 10 1 0 8 1 4 4 4 0 0 243 
438 10 1 0 2 1 4 0 0 0 2 244 
439 10 0 1 0 25 11 20 12 29 23 18 14 -0.234947 13 527 528
440 10 0 1 0 19 3 14 19 5 12 12 18 -0 -3 529 530
441 10 1 0 8 1 4 0 0 5 3 264 
442 10 0 1 0 25 10 16 20 30 0 12 17 -0.202799 11 531 532
443 10 0 1 0 17 12 20 15 18 16 13 14 -0.206757 -7 533 534
444 10 1 0 2 1 4 0 0 0 2 280 
445 10 0 1 0 2 5 13 20 12 17 16 13 -0.26285 -109 535 536
446 10 0 1 0 9 7 15 12 33 28 18 12 -0.307197 -46 537 538
447 10 1 0 2 1 4 0 1 1 0 313 
448 10 1 0 10 1 4 0 0 0 10 314 
449 10 0 1 0 22 33 12 18 5 1 12 18 -0.61699 152 539 540
450 10 0 1 0 23 21 17 18 18 15 18 14 -0.133892 -5 541 542
451 10 0 1 0 24 29 18 16 18 31 14 18 -0.249133 -5 543 544
452 10 0 1 0 21 9 16 17 33 23 20 12 -0.153159 -5 545 546
453 10 0 1 0 26 26 19 15 20 14 16 17 -0.0376471 47 547 548
454 10 0 1 0 24 21 15 20 26 26 14 16 -0.00223214 5 549 550
455 10 1 0 18 1 4 18 0 0 0 426 
456 10 1 0 2 1 4 1 1 0 0 427 
457 10 1 0 16 1 4 0 16 0 0 428 
458 10 1 0 2 1 4 0 1 1 0 429 
459 10 0 1 0 4 15 19 20 3 17 15 12 -0.0926071 -16 551 552
460 10 0 1 0 5 0 14 13 4 8 12 16 -0.380567 0 553 554
461 10 1 0 2 1 4 1 1 0 0 491 
462 10 0 1 0 15 33 14 17 17 27 17 13 -0.100005 -12 555 556
463 10 0 1 0 30 12 17 16 9 8 12 15 -0.117647 -29 557 558
464 10 0 1 0 26 17 15 20 19 12 16 12 -0.248925 5 559 560
465 10 1 0 2 1 4 0 2 0 0 517 
466 10 1 0 19 1 4 0 0 19 0 518 
467 10 1 0 6 1 4 0 0 0 6 524 
468 10 1 0 6 1 4 0 0 6 0 525 
469 10 1 0 7 1 4 7 0 0 0 527 
470 10 0 1 0 18 1 15 15 3 18 20 15 -0.0111111 22 561 562
471 10 1 0 2 1 4 0 1 0 1 532 
472 10 0 1 0 25 3 20 17 0 29 14 19 -0.00769231 -13 563 564
473 10 1 0 2 1 4 0 0 1 1 539 
474 10 0 1 0 1 7 12 19 10 7 13 14 -0.291827 -31 565 566
475 10 0 1 0 25 31 13 17 14 35 12 18 -0.346827 -35 567 568
476 10 0 1 0 15 26 17 14 8 27 14 12 -0 8 569 570
477 10 1 0 2 1 4 1 0 0 1 554 
478 10 0 1 0 29 18 14 16 26 16 12 20 -0.0319149 -5 571 572
479 11 1 0 4 1 4 2 2 0 0 15 
480 11 0 1 0 20 14 19 14 22 22 14 18 -0.0053634 -10 573 574
481 11 1 0 2 1 4 0 1 1 0 20 
482 11 1 0 33 1 4 0 33 0 0 21 
483 11 0 1 0 12 15 20 12 22 26 17 19 -0.0366876 -5 575 576
484 11 1 0 3 1 4 0 0 3 0 38 
485 11 1 0 2 1 4 1 1 0 0 43 
486 11 1 0 43 1 4 43 0 0 0 44 
487 11 0 1 0 2 11 18 17 7 16 18 13 -0.142373 -15 577 578
488 11 1 0 3 1 4 0 0 2 1 50 
489 11 1 0 2 1 4 0 2 0 0 51 
490 11 1 0 16 1 4 16 0 0 0 52 
491 11 1 0 2 1 4 0 1 0 1 55 
492 11 1 0 11 1 4 0 0 0 11 56 
493 11 1 0 2 1 4 2 0 0 0 57 
494 11 0 1 0 15 19 18 14 1 13 17 19 -0.181818 70 579 580
495 11 1 0 6 1 4 1 3 0 2 60 
496 11 0 1 0 25 28 19 16 19 29 18 15 -0 -55 581 582
497 11 0 1 0 16 23 20 13 9 32 13 12 -0.0706907 4 583 584
498 11 0 1 0 4 27 17 20 3 10 12 19 -0.790691 3 585 586
499 11 0 1 0 28 21 16 16 20 23 14 16 -0.0925935 -18 587 588
500 11 1 0 2 1 4 0 0 0 2 108 
501 11 0 1 0 6 6 15 14 3 6 15 17 -0.125356 0 589 590
502 11 1 0 2 1 4 0 0 0 2 123 
503 11 1 0 15 1 4 15 0 0 0 124 
504 11 1 0 2 1 4 0 2 0 0 125 
505 11 1 0 7 1 4 3 4 0 0 126 
506 11 1 0 7 1 4 0 1 5 1 127 
507 11 1 0 2 1 4 0 0 0 2 128 
508 11 0 1 0 31 4 14 16 27 35 12 16 -0.150666 -134 591 592
509 11 1 0 6 1 4 0 5 0 1 139 
510 11 0 1 0 30 21 20 12 28 17 14 19 -0.0581897 29 593 594
511 11 0 1 0 6 32 14 20 17 10 13 12 -0.0490251 47 595 596
512 11 1 0 3 1 4 1 0 0 2 164 
513 11 1 0 8 1 4 7 1 0 0 165 
514 11 1 0 19 1 4 0 19 0 0 166 
515 11 0 1 0 1 28 13 17 5 27 17 20 -0 5 597 598
516 11 1 0 2 1 4 1 0 0 1 188 
517 11 0 1 0 0 8 18 13 3 22 12 20 -0.00684932 -75 599 600
518 11 1 0 5 1 4 1 4 0 0 199 
519 11 0 1 0 0 26 19 12 14 28 19 20 -0.137169 -24 601 602
520 11 0 1 0 7 26 12 18 0 12 15 17 -0.0333333 8 603 604
521 11 1 0 2 1 4 1 0 1 0 233 
522 11 1 0 14 1 4 0 0 14 0 234 
523 11 1 0 4 1 4 0 0 0 4 235 
524 11 1 0 14 1 4 0 0 14 0 236 
525 11 0 1 0 25 0 12 20 6 4 14 12 -0.254058 1 605 606
526 11 1 0 35 1 4 0 0 0 35 241 
527 11 0 1 0 16 6 16 17 26 2 15 20 -0.170926 12 607 608
528 11 0 1 0 19 22 13 13 27 6 12 15 -0.0357143 -15 609 610
529 11 1 0 2 1 4 0 0 2 0 262 
530 11 1 0 40 1 4 0 40 0 0 263 
531 11 0 1 0 2 20 13 18 14 32 15 16 -0.13346 -7 611 612
532 11 0 1 0 9 31 13 18 24 27 12 20 -0 -9 613 614
533 11 1 0 4 1 4 1 1 1 1 275 
534 11 0 1 0 30 4 12 16 16 9 15 18 -0.0409664 -2 615 616
535 11 1 0 5 1 4 0 1 3 1 295 
536 11 0 1 0 23 5 20 13 31 21 12 14 -0.139314 16 617 618
537 11 0 1 0 10 9 14 19 2 23 19 16 -0.173913 -32 619 620
538 11 0 1 0 4 1 16 19 18 5 19 19 -0.192246 28 621 622
539 11 0 1 0 1 30 14 20 6 12 16 20 -0.406087 34 623 624
540 11 0 1 0 10 5 19 18 7 16 12 14 -0 15 625 626
541 11 0 1 0 15 24 16 15 16 20 16 13 -0.483366 2 627 628
542 11 0 1 0 29 8 16 17 2 28 18 14 -0.103734 4 629 630
543 11 0 1 0 23 6 19 12 0 14 16 19 -0.0416489 11 631 632
544 11 0 1 0 18 7 17 18 22 4 19 13 -0.269777 -4 633 634
545 11 0 1 0 23 19 13 18 23 19 12 17 -0.121368 -1 635 636
546 11 0 1 0 0 3 15 12 0 1 14 13 -0.104912 1 637 638
547 11 1 0 8 1 4 8 0 0 0 421 
548 11 0 1 0 27 30 16 15 19 8 15 17 -0.0294118 123 639 640
549 11 1 0 222 1 4 0 222 0 0 424 
550 11 1 0 2 1 4 1 1 0 0 425 
551 11 1 0 2 1 4 1 0 1 0 445 
552 11 0 1 0 21 14 16 17 20 12 19 18 -0.0860087 -5 641 642
553 11 1 0 6 1 4 1 4 1 0 468 
554 11 0 1 0 17 16 18 14 2 18 17 19 -0.0615385 -3 643 644
555 11 1 0 2 1 4 0 2 0 0 492 
556 11 0 1 0 2 19 18 15 0 23 12 15 -0.0831085 -9 645 646
557 11 1 0 2 1 4 0 1 0 1 506 
558 11 1 0 15 1 4 0 0 0 15 507 
559 11 0 1 0 16 14 13 16 9 0 14 13 -0 37 647 648
560 11 0 1 0 17 11 19 19 2 25 20 18 -0.131076 -2 649 650
561 11 1 0 2 1 4 1 1 0 0 528 
562 11 1 0 43 1 4 0 43 0 0 529 
563 11 1 0 2 1 4 0 0 1 1 533 
564 11 1 0 63 1 4 0 0 0 63 534 
565 11 1 0 7 1 4 0 6 0 1 540 
566 11 0 1 0 13 17 20 18 12 21 12 14 -0.133125 -9 651 652
567 11 1 0 4 1 4 0 0 0 4 544 
568 11 0 1 0 25 26 15 17 23 14 12 12 -0.265532 -27 653 654
569 11 1 0 4 1 4 0 0 4 0 552 
570 11 1 0 6 1 4 0 0 0 6 553 
571 11 1 0 139 1 4 139 0 0 0 555 
572 11 1 0 2 1 4 1 0 0 1 556 
573 12 1 0 2 1 4 1 1 0 0 16 
574 12 0 1 0 13 25 12 18 1 1 20 13 -0.00180505 13 655 656
575 12 0 1 0 25 18 18 15 17 13 18 15 -0.0283019 -12 657 658
576 12 1 0 2 1 4 2 0 0 0 37 
577 12 0 1 0 27 27 20 20 4 27 15 20 -0 9 659 660
578 12 0 1 0 23 32 13 16 20 11 15 16 -0.0798958 3 661 662
579 12 1 0 9 1 4 0 9 0 0 58 
580 12 1 0 2 1 4 0 1 0 1 59 
581 12 1 0 2 1 4 0 2 0 0 61 
582 12 1 0 28 1 4 28 0 0 0 62 
583 12 0 1 0 23 26 13 12 32 25 20 12 -0 34 663 664
584 12 0 1 0 8 25 15 12 4 7 17 15 -0.0621493 50 665 666
585 12 0 1 0 33 9 19 14 26 3 12 19 -0.0355556 -2 667 668
586 12 0 1 0 21 17 19 20 26 32 14 13 -0.634243 -10 669 670
587 12 0 1 0 21 1 18 20 17 3 15 15 -0.0652566 3 671 672
588 12 1 0 8 1 4 7 1 0 0 107 
589 12 1 0 2 1 4 0 0 0 2 119 
590 12 0 1 0 27 12 13 20 13 9 16 13 -0.0367893 11 673 674
591 12 1 0 9 1 4 1 6 2 0 129 
592 12 0 1 0 32 33 13 13 19 23 16 16 -0.100377 35 675 676
593 12 1 0 3 1 4 0 3 0 0 140 
594 12 0 1 0 27 33 12 15 24 26 17 13 -0 1 677 678
595 12 0 1 0 30 21 17 14 5 25 16 12 -0.0410818 94 679 680
596 12 1 0 4 1 4 2 0 0 2 163 
597 12 1 0 296 1 4 296 0 0 0 186 
598 12 1 0 2 1 4 0 2 0 0 187 
599 12 1 0 2 1 4 1 1 0 0 197 
600 12 1 0 71 1 4 71 0 0 0 198 
601 12 0 1 0 3 31 15 17 25 24 17 16 -0.126097 21 681 682
602 12 0 1 0 13 6 15 19 23 26 14 12 -0.0416667 -5 683 684
603 12 1 0 2 1 4 1 1 0 0 231 
604 12 1 0 13 1 4 13 0 0 0 232 
605 12 0 1 0 14 8 15 15 0 20 19 17 -0 5 685 686
606 12 1 0 8 1 4 1 1 6 0 240 
607 12 0 1 0 19 25 15 17 13 29 18 15 -0.127924 -16 687 688
608 12 1 0 7 1 4 6 1 0 0 259 
609 12 1 0 2 1 4 0 0 1 1 260 
610 12 1 0 12 1 4 0 0 0 12 261 
611 12 0 1 0 8 9 18 13 19 3 16 20 -0.0927121 -9 689 690
612 12 1 0 9 1 4 0 0 9 0 271 
613 12 1 0 4 1 4 0 4 0 0 272 
614 12 1 0 11 1 4 11 0 0 0 273 
615 12 0 1 0 33 29 18 12 24 17 18 12 -0.0144831 -29 691 692
616 12 1 0 2 1 4 0 0 2 0 279 
617 12 0 1 0 28 25 14 18 22 23 20 18 -0 -17 693 694
618 12 0 1 0 31 33 14 14 23 27 18 14 -0.0397727 -37 695 696
619 12 0 1 0 12 31 16 16 9 31 12 16 -0.0772947 0 697 698
620 12 1 0 5 1 4 0 0 0 5 304 
621 12 0 1 0 23 20 14 16 22 30 12 19 -0.153793 -11 699 700
622 12 1 0 8 1 4 0 0 7 1 312 
623 12 1 0 4 1 4 0 0 2 2 315 
624 12 0 1 0 28 29 16 19 24 16 19 19 -0.232384 28 701 702
625 12 1 0 9 1 4 0 0 9 0 321 
626 12 1 0 2 1 4 0 0 0 2 322 
627 12 0 1 0 29 3 18 17 31 4 18 16 -0.163377 2 703 704
628 12 0 1 0 19 16 12 16 9 5 14 17 -0.250889 50 705 706
629 12 0 1 0 10 24 14 20 21 29 17 16 -0.0985006 -93 707 708
630 12 0 1 0 13 31 14 16 26 1 13 19 -0 47 709 710
631 12 1 0 7 1 4 0 0 6 1 387 
632 12 0 1 0 7 15 18 17 10 18 13 19 -0 -32 711 712
633 12 1 0 5 1 4 1 3 1 0 390 
634 12 0 1 0 23 7 12 16 30 23 13 14 -0.0320197 -66 713 714
635 12 0 1 0 1 29 16 15 0 23 15 20 -0 19 715 716
636 12 0 1 0 31 24 19 16 11 11 17 19 -0.089544 3 717 718
637 12 0 1 0 5 7 20 12 32 1 15 15 -0 5 719 720
638 12 1 0 6 1 4 0 1 5 0 412 
639 12 1 0 15 1 4 0 15 0 0 422 
640 12 1 0 2 1 4 0 1 1 0 423 
641 12 1 0 2 1 4 1 1 0 0 446 
642 12 0 1 0 18 19 17 13 6 29 12 14 -0.0822958 92 721 722
643 12 1 0 5 1 4 0 1 4 0 469 
644 12 1 0 8 1 4 0 0 0 8 470 
645 12 1 0 4 1 4 0 1 3 0 493 
646 12 0 1 0 27 27 20 12 28 28 19 12 -0.0740046 2 723 724
647 12 1 0 6 1 4 0 6 0 0 508 
648 12 1 0 5 1 4 5 0 0 0 509 
649 12 0 1 0 2 28 16 12 24 12 15 13 -0.015625 6 725 726
650 12 1 0 4 1 4 0 0 0 4 512 
651 12 1 0 4 1 4 1 2 0 1 541 
652 12 0 1 0 28 8 19 18 3 22 18 14 -0.0128205 15 727 728
653 12 0 1 0 23 9 15 17 22 6 12 15 -0 7 729 730
654 12 0 1 0 25 29 18 13 23 32 15 14 -0.201093 -7 731 732
655 13 1 0 2 1 4 1 1 0 0 17 
656 13 1 0 275 1 4 275 0 0 0 18 
657 13 1 0 4 1 4 2 2 0 0 33 
658 13 0 1 0 10 17 16 18 4 24 18 13 -0.0146078 17 733 734
659 13 1 0 4 1 4 0 4 0 0 45 
660 13 1 0 6 1 4 6 0 0 0 46 
661 13 1 0 2 1 4 2 0 0 0 47 
662 13 0 1 0 18 31 12 20 29 11 19 17 -0.0425532 48 735 736
663 13 1 0 13 1 4 13 0 0 0 63 
664 13 1 0 5 1 4 0 5 0 0 64 
665 13 0 1 0 11 14 19 20 21 13 14 15 -0.0542986 -56 737 738
666 13 1 0 7 1 4 0 3 0 4 88 
667 13 1 0 9 1 4 8 1 0 0 89 
668 13 1 0 16 1 4 0 16 0 0 90 
669 13 0 1 0 6 11 19 18 2 22 15 20 -0.27972 20 739 740
670 13 1 0 5 1 4 3 2 0 0 94 
671 13 0 1 0 11 25 19 16 11 31 15 18 -0.046374 -1 741 742
672 13 1 0 2 1 4 0 0 1 1 106 
673 13 0 1 0 32 28 16 13 26 23 14 12 -0 3 743 744
674 13 1 0 6 1 4 6 0 0 0 122 
675 13 0 1 0 22 16 14 20 27 7 19 19 -0.0564562 -5 745 746
676 13 1 0 4 1 4 0 2 2 0 135 
677 13 1 0 2 1 4 0 2 0 0 141 
678 13 1 0 27 1 4 27 0 0 0 142 
679 13 0 1 0 10 19 20 13 6 6 12 17 -0.0362782 85 747 748
680 13 1 0 2 1 4 0 1 0 1 162 
681 13 0 1 0 4 25 15 17 6 25 18 14 -0.0963219 -7 749 750
682 13 0 1 0 13 25 15 20 21 19 20 18 -0.0595238 30 751 752
683 13 1 0 10 1 4 10 0 0 0 229 
684 13 1 0 2 1 4 1 1 0 0 230 
685 13 1 0 12 1 4 0 0 0 12 238 
686 13 1 0 2 1 4 0 0 2 0 239 
687 13 0 1 0 32 0 16 13 27 24 14 18 -0.0546569 -2 753 754
688 13 0 1 0 31 28 17 16 26 30 12 13 -0.0876924 -21 755 756
689 13 1 0 3 1 4 0 0 2 1 265 
690 13 0 1 0 19 20 19 16 22 30 17 12 -0.0523627 -9 757 758
691 13 1 0 2 1 4 0 2 0 0 276 
692 13 0 1 0 17 27 12 19 19 5 19 18 -0.00757576 43 759 760
693 13 1 0 23 1 4 0 23 0 0 296 
694 13 1 0 6 1 4 6 0 0 0 297 
695 13 1 0 2 1 4 0 2 0 0 298 
696 13 0 1 0 29 3 14 14 0 30 16 15 -0.0227273 -32 761 762
697 13 1 0 5 1 4 0 5 0 0 301 
698 13 0 1 0 11 3 17 19 33 10 17 14 -0 0 763 764
699 13 0 1 0 30 25 19 17 16 27 19 19 -0.116512 -39 765 766
700 13 1 0 2 1 4 0 0 1 1 311 
701 13 0 1 0 28 1 19 15 0 21 18 12 -0 -64 767 768
702 13 0 1 0 18 13 16 15 25 28 15 16 -0.162896 -16 769 770
703 13 0 1 0 23 23 16 16 17 27 18 13 -0 -35 771 772
704 13 1 0 3 1 4 0 0 2 1 325 
705 13 0 1 0 27 23 15 12 26 27 20 17 -0.129386 -20 773 774
706 13 0 1 0 25 21 19 19 18 4 18 17 -0.0519713 26 775 776
707 13 1 0 13 1 4 0 13 0 0 334 
708 13 0 1 0 18 19 14 14 12 26 15 19 -0.0934144 4 777 778
709 13 1 0 2 1 4 0 0 2 0 385 
710 13 1 0 17 1 4 0 0 0 17 386 
711 13 1 0 2 1 4 0 0 2 0 388 
712 13 1 0 58 1 4 0 0 0 58 389 
713 13 1 0 15 1 4 0 0 15 0 391 
714 13 0 1 0 16 27 20 17 17 35 12 18 -0.0357143 -1 779 780
715 13 1 0 14 1 4 0 0 0 14 394 
716 13 1 0 8 1 4 0 0 8 0 395 
717 13 1 0 9 1 4 1 7 1 0 396 
718 13 0 1 0 4 31 12 20 3 35 12 15 -0.0737649 15 781 782
719 13 1 0 17 1 4 0 0 0 17 410 
720 13 1 0 2 1 4 0 0 2 0 411 
721 13 0 1 0 17 22 15 20 27 27 19 19 -0.0716455 -11 783 784
722 13 0 1 0 16 13 15 19 15 7 20 16 -0 34 785 786
723 13 0 1 0 18 3 12 14 7 1 13 16 -0.179688 1 787 788
724 13 0 1 0 13 7 17 14 11 12 15 14 -0.0524025 16 789 790
725 13 1 0 2 1 4 1 1 0 0 510 
726 13 1 0 30 1 4 0 0 30 0 511 
727 13 1 0 37 1 4 37 0 0 0 542 
728 13 1 0 2 1 4 1 1 0 0 543 
729 13 1 0 4 1 4 0 4 0 0 545 
730 13 1 0 15 1 4 15 0 0 0 546 
731 13 1 0 5 1 4 0 2 0 3 547 
732 13 0 1 0 3 27 18 16 0 34 13 14 -0.107724 -4 791 792
733 14 1 0 2 1 4 0 1 1 0 34 
734 14 0 1 0 14 2 16 18 11 19 20 19 -0.005 43 793 794
735 14 1 0 2 1 4 0 1 0 1 48 
736 14 1 0 45 1 4 0 45 0 0 49 
737 14 1 0 4 1 4 0 2 0 2 65 
738 14 0 1 0 9 16 14 18 8 30 15 13 -0.0480281 -20 795 796
739 14 0 1 0 25 15 13 20 29 27 13 12 -0.121212 -9 797 798
740 14 1 0 4 1 4 0 4 0 0 93 
741 14 0 1 0 19 27 12 14 13 10 19 16 -0.034936 0 799 800
742 14 1 0 3 1 4 3 0 0 0 105 
743 14 1 0 44 1 4 0 44 0 0 120 
744 14 1 0 2 1 4 2 0 0 0 121 
745 14 1 0 2 1 4 0 0 2 0 130 
746 14 0 1 0 11 28 13 19 28 29 16 16 -0.0301797 -39 801 802
747 14 0 1 0 20 15 18 15 24 22 17 12 -0.0316081 -22 803 804
748 14 1 0 3 1 4 1 0 1 1 161 
749 14 0 1 0 1 29 18 19 9 33 12 20 -0 -52 805 806
750 14 0 1 0 26 1 19 18 33 9 14 12 -0.0826816 24 807 808
751 14 1 0 6 1 4 0 0 1 5 227 
752 14 1 0 8 1 4 0 8 0 0 228 
753 14 0 1 0 9 19 20 14 9 3 13 17 -0.05 8 809 810
754 14 0 1 0 19 25 18 14 4 8 17 12 -0.0208333 4 811 812
755 14 0 1 0 28 14 12 15 9 16 14 20 -0.15 7 813 814
756 14 0 1 0 29 34 12 17 19 31 13 15 -0.0441672 -21 815 816
757 14 0 1 0 27 6 19 15 30 4 19 16 -0.0332657 -5 817 818
758 14 1 0 3 1 4 3 0 0 0 270 
759 14 1 0 64 1 4 64 0 0 0 277 
760 14 1 0 2 1 4 1 1 0 0 278 
761 14 1 0 20 1 4 20 0 0 0 299 
762 14 1 0 2 1 4 1 1 0 0 300 
763 14 1 0 2 1 4 0 2 0 0 302 
764 14 1 0 16 1 4 0 0 16 0 303 
765 14 0 1 0 22 24 20 12 30 28 13 13 -0.089365 14 819 820
766 14 1 0 3 1 4 3 0 0 0 310 
767 14 1 0 3 1 4 0 3 0 0 316 
768 14 1 0 26 1 4 26 0 0 0 317 
769 14 0 1 0 3 23 14 17 11 25 12 16 -0 -25 821 822
770 14 1 0 4 1 4 4 0 0 0 320 
771 14 1 0 3 1 4 0 3 0 0 323 
772 14 1 0 13 1 4 13 0 0 0 324 
773 14 0 1 0 31 4 16 12 4 9 12 12 -0.0416667 3 823 824
774 14 0 1 0 30 34 13 15 10 25 15 20 -0.0705128 6 825 826
775 14 1 0 5 1 4 0 0 0 5 331 
776 14 0 1 0 17 27 19 19 14 23 13 16 -0 20 827 828
777 14 0 1 0 3 17 13 16 21 4 16 16 -0.0852295 -31 829 830
778 14 1 0 9 1 4 5 1 3 0 384 
779 14 1 0 12 1 4 0 0 0 12 392 
780 14 1 0 2 1 4 0 0 1 1 393 
781 14 0 1 0 19 10 14 19 28 11 13 13 -0.0466781 30 831 832
782 14 0 1 0 27 19 12 14 23 30 16 12 -0.0961538 -81 833 834
783 14 1 0 2 1 4 1 0 0 1 447 
784 14 0 1 0 19 3 12 20 2 10 12 13 -0.0658721 132 835 836
785 14 1 0 7 1 4 0 0 0 7 466 
786 14 1 0 3 1 4 3 0 0 0 467 
787 14 1 0 8 1 4 0 0 0 8 494 
788 14 1 0 8 1 4 0 1 5 2 495 
789 14 0 1 0 7 20 15 16 7 26 14 12 -0.0303221 13 837 838
790 14 1 0 8 1 4 0 2 0 6 501 
791 14 1 0 6 1 4 5 1 0 0 548 
792 14 0 1 0 4 19 17 16 24 31 12 15 -0.0641673 -40 839 840
793 15 1 0 98 1 4 0 98 0 0 35 
794 15 1 0 2 1 4 1 1 0 0 36 
795 15 1 0 2 1 4 0 0 1 1 66 
796 15 0 1 0 9 28 16 20 9 29 13 12 -0.044313 7 841 842
797 15 1 0 3 1 4 0 2 0 1 91 
798 15 1 0 19 1 4 0 0 0 19 92 
799 15 1 0 2 1 4 0 1 0 1 101 
800 15 0 1 0 22 26 19 12 24 7 18 17 -0.0118309 36 843 844
801 15 1 0 9 1 4 2 7 0 0 131 
802 15 0 1 0 12 27 12 12 11 24 20 15 -0.0101398 -24 845 846
803 15 1 0 9 1 4 2 7 0 0 144 
804 15 0 1 0 31 22 19 16 21 20 17 20 -0.0288772 20 847 848
805 15 1 0 5 1 4 0 5 0 0 202 
806 15 1 0 16 1 4 16 0 0 0 203 
807 15 0 1 0 21 31 15 15 17 11 18 16 -0.076129 9 849 850
808 15 1 0 2 1 4 0 0 0 2 226 
809 15 1 0 8 1 4 0 0 8 0 245 
810 15 1 0 2 1 4 0 1 1 0 246 
811 15 1 0 2 1 4 0 1 1 0 247 
812 15 1 0 22 1 4 0 22 0 0 248 
813 15 0 1 0 26 9 14 20 15 0 14 18 -0 0 851 852
814 15 1 0 9 1 4 0 1 7 1 251 
815 15 1 0 6 1 4 0 0 2 4 252 
816 15 0 1 0 22 28 12 20 29 27 19 13 -0.0293754 -46 853 854
817 15 1 0 2 1 4 0 0 2 0 266 
818 15 0 1 0 18 12 17 14 6 30 17 14 -0.011623 -25 855 856
819 15 1 0 3 1 4 0 0 3 0 305 
820 15 0 1 0 24 15 13 18 1 3 13 12 -0.0633154 -24 857 858
821 15 1 0 4 1 4 0 0 4 0 318 
822 15 1 0 9 1 4 0 9 0 0 319 
823 15 1 0 10 1 4 0 0 10 0 326 
824 15 1 0 2 1 4 0 1 1 0 327 
825 15 0 1 0 18 33 13 13 28 28 18 17 -0 34 859 860
826 15 1 0 2 1 4 2 0 0 0 330 
827 15 1 0 29 1 4 0 0 29 0 332 
828 15 1 0 2 1 4 0 2 0 0 333 
829 15 1 0 3 1 4 3 0 0 0 335 
830 15 0 1 0 3 26 13 17 5 30 17 14 -0.0810154 14 861 862
831 15 0 1 0 9 26 13 17 14 18 12 14 -0.0340461 0 863 864
832 15 1 0 8 1 4 0 6 2 0 405 
833 15 1 0 8 1 4 0 0 0 8 406 
834 15 0 1 0 18 9 16 12 13 26 12 15 -0.0520833 -43 865 866
835 15 0 1 0 25 28 18 14 28 12 20 17 -0.0636773 50 867 868
836 15 1 0 2 1 4 0 2 0 0 465 
837 15 0 1 0 17 19 18 12 3 8 17 19 -0.0187933 -3 869 870
838 15 1 0 4 1 4 0 1 0 3 500 
839 15 0 1 0 19 35 12 20 8 23 13 15 -0.00684932 31 871 872
840 15 1 0 3 1 4 3 0 0 0 551 
841 16 1 0 8 1 4 6 2 0 0 67 
842 16 0 1 0 23 7 18 16 25 23 16 12 -0.0410609 -8 873 874
843 16 1 0 2 1 4 2 0 0 0 102 
844 16 0 1 0 15 31 16 18 19 31 15 13 -0.0040404 2 875 876
845 16 1 0 4 1 4 1 3 0 0 132 
846 16 0 1 0 27 1 20 17 28 16 19 16 -0.00297619 0 877 878
847 16 0 1 0 35 32 15 12 26 26 12 17 -0.0255858 -3 879 880
848 16 1 0 2 1 4 1 0 0 1 160 
849 16 1 0 5 1 4 5 0 0 0 204 
850 16 0 1 0 5 8 20 13 19 1 19 14 -0.0691119 -7 881 882
851 16 1 0 2 1 4 0 0 2 0 249 
852 16 1 0 14 1 4 0 14 0 0 250 
853 16 1 0 2 1 4 0 2 0 0 253 
854 16 0 1 0 11 26 19 19 13 26 12 20 -0.0233866 14 883 884
855 16 1 0 2 1 4 0 0 2 0 267 
856 16 0 1 0 0 30 13 19 4 14 20 19 -0.0060241 10 885 886
857 16 1 0 4 1 4 3 1 0 0 306 
858 16 0 1 0 4 14 13 18 28 34 13 18 -0.0391283 -39 887 888
859 16 1 0 2 1 4 0 0 2 0 328 
860 16 1 0 22 1 4 0 22 0 0 329 
861 16 0 1 0 29 25 20 17 30 35 12 14 -0.0766298 9 889 890
862 16 0 1 0 26 21 17 16 1 23 16 16 -0 -17 891 892
863 16 1 0 3 1 4 0 0 0 3 397 
864 16 0 1 0 4 18 20 20 22 31 15 18 -0.0280366 -127 893 894
865 16 0 1 0 6 25 17 17 30 12 20 12 -0.03125 14 895 896
866 16 1 0 2 1 4 0 0 0 2 409 
867 16 0 1 0 11 4 15 18 4 6 20 20 -0.0562809 43 897 898
868 16 1 0 5 1 4 1 1 0 3 464 
869 16 1 0 2 1 4 0 0 1 1 496 
870 16 0 1 0 25 3 16 16 26 4 14 13 -0.0153115 5 899 900
871 16 1 0 2 1 4 0 0 1 1 549 
872 16 1 0 71 1 4 0 71 0 0 550 
873 17 0 1 0 12 27 15 18 13 27 15 18 -0.0321992 2 901 902
874 17 1 0 8 1 4 1 4 0 3 87 
875 17 1 0 162 1 4 0 162 0 0 103 
876 17 1 0 3 1 4 2 1 0 0 104 
877 17 1 0 166 1 4 166 0 0 0 133 
878 17 1 0 2 1 4 1 1 0 0 134 
879 17 0 1 0 6 28 13 16 14 34 12 16 -0.05612 -42 903 904
880 17 0 1 0 9 4 13 18 7 0 17 20 -0.019927 4 905 906
881 17 1 0 3 1 4 0 1 0 2 205 
882 17 0 1 0 26 33 14 16 31 25 12 16 -0.0584364 10 907 908
883 17 0 1 0 17 31 12 17 20 28 19 17 -0.0164701 -24 909 910
884 17 1 0 3 1 4 0 2 1 0 258 
885 17 1 0 81 1 4 0 81 0 0 268 
886 17 1 0 2 1 4 0 1 1 0 269 
887 17 1 0 9 1 4 0 5 4 0 307 
888 17 0 1 0 15 26 18 15 13 22 17 18 -0.00684932 3 911 912
889 17 0 1 0 35 31 16 12 8 6 19 16 -0.0701874 0 913 914
890 17 0 1 0 25 4 19 16 2 10 20 14 -0 -14 915 916
891 17 1 0 12 1 4 0 12 0 0 382 
892 17 1 0 2 1 4 0 0 2 0 383 
893 17 1 0 2 1 4 0 2 0 0 398 
894 17 0 1 0 19 25 19 20 22 25 16 17 -0.0220026 -6 917 918
895 17 1 0 2 1 4 0 0 1 1 407 
896 17 1 0 14 1 4 0 0 14 0 408 
897 17 0 1 0 27 29 12 18 30 32 14 13 -0.054212 -4 919 920
898 17 1 0 2 1 4 0 2 0 0 463 
899 17 0 1 0 1 10 15 15 4 3 13 12 -0.00177305 -4 921 922
900 17 1 0 7 1 4 0 1 0 6 499 
901 18 0 1 0 25 27 12 19 23 11 17 20 -0.0299213 5 923 924
902 18 1 0 2 1 4 0 1 0 1 86 
903 18 0 1 0 21 28 15 15 22 32 13 18 -0.0546218 4 925 926
904 18 0 1 0 17 28 13 20 1 21 12 13 -0.00909091 137 927 928
905 18 0 1 0 17 25 13 18 12 34 12 14 -0.16875 -34 929 930
906 18 0 1 0 1 31 15 13 17 0 12 20 -0.00711558 -42 931 932
907 18 1 0 5 1 4 0 1 3 1 206 
908 18 0 1 0 11 12 17 15 14 8 14 14 -0.0505757 1 933 934
909 18 1 0 5 1 4 0 2 3 0 254 
910 18 0 1 0 11 26 18 18 22 12 16 17 -0.00795013 -15 935 936
911 18 1 0 2 1 4 0 1 1 0 308 
912 18 1 0 71 1 4 0 71 0 0 309 
913 18 0 1 0 0 22 19 18 2 24 17 12 -0.0446429 -6 937 938
914 18 0 1 0 16 15 15 17 28 27 14 19 -0.065834 11 939 940
915 18 1 0 3 1 4 0 0 3 0 380 
916 18 1 0 11 1 4 0 0 0 11 381 
917 18 1 0 2 1 4 0 0 0 2 399 
918 18 0 1 0 17 34 12 19 13 18 20 14 -0.0185507 96 941 942
919 18 0 1 0 4 23 19 18 0 33 13 16 -0.321404 -25 943 944
920 18 0 1 0 7 28 18 15 7 31 14 15 -0.021579 4 945 946
921 18 1 0 2 1 4 0 0 1 1 497 
922 18 1 0 280 1 4 0 0 0 280 498 
923 19 0 1 0 21 30 17 15 29 31 14 13 -0.0347222 33 947 948
924 19 0 1 0 9 28 15 12 8 8 19 18 -0.025821 27 949 950
925 19 0 1 0 0 34 12 14 22 13 14 18 -0.0357143 -29 951 952
926 19 1 0 3 1 4 3 0 0 0 147 
927 19 1 0 53 1 4 53 0 0 0 148 
928 19 1 0 2 1 4 1 1 0 0 149 
929 19 1 0 4 1 4 1 0 0 3 150 
930 19 1 0 36 1 4 36 0 0 0 151 
931 19 1 0 4 1 4 2 2 0 0 152 
932 19 0 1 0 4 27 13 16 4 30 15 12 -0.00636817 -41 953 954
933 19 1 0 4 1 4 4 0 0 0 207 
934 19 0 1 0 19 16 13 14 11 12 17 15 -0.0467095 40 955 956
935 19 1 0 2 1 4 0 1 1 0 255 
936 19 0 1 0 26 2 20 17 21 24 16 18 -0.00358423 11 957 958
937 19 1 0 5 1 4 0 0 5 0 336 
938 19 0 1 0 27 19 17 13 23 1 14 12 -0.03125 38 959 960
939 19 0 1 0 25 22 15 17 26 19 12 17 -0.061265 -4 961 962
940 19 1 0 6 1 4 2 2 2 0 379 
941 19 0 1 0 10 4 12 20 1 12 13 12 -0.00974026 15 963 964
942 19 1 0 8 1 4 0 0 5 3 404 
943 19 1 0 5 1 4 4 0 1 0 448 
944 19 0 1 0 24 25 15 20 25 18 17 16 -0.13865 -5 965 966
945 19 0 1 0 23 22 18 16 25 20 17 13 -0.0169391 13 967 968
946 19 1 0 5 1 4 0 2 0 3 462 
947 20 1 0 6 1 4 5 1 0 0 68 
948 20 1 0 18 1 4 0 18 0 0 69 
949 20 0 1 0 11 12 14 12 5 13 12 19 -0.0235825 0 969 970
950 20 1 0 2 1 4 0 1 0 1 85 
951 20 1 0 2 1 4 1 1 0 0 145 
952 20 1 0 12 1 4 0 12 0 0 146 
953 20 1 0 2 1 4 1 1 0 0 153 
954 20 0 1 0 19 14 19 12 17 16 17 17 -0.0058873 3 971 972
955 20 0 1 0 18 2 14 15 8 15 14 12 -0.0422028 -15 973 974
956 20 1 0 3 1 4 3 0 0 0 225 
957 20 1 0 183 1 4 0 0 183 0 256 
958 20 1 0 3 1 4 0 1 2 0 257 
959 20 1 0 14 1 4 0 14 0 0 337 
960 20 1 0 2 1 4 1 1 0 0 338 
961 20 1 0 8 1 4 0 0 1 7 339 
962 20 0 1 0 23 6 17 15 1 30 15 12 -0.0582146 8 975 976
963 20 0 1 0 22 19 15 19 21 19 12 20 -0.00492332 21 977 978
964 20 1 0 4 1 4 0 2 2 0 403 
965 20 0 1 0 14 32 13 16 18 23 15 20 -0.0412844 4 979 980
966 20 1 0 4 1 4 3 0 0 1 451 
967 20 0 1 0 11 20 20 15 12 2 18 17 -0.0157018 -6 981 982
968 20 1 0 2 1 4 0 1 1 0 461 
969 21 0 1 0 25 19 19 19 28 14 15 13 -0 9 983 984
970 21 0 1 0 9 33 12 16 9 33 12 17 -0.017565 0 985 986
971 21 0 1 0 28 23 20 13 29 2 17 18 -0.160846 25 987 988
972 21 0 1 0 26 25 16 12 23 7 12 20 -0.00100366 83 989 990
973 21 0 1 0 16 22 18 18 15 17 19 14 -0.0314315 -26 991 992
974 21 1 0 5 1 4 0 3 0 2 224 
975 21 0 1 0 8 9 15 12 2 13 17 15 -0.0561739 16 993 994
976 21 1 0 6 1 4 0 0 0 6 378 
977 21 0 1 0 18 17 14 17 14 14 12 13 -0.00248344 -6 995 996
978 21 1 0 2 1 4 0 0 1 1 402 
979 21 1 0 2 1 4 1 0 0 1 449 
980 21 1 0 107 1 4 0 0 0 107 450 
981 21 1 0 2 1 4 0 1 0 1 452 
982 21 0 1 0 27 19 12 16 23 28 15 20 -0.0138398 -12 997 998
983 22 1 0 2 1 4 0 0 0 2 70 
984 22 1 0 16 1 4 0 16 0 0 71 
985 22 0 1 0 20 32 13 12 12 24 19 17 -0.0151236 6 999 1000
986 22 0 1 0 16 18 13 15 10 8 17 20 -0 18 1001 1002
987 22 1 0 2 1 4 1 0 0 1 154 
988 22 0 1 0 11 6 12 13 3 28 15 17 -0.015625 28 1003 1004
989 22 1 0 1866 1 4 1866 0 0 0 157 
990 22 0 1 0 29 29 17 18 25 28 15 17 -0.0114943 -16 1005 1006
991 22 1 0 3 1 4 3 0 0 0 208 
992 22 0 1 0 12 13 17 20 9 16 18 20 -0.0286102 6 1007 1008
993 22 0 1 0 14 16 19 19 25 13 12 12 -0.0535486 -15 1009 1010
994 22 1 0 5 1 4 1 3 1 0 377 
995 22 1 0 4 1 4 0 1 3 0 400 
996 22 1 0 298 1 4 0 0 298 0 401 
997 22 0 1 0 25 14 16 13 25 16 16 19 -0.195098 8 1011 1012
998 22 0 1 0 15 31 16 17 2 30 15 19 -0.00238614 -78 1013 1014
999 23 1 0 8 1 4 3 5 0 0 72 
1000 23 0 1 0 5 10 12 14 1 26 17 20 -0.0133731 -8 1015 1016
1001 23 1 0 3 1 4 3 0 0 0 83 
1002 23 1 0 7 1 4 0 7 0 0 84 
1003 23 1 0 30 1 4 30 0 0 0 155 
1004 23 1 0 2 1 4 1 1 0 0 156 
1005 23 1 0 3 1 4 1 2 0 0 158 
1006 23 1 0 55 1 4 55 0 0 0 159 
1007 23 0 1 0 19 11 19 16 21 27 19 12 -0.024212 -18 1017 1018
1008 23 1 0 2 1 4 0 0 2 0 223 
1009 23 1 0 6 1 4 2 1 3 0 340 
1010 23 0 1 0 33 31 16 14 30 6 13 12 -0.049889 -3 1019 1020
1011 23 0 1 0 7 27 14 20 16 14 15 13 -0 8 1021 1022
1012 23 0 1 0 10 17 12 13 0 25 16 18 -0.0294118 45 1023 1024
1013 23 1 0 2 1 4 0 0 1 1 457 
1014 23 0 1 0 32 20 13 15 27 28 12 20 -0.00209055 -15 1025 1026
1015 24 0 1 0 30 18 20 14 29 17 19 17 -0.107915 -1 1027 1028
1016 24 0 1 0 0 24 12 14 7 18 17 12 -0.00404935 2 1029 1030
1017 24 0 1 0 11 22 15 15 22 11 13 15 -0.0215151 13 1031 1032
1018 24 1 0 3 1 4 0 0 3 0 222 
1019 24 1 0 7 1 4 0 6 0 1 341 
1020 24 0 1 0 29 15 18 12 22 10 20 17 -0.0470204 -17 1033 1034
1021 24 1 0 5 1 4 0 5 0 0 453 
1022 24 1 0 7 1 4 0 0 0 7 454 
1023 24 1 0 66 1 4 0 0 0 66 455 
1024 24 1 0 2 1 4 0 1 0 1 456 
1025 24 0 1 0 27 19 20 12 31 24 18 16 -0.042328 31 1035 1036
1026 24 1 0 1820 1 4 0 0 0 1820 460 
1027 25 1 0 2 1 4 0 1 0 1 73 
1028 25 0 1 0 21 11 15 17 17 5 15 15 -0.0743838 -15 1037 1038
1029 25 0 1 0 11 24 19 17 8 25 13 16 -0.00335885 5 1039 1040
1030 25 1 0 3 1 4 1 2 0 0 82 
1031 25 1 0 2 1 4 2 0 0 0 209 
1032 25 0 1 0 3 35 12 14 0 25 20 15 -0.0199693 18 1041 1042
1033 25 1 0 3 1 4 0 0 0 3 342 
1034 25 0 1 0 11 17 18 16 13 19 16 12 -0.045289 11 1043 1044
1035 25 1 0 3 1 4 0 1 0 2 458 
1036 25 1 0 60 1 4 0 0 0 60 459 
1037 26 1 0 3 1 4 0 2 0 1 74 
1038 26 0 1 0 15 23 15 20 15 26 14 13 -0.0232558 -20 1045 1046
1039 26 1 0 7 1 4 1 6 0 0 77 
1040 26 0 1 0 19 33 13 14 12 28 14 20 -0.0024552 7 1047 1048
1041 26 0 1 0 26 31 16 17 26 24 14 17 -0.0102019 0 1049 1050
1042 26 0 1 0 28 11 16 14 26 5 17 16 -0.0703297 10 1051 1052
1043 26 0 1 0 25 16 18 14 31 28 19 15 -0.0440186 10 1053 1054
1044 26 1 0 4 1 4 0 4 0 0 376 
1045 27 1 0 2 1 4 0 1 0 1 75 
1046 27 1 0 84 1 4 0 84 0 0 76 
1047 27 1 0 5 1 4 1 4 0 0 78 
1048 27 0 1 0 34 31 15 13 31 22 15 14 -0.00167968 52 1055 1056
1049 27 1 0 3 1 4 0 1 2 0 210 
1050 27 0 1 0 19 16 12 12 13 20 12 17 -0.00822991 0 1057 1058
1051 27 0 1 0 13 4 20 17 8 28 17 20 -0.0277056 -30 1059 1060
1052 27 1 0 4 1 4 4 0 0 0 221 
1053 27 0 1 0 24 8 19 18 7 32 13 20 -0.0417874 -148 1061 1062
1054 27 1 0 3 1 4 1 1 1 0 375 
1055 28 1 0 1092 1 4 0 1092 0 0 79 
1056 28 0 1 0 2 34 12 19 28 8 12 12 -0 33 1063 1064
1057 28 0 1 0 27 19 20 20 30 18 20 16 -0.0054552 21 1065 1066
1058 28 1 0 6 1 4 2 4 0 0 217 
1059 28 0 1 0 27 22 16 14 7 27 12 17 -0.0151515 -51 1067 1068
1060 28 1 0 2 1 4 2 0 0 0 220 
1061 28 1 0 3 1 4 0 3 0 0 343 
1062 28 0 1 0 8 13 20 16 7 32 14 13 -0.0407651 -28 1069 1070
1063 29 1 0 40 1 4 0 40 0 0 80 
1064 29 1 0 2 1 4 2 0 0 0 81 
1065 29 0 1 0 12 10 15 12 2 7 13 19 -0.00430719 69 1071 1072
1066 29 1 0 2 1 4 1 1 0 0 216 
1067 29 1 0 2 1 4 1 1 0 0 218 
1068 29 1 0 31 1 4 0 31 0 0 219 
1069 29 0 1 0 9 31 12 17 5 33 12 15 -0.0289221 20 1073 1074
1070 29 0 1 0 3 13 16 17 3 16 14 12 -0.111263 4 1075 1076
1071 30 0 1 0 30 25 13 13 23 0 14 20 -0.00289374 -6 1077 1078
1072 30 1 0 4 1 4 1 3 0 0 215 
1073 30 0 1 0 28 34 13 16 30 28 16 12 -0.0242311 -14 1079 1080
1074 30 0 1 0 28 9 13 12 8 16 19 18 -0.105442 -5 1081 1082
1075 30 0 1 0 12 30 12 20 16 24 14 16 -0.0272201 22 1083 1084
1076 30 1 0 8 1 4 4 2 2 0 374 
1077 31 1 0 6 1 4 1 5 0 0 211 
1078 31 0 1 0 30 25 16 12 33 33 13 14 -0.00150108 -37 1085 1086
1079 31 1 0 4 1 4 0 0 1 3 344 
1080 31 0 1 0 30 28 17 15 23 10 18 17 -0.0231961 2 1087 1088
1081 31 0 1 0 5 13 18 16 0 31 12 17 -0.0451128 -15 1089 1090
1082 31 1 0 7 1 4 0 0 0 7 368 
1083 31 0 1 0 18 22 14 14 13 25 16 12 -0.0185674 18 1091 1092
1084 31 0 1 0 27 1 16 19 13 20 13 17 -0.05 1 1093 1094
1085 32 0 1 0 0 20 14 18 11 32 15 15 -0.0294118 -33 1095 1096
1086 32 1 0 610 1 4 0 610 0 0 214 
1087 32 1 0 3 1 4 0 0 1 2 345 
1088 32 0 1 0 13 13 18 12 12 12 17 17 -0.0218452 -10 1097 1098
1089 32 1 0 2 1 4 0 0 0 2 365 
1090 32 0 1 0 13 2 17 15 23 20 13 13 -0.0263158 -101 1099 1100
1091 32 0 1 0 27 25 20 12 24 28 15 19 -0.0109051 7 1101 1102
1092 32 1 0 2 1 4 0 0 1 1 371 
1093 32 1 0 2 1 4 0 1 1 0 372 
1094 32 1 0 8 1 4 0 8 0 0 373 
1095 33 1 0 2 1 4 1 1 0 0 212 
1096 33 1 0 15 1 4 0 15 0 0 213 
1097 33 1 0 2 1 4 0 0 0 2 346 
1098 33 0 1 0 23 17 12 18 33 32 14 13 -0.020867 5 1103 1104
1099 33 1 0 2 1 4 0 1 1 0 366 
1100 33 1 0 17 1 4 0 0 17 0 367 
1101 33 1 0 124 1 4 0 0 124 0 369 
1102 33 1 0 7 1 4 0 2 5 0 370 
1103 34 0 1 0 19 10 18 14 1 30 14 12 -0.0198405 13 1105 1106
1104 34 1 0 2 1 4 0 2 0 0 364 
1105 35 0 1 0 34 30 16 12 3 11 18 15 -0.0191886 10 1107 1108
1106 35 1 0 2 1 4 0 0 0 2 363 
1107 36 0 1 0 18 31 13 20 24 25 18 13 -0.137882 17 1109 1110
1108 36 0 1 0 27 27 14 15 29 31 16 16 -0.0129558 21 1111 1112
1109 37 1 0 46 1 4 0 0 46 0 347 
1110 37 0 1 0 23 24 17 14 16 30 16 13 -0.177778 -49 1113 1114
1111 37 0 1 0 26 29 13 16 11 22 13 18 -0.0124297 -20 1115 1116
1112 37 1 0 2 1 4 0 0 1 1 362 
1113 38 1 0 6 1 4 0 0 4 2 348 
1114 38 0 1 0 7 2 12 18 24 5 12 19 -0 -7 1117 1118
1115 38 1 0 2 1 4 0 0 1 1 351 
1116 38 0 1 0 4 4 14 17 8 1 15 17 -0.0119189 -14 1119 1120
1117 39 1 0 3 1 4 0 0 3 0 349 
1118 39 1 0 12 1 4 0 12 0 0 350 
1119 39 1 0 2 1 4 0 1 1 0 352 
1120 39 0 1 0 27 21 14 14 24 24 14 20 -0.0114064 7 1121 1122
1121 40 0 1 0 30 28 18 15 16 16 13 20 -0.0109395 22 1123 1124
1122 40 1 0 2 1 4 0 1 1 0 361 
1123 41 0 1 0 14 32 12 13 8 1 19 17 -0.101587 69 1125 1126
1124 41 0 1 0 24 16 14 19 11 5 17 12 -0.00272491 -5 1127 1128
1125 42 0 1 0 1 13 18 17 9 23 18 20 -0.114286 -46 1129 1130
1126 42 1 0 107 1 4 0 0 107 0 355 
1127 42 0 1 0 25 18 16 13 3 6 15 18 -0.0158557 8 1131 1132
1128 42 0 1 0 28 30 16 16 24 32 13 14 -0.000446961 -37 1133 1134
1129 43 1 0 5 1 4 4 0 1 0 353 
1130 43 1 0 23 1 4 0 0 23 0 354 
1131 43 0 1 0 2 20 15 18 8 13 19 13 -0.00847458 -3 1135 1136
1132 43 1 0 3 1 4 0 3 0 0 358 
1133 43 1 0 4 1 4 0 1 3 0 359 
1134 43 1 0 1674 1 4 0 0 1674 0 360 
1135 44 1 0 2 1 4 0 1 1 0 356 
1136 44 1 0 57 1 4 0 0 57 0 357 
