-2147483648 -2147483648 data/trees_headpose/tree_023.txt
100 10 5000 30 30000 1 48 1 data/trees_headpose ./data/Cropped_HBO_Data_4view.txt
1 0
0 0 0 1 0 28 27 18 18 29 17 19 17 -0.981992 6 1 2
1 1 0 1 0 14 7 17 14 11 30 16 12 -0.765396 -14 3 4
2 1 0 1 0 11 11 12 12 7 13 20 14 -0.719451 2 5 6
3 2 0 1 0 0 6 14 18 7 2 13 17 -0.486967 8 7 8
4 2 0 1 0 7 32 14 13 32 12 20 12 -1.38082 38 9 10
5 2 0 1 0 1 31 13 16 6 13 17 15 -0.600807 -9 11 12
6 2 0 1 0 4 22 16 13 0 28 15 14 -0.60421 -1 13 14
7 3 0 1 0 4 18 19 18 5 28 17 14 -0.403099 3 15 16
8 3 0 1 0 8 29 18 15 18 10 12 20 -0.725624 32 17 18
9 3 0 1 0 9 9 13 18 4 4 16 18 -1.13991 5 19 20
10 3 0 1 0 0 25 13 16 9 15 14 20 -0.760508 -88 21 22
11 3 0 1 0 23 6 20 18 26 26 19 16 -0.231732 -1 23 24
12 3 0 1 0 13 18 13 13 18 8 14 13 -0.571399 -8 25 26
13 3 0 1 0 11 31 14 12 28 35 12 16 -0.447219 31 27 28
14 3 0 1 0 1 12 15 20 4 25 14 17 -0.524854 -22 29 30
15 4 0 1 0 31 34 13 13 25 14 15 20 -0.330636 -4 31 32
16 4 0 1 0 25 30 15 13 26 11 17 12 -1.06994 5 33 34
17 4 0 1 0 22 26 20 12 25 21 17 12 -0.350929 1 35 36
18 4 0 1 0 22 14 15 12 18 5 20 15 -0.389937 6 37 38
19 4 0 1 0 7 16 17 12 2 14 13 14 -0.410272 2 39 40
20 4 0 1 0 6 27 20 17 0 30 17 12 -1.16473 22 41 42
21 4 1 0 7 1 4 7 0 0 0 118 
22 4 0 1 0 15 2 17 19 10 28 18 18 -0.481017 -1 43 44
23 4 0 1 0 10 11 17 12 8 11 12 20 -0.20767 1 45 46
24 4 1 0 9 1 4 0 0 2 7 159 
25 4 0 1 0 22 16 19 13 22 35 12 13 -0.810619 -29 47 48
26 4 0 1 0 23 1 18 20 34 29 17 12 -0.39957 8 49 50
27 4 0 1 0 21 12 13 13 29 15 18 13 -0.291111 12 51 52
28 4 0 1 0 1 31 15 17 6 33 13 17 -1.1087 -31 53 54
29 4 0 1 0 28 17 20 13 25 14 12 12 -0.741576 -11 55 56
30 4 0 1 0 30 29 15 12 26 34 13 19 -0.398087 -38 57 58
31 5 0 1 0 0 29 17 12 5 23 15 13 -0.187747 53 59 60
32 5 0 1 0 9 9 16 12 11 3 12 19 -0.776234 -8 61 62
33 5 0 1 0 26 27 12 15 34 23 14 12 -0.518519 1 63 64
34 5 0 1 0 13 26 14 19 13 21 20 17 -0.504374 8 65 66
35 5 0 1 0 25 31 16 20 13 19 15 19 -0.184848 0 67 68
36 5 0 1 0 23 23 20 19 6 7 18 12 -0 -1 69 70
37 5 0 1 0 12 22 17 17 1 27 19 15 -0.0600667 -16 71 72
38 5 0 1 0 20 7 15 12 20 34 12 20 -0.230989 -26 73 74
39 5 0 1 0 21 26 19 14 12 16 19 14 -0.140616 21 75 76
40 5 0 1 0 21 31 12 14 5 5 15 18 -0.296057 10 77 78
41 5 0 1 0 23 29 14 19 27 21 18 12 -0.596275 -32 79 80
42 5 0 1 0 6 13 20 20 8 27 20 14 -1.22471 7 81 82
43 5 0 1 0 31 33 12 13 28 30 14 14 -0.231314 3 83 84
44 5 1 0 5 1 4 4 1 0 0 122 
45 5 0 1 0 24 30 15 16 9 26 19 14 -0.269901 35 85 86
46 5 0 1 0 8 2 12 13 15 27 18 16 -0.148628 -10 87 88
47 5 0 1 0 0 22 13 13 27 10 12 18 -0.524735 12 89 90
48 5 0 1 0 29 32 14 17 28 0 17 19 -0.50487 20 91 92
49 5 0 1 0 32 19 20 13 15 7 20 13 -0.375113 -1 93 94
50 5 0 1 0 1 14 20 17 12 20 15 17 -0.111751 -24 95 96
51 5 0 1 0 0 0 19 16 12 9 17 17 -0.527095 -19 97 98
52 5 0 1 0 35 30 16 12 27 26 15 20 -0.219962 -11 99 100
53 5 0 1 0 25 25 14 19 27 15 17 18 -0.213975 28 101 102
54 5 0 1 0 8 32 12 13 14 19 20 18 -0.900355 35 103 104
55 5 0 1 0 21 24 14 20 23 17 18 16 -0.277692 17 105 106
56 5 0 1 0 0 10 12 19 10 17 16 14 -1.03287 -74 107 108
57 5 0 1 0 9 14 19 18 5 22 15 15 -0.0545147 27 109 110
58 5 0 1 0 28 25 20 12 33 31 16 14 -0.385234 6 111 112
59 6 0 1 0 4 22 19 13 2 22 20 15 -0.162929 -3 113 114
60 6 0 1 0 14 2 13 12 22 8 12 15 -0 -58 115 116
61 6 0 1 0 14 29 17 15 18 16 20 13 -0.483376 28 117 118
62 6 0 1 0 29 0 18 16 26 14 18 20 -0.653301 2 119 120
63 6 1 0 9 1 4 2 6 1 0 63 
64 6 0 1 0 9 21 13 20 14 17 17 12 -0.109023 -16 121 122
65 6 0 1 0 0 3 20 12 28 31 16 15 -0.231822 -27 123 124
66 6 1 0 5 1 4 0 1 0 4 72 
67 6 1 0 6 1 4 0 0 5 1 73 
68 6 1 0 5 1 4 3 2 0 0 74 
69 6 1 0 5 1 4 0 5 0 0 75 
70 6 1 0 26 1 4 26 0 0 0 76 
71 6 1 0 2 1 4 0 0 2 0 77 
72 6 0 1 0 25 20 18 16 9 5 18 14 -0 0 125 126
73 6 0 1 0 22 11 16 15 0 19 20 17 -0.0292929 0 127 128
74 6 1 0 20 1 4 0 0 0 20 83 
75 6 0 1 0 7 15 20 14 16 28 19 16 -0.0625638 -22 129 130
76 6 0 1 0 6 4 20 16 9 5 13 15 -0.0192308 3 131 132
77 6 0 1 0 10 3 18 13 6 14 19 16 -0.0699301 -15 133 134
78 6 0 1 0 1 8 15 17 20 14 17 17 -0.04329 -18 135 136
79 6 1 0 5 1 4 0 0 2 3 96 
80 6 0 1 0 2 31 13 17 11 29 14 18 -0.501179 34 137 138
81 6 0 1 0 30 30 16 12 29 16 13 18 -1.34108 2 139 140
82 6 0 1 0 24 30 14 13 19 14 20 17 -0.0185185 -1 141 142
83 6 0 1 0 15 17 14 13 19 17 19 14 -0.00749064 -11 143 144
84 6 1 0 3 1 4 3 0 0 0 121 
85 6 0 1 0 5 6 13 18 2 1 13 18 -0.0886224 24 145 146
86 6 0 1 0 23 29 13 12 11 28 14 15 -0.046875 32 147 148
87 6 0 1 0 14 19 20 20 26 21 13 18 -0.125193 13 149 150
88 6 0 1 0 22 0 17 20 3 18 18 13 -0.0909091 -46 151 152
89 6 0 1 0 10 28 14 15 15 1 17 14 -0.229098 17 153 154
90 6 0 1 0 9 19 14 12 16 12 18 18 -0.219383 -13 155 156
91 6 0 1 0 1 28 16 19 3 25 14 20 -0.334545 12 157 158
92 6 0 1 0 3 28 15 16 14 26 16 14 -0.332028 -37 159 160
93 6 0 1 0 1 30 15 15 7 28 18 14 -0.954742 -27 161 162
94 6 0 1 0 17 16 18 14 1 27 20 14 -0.215891 50 163 164
95 6 0 1 0 23 32 15 19 24 22 16 18 -0.0316901 3 165 166
96 6 1 0 7 1 4 1 4 0 2 343 
97 6 0 1 0 12 16 13 17 27 31 16 13 -0.556675 -27 167 168
98 6 0 1 0 17 22 15 20 30 26 20 17 -0.116892 4 169 170
99 6 0 1 0 19 20 14 12 19 33 14 13 -0.373963 -9 171 172
100 6 0 1 0 18 13 16 16 20 20 12 13 -0.180771 19 173 174
101 6 0 1 0 21 0 13 14 20 1 18 17 -0.0487805 -3 175 176
102 6 1 0 8 1 4 1 7 0 0 418 
103 6 0 1 0 0 32 15 13 4 25 16 15 -0.707079 -3 177 178
104 6 0 1 0 17 8 13 15 24 22 20 15 -0.09375 2 179 180
105 6 0 1 0 17 11 14 17 11 26 16 19 -0.199133 12 181 182
106 6 1 0 2 1 4 2 0 0 0 436 
107 6 0 1 0 23 0 13 14 4 2 20 12 -0.276611 -17 183 184
108 6 0 1 0 22 23 17 17 8 0 12 18 -0.798122 19 185 186
109 6 1 0 4 1 4 0 3 0 1 450 
110 6 0 1 0 25 19 12 16 27 8 20 20 -0.00812784 2 187 188
111 6 0 1 0 28 20 17 19 15 7 19 16 -0.473073 -20 189 190
112 6 0 1 0 25 5 19 12 29 24 20 14 -0.295099 8 191 192
113 7 0 1 0 23 27 18 15 0 27 12 19 -0 45 193 194
114 7 0 1 0 13 16 12 17 1 23 17 16 -0.142191 104 195 196
115 7 1 0 17 1 4 17 0 0 0 34 
116 7 1 0 3 1 4 0 0 0 3 35 
117 7 0 1 0 22 8 18 12 31 26 15 15 -0.0410628 3 197 198
118 7 0 1 0 35 35 12 12 27 23 16 16 -0.20202 -9 199 200
119 7 0 1 0 5 35 12 19 13 12 18 18 -0.523154 24 201 202
120 7 0 1 0 14 28 18 20 6 12 13 12 -0.295652 51 203 204
121 7 1 0 2 1 4 1 1 0 0 64 
122 7 0 1 0 27 1 18 17 1 25 19 14 -0 -29 205 206
123 7 0 1 0 7 19 13 19 21 8 15 19 -0.0277778 1 207 208
124 7 0 1 0 22 19 14 18 14 6 16 20 -0.138393 45 209 210
125 7 1 0 27 1 4 0 27 0 0 78 
126 7 1 0 2 1 4 2 0 0 0 79 
127 7 0 1 0 23 27 18 20 24 33 13 18 -0.0166667 5 211 212
128 7 1 0 3 1 4 3 0 0 0 82 
129 7 1 0 2 1 4 1 1 0 0 84 
130 7 0 1 0 24 23 16 19 29 17 12 16 -0.0142732 3 213 214
131 7 1 0 24 1 4 0 0 0 24 88 
132 7 1 0 2 1 4 0 1 1 0 89 
133 7 1 0 2 1 4 0 2 0 0 90 
134 7 0 1 0 10 11 20 18 31 18 16 15 -0.0454545 22 215 216
135 7 1 0 10 1 4 10 0 0 0 93 
136 7 0 1 0 10 11 20 18 31 18 16 15 -0.0454545 9 217 218
137 7 0 1 0 5 24 20 14 3 29 18 16 -0.445886 -3 219 220
138 7 1 0 7 1 4 0 0 7 0 106 
139 7 0 1 0 17 17 13 16 2 19 14 15 -0.986886 114 221 222
140 7 0 1 0 27 0 12 18 19 14 15 13 -0.393382 -24 223 224
141 7 1 0 39 1 4 39 0 0 0 116 
142 7 1 0 9 1 4 1 8 0 0 117 
143 7 1 0 3 1 4 2 1 0 0 119 
144 7 1 0 86 1 4 0 0 0 86 120 
145 7 0 1 0 12 14 20 12 13 24 19 14 -0.0106383 -33 225 226
146 7 0 1 0 29 27 14 14 34 30 17 12 -0.0729167 4 227 228
147 7 1 0 4 1 4 0 0 1 3 127 
148 7 1 0 12 1 4 0 12 0 0 128 
149 7 0 1 0 8 14 16 12 5 31 15 14 -0.194771 14 229 230
150 7 0 1 0 23 0 20 13 0 5 20 16 -0.0924312 29 231 232
151 7 1 0 7 1 4 0 0 0 7 157 
152 7 1 0 4 1 4 0 2 2 0 158 
153 7 0 1 0 10 12 15 13 1 8 17 20 -0.113333 0 233 234
154 7 0 1 0 2 33 13 13 26 2 15 14 -0.0989369 89 235 236
155 7 0 1 0 1 22 19 14 10 19 13 12 -0 32 237 238
156 7 0 1 0 25 30 17 16 16 33 14 12 -0.0493421 -28 239 240
157 7 0 1 0 8 28 17 18 26 10 18 20 -0.0454545 -4 241 242
158 7 1 0 3 1 4 3 0 0 0 174 
159 7 0 1 0 27 4 12 20 13 21 12 18 -0.331197 -22 243 244
160 7 0 1 0 28 32 15 17 19 25 17 20 -0.156247 22 245 246
161 7 0 1 0 4 11 16 18 22 5 12 16 -0.755202 9 247 248
162 7 0 1 0 18 17 18 15 8 32 14 13 -0.664821 -16 249 250
163 7 0 1 0 1 15 20 19 0 28 19 18 -0.200064 -8 251 252
164 7 0 1 0 15 18 18 14 2 23 17 18 -0.195503 72 253 254
165 7 1 0 2 1 4 1 0 0 1 341 
166 7 1 0 140 1 4 0 0 0 140 342 
167 7 0 1 0 8 4 13 12 0 9 19 17 -0.479893 0 255 256
168 7 0 1 0 12 6 17 13 17 33 12 13 -0.0736842 -48 257 258
169 7 0 1 0 24 20 12 16 23 21 15 17 -0.0352134 4 259 260
170 7 0 1 0 19 22 15 13 28 22 17 17 -0.3 41 261 262
171 7 0 1 0 25 20 18 15 18 13 15 17 -0.275033 -23 263 264
172 7 0 1 0 20 30 17 17 17 15 17 20 -0.0638298 16 265 266
173 7 0 1 0 18 31 13 17 21 35 12 17 -0.15561 -15 267 268
174 7 0 1 0 25 31 14 16 30 4 18 12 -0.194805 73 269 270
175 7 1 0 39 1 4 0 0 0 39 416 
176 7 1 0 2 1 4 1 0 1 0 417 
177 7 0 1 0 16 2 20 15 13 24 15 16 -0.0840336 -27 271 272
178 7 0 1 0 15 10 14 15 12 31 16 12 -0.328479 -26 273 274
179 7 1 0 8 1 4 0 3 5 0 428 
180 7 1 0 12 1 4 0 0 0 12 429 
181 7 0 1 0 0 22 12 16 0 25 20 15 -0.133325 8 275 276
182 7 1 0 3 1 4 1 2 0 0 435 
183 7 1 0 4 1 4 1 3 0 0 437 
184 7 0 1 0 25 19 18 12 10 29 13 16 -0.0392157 -3 277 278
185 7 0 1 0 17 21 15 16 12 13 16 14 -0.05 20 279 280
186 7 0 1 0 12 8 17 17 16 27 18 19 -0.538761 -31 281 282
187 7 1 0 3 1 4 0 3 0 0 451 
188 7 0 1 0 26 25 19 16 13 25 18 12 -0.00420168 -107 283 284
189 7 0 1 0 3 33 14 12 5 25 18 13 -0.371721 3 285 286
190 7 0 1 0 27 3 15 20 26 18 20 12 -0.345518 -13 287 288
191 7 0 1 0 19 28 19 14 11 25 19 19 -0.19028 -8 289 290
192 7 0 1 0 10 14 12 19 12 25 19 13 -1.01223 2 291 292
193 8 1 0 7 1 4 7 0 0 0 0 
194 8 1 0 4 1 4 0 0 0 4 1 
195 8 0 1 0 12 24 20 18 21 3 18 19 -0.135153 6 293 294
196 8 1 0 3 1 4 3 0 0 0 33 
197 8 1 0 5 1 4 0 5 0 0 36 
198 8 0 1 0 5 26 19 13 21 11 17 17 -0.0277778 13 295 296
199 8 1 0 9 1 4 0 0 5 4 39 
200 8 1 0 2 1 4 2 0 0 0 40 
201 8 0 1 0 8 32 15 13 10 24 20 17 -0.828986 -6 297 298
202 8 0 1 0 5 5 16 20 0 26 16 12 -0.308447 -21 299 300
203 8 0 1 0 28 7 15 15 15 31 15 14 -0.0745342 -26 301 302
204 8 1 0 7 1 4 0 0 0 7 62 
205 8 1 0 2 1 4 0 0 2 0 65 
206 8 1 0 17 1 4 0 0 0 17 66 
207 8 1 0 2 1 4 1 1 0 0 67 
208 8 1 0 16 1 4 16 0 0 0 68 
209 8 0 1 0 34 17 19 13 9 0 13 20 -0 -3 303 304
210 8 1 0 2 1 4 0 0 1 1 71 
211 8 1 0 28 1 4 0 0 28 0 80 
212 8 1 0 2 1 4 0 0 1 1 81 
213 8 0 1 0 12 7 19 13 9 15 19 16 -0.010101 -1 305 306
214 8 1 0 3 1 4 0 0 0 3 87 
215 8 1 0 9 1 4 0 0 9 0 91 
216 8 1 0 2 1 4 0 0 1 1 92 
217 8 1 0 2 1 4 0 1 1 0 94 
218 8 1 0 9 1 4 0 9 0 0 95 
219 8 0 1 0 7 5 14 17 9 8 12 18 -0.0962281 -2 307 308
220 8 0 1 0 12 32 15 17 8 20 12 15 -0.66276 18 309 310
221 8 0 1 0 2 8 19 18 13 5 19 15 -0.579291 -17 311 312
222 8 1 0 9 1 4 8 1 0 0 111 
223 8 0 1 0 8 34 13 14 13 4 17 13 -0.0357143 8 313 314
224 8 1 0 8 1 4 0 4 1 3 115 
225 8 1 0 2 1 4 1 1 0 0 123 
226 8 1 0 45 1 4 45 0 0 0 124 
227 8 1 0 4 1 4 4 0 0 0 125 
228 8 1 0 8 1 4 0 7 1 0 126 
229 8 0 1 0 7 15 20 18 2 23 20 15 -0 20 315 316
230 8 0 1 0 8 1 14 16 30 8 20 14 -0.0555556 -3 317 318
231 8 0 1 0 4 25 16 13 3 29 18 16 -0.0826079 -7 319 320
232 8 1 0 2 1 4 0 0 0 2 156 
233 8 0 1 0 25 20 16 20 0 30 14 17 -0.05 31 321 322
234 8 1 0 5 1 4 1 4 0 0 162 
235 8 0 1 0 27 10 13 13 28 7 12 18 -0.0475749 4 323 324
236 8 1 0 2 1 4 0 2 0 0 166 
237 8 1 0 7 1 4 7 0 0 0 167 
238 8 1 0 6 1 4 0 6 0 0 168 
239 8 1 0 3 1 4 0 0 0 3 169 
240 8 0 1 0 11 7 14 16 25 11 18 14 -0.03125 -14 325 326
241 8 1 0 4 1 4 0 2 2 0 172 
242 8 1 0 18 1 4 0 0 0 18 173 
243 8 1 0 9 1 4 0 1 0 8 175 
244 8 1 0 4 1 4 3 1 0 0 176 
245 8 0 1 0 19 23 18 14 30 23 18 14 -0.102384 -2 327 328
246 8 0 1 0 20 16 15 18 13 24 20 20 -0.111111 21 329 330
247 8 0 1 0 27 12 19 15 26 8 15 19 -0.389987 28 331 332
248 8 0 1 0 19 24 20 18 20 8 14 16 -0.567745 32 333 334
249 8 0 1 0 2 28 12 16 0 26 14 16 -0.466509 13 335 336
250 8 0 1 0 33 6 15 13 16 16 18 19 -0.606872 -37 337 338
251 8 0 1 0 20 23 19 20 21 13 18 12 -0.14327 -2 339 340
252 8 0 1 0 28 9 20 13 21 8 20 19 -0.411906 5 341 342
253 8 0 1 0 0 5 19 16 6 3 12 12 -0.120468 -1 343 344
254 8 1 0 3 1 4 1 2 0 0 340 
255 8 0 1 0 1 26 17 13 10 8 17 17 -0.297024 29 345 346
256 8 0 1 0 24 8 12 19 23 26 19 18 -0.2 -50 347 348
257 8 1 0 5 1 4 2 2 1 0 353 
258 8 1 0 33 1 4 33 0 0 0 354 
259 8 0 1 0 24 12 15 12 5 26 16 19 -0.0123397 25 349 350
260 8 1 0 2 1 4 0 0 0 2 358 
261 8 0 1 0 28 13 19 19 16 12 16 16 -0 -1 351 352
262 8 1 0 2 1 4 0 1 0 1 361 
263 8 1 0 7 1 4 0 1 0 6 362 
264 8 0 1 0 2 24 20 13 34 12 18 13 -0.136289 -26 353 354
265 8 1 0 31 1 4 31 0 0 0 369 
266 8 0 1 0 25 35 12 13 16 17 18 19 -0.05 16 355 356
267 8 0 1 0 29 29 16 13 24 8 19 12 -0.477029 23 357 358
268 8 0 1 0 11 26 20 14 15 10 14 16 -0.114125 24 359 360
269 8 0 1 0 21 22 16 18 1 16 18 12 -0 8 361 362
270 8 1 0 3 1 4 3 0 0 0 415 
271 8 1 0 7 1 4 2 5 0 0 419 
272 8 1 0 10 1 4 0 0 0 10 420 
273 8 0 1 0 4 29 14 19 0 29 16 19 -0.289483 17 363 364
274 8 0 1 0 18 3 20 13 20 25 13 17 -0 -17 365 366
275 8 0 1 0 12 12 20 17 12 24 12 19 -0.0941588 22 367 368
276 8 1 0 5 1 4 0 4 0 1 434 
277 8 1 0 14 1 4 0 0 0 14 438 
278 8 1 0 3 1 4 0 1 2 0 439 
279 8 1 0 8 1 4 0 0 0 8 440 
280 8 1 0 2 1 4 1 1 0 0 441 
281 8 0 1 0 2 24 12 17 2 2 14 12 -0.30291 21 369 370
282 8 0 1 0 2 13 19 17 5 29 15 15 -0.164512 -24 371 372
283 8 1 0 2 1 4 1 1 0 0 452 
284 8 1 0 117 1 4 117 0 0 0 453 
285 8 0 1 0 9 9 19 15 10 29 18 17 -0.544684 -34 373 374
286 8 0 1 0 13 25 14 18 21 34 13 18 -0.00595151 -49 375 376
287 8 0 1 0 24 32 12 14 12 29 14 20 -0.253723 24 377 378
288 8 0 1 0 4 26 19 19 8 21 15 14 -0.169106 -2 379 380
289 8 1 0 8 1 4 0 1 0 7 485 
290 8 0 1 0 12 35 12 20 5 32 15 15 -0.1792 24 381 382
291 8 0 1 0 19 31 16 17 30 9 19 14 -0.896698 36 383 384
292 8 0 1 0 18 33 12 20 17 12 17 19 -0.394146 7 385 386
293 9 0 1 0 29 20 13 12 26 23 16 18 -0.808949 1 387 388
294 9 0 1 0 32 33 14 13 25 16 17 15 -0.0981823 -4 389 390
295 9 1 0 16 1 4 16 0 0 0 37 
296 9 1 0 2 1 4 1 1 0 0 38 
297 9 1 0 7 1 4 0 0 0 7 41 
298 9 0 1 0 2 23 20 16 21 10 19 13 -0.491071 -19 391 392
299 9 0 1 0 26 10 18 18 8 9 18 12 -0.304306 103 393 394
300 9 0 1 0 1 19 12 17 0 24 17 14 -0.184915 11 395 396
301 9 0 1 0 9 19 13 18 3 5 14 12 -0 29 397 398
302 9 1 0 9 1 4 0 0 9 0 61 
303 9 1 0 2 1 4 2 0 0 0 69 
304 9 1 0 12 1 4 0 12 0 0 70 
305 9 1 0 3 1 4 0 1 2 0 85 
306 9 1 0 63 1 4 0 0 63 0 86 
307 9 0 1 0 0 0 16 18 23 9 15 17 -0.0212492 -13 399 400
308 9 1 0 3 1 4 1 0 1 1 100 
309 9 0 1 0 33 26 15 14 3 4 17 15 -0.296875 50 401 402
310 9 0 1 0 5 8 13 12 9 10 17 15 -0.34375 -11 403 404
311 9 0 1 0 29 0 16 17 31 4 19 14 -0.282541 2 405 406
312 9 1 0 6 1 4 4 2 0 0 110 
313 9 0 1 0 29 5 15 12 15 15 13 14 -0.0357143 -75 407 408
314 9 1 0 12 1 4 12 0 0 0 114 
315 9 1 0 11 1 4 0 0 11 0 129 
316 9 1 0 4 1 4 0 0 0 4 130 
317 9 0 1 0 22 11 12 18 24 3 14 18 -0.0488095 -10 409 410
318 9 1 0 6 1 4 0 0 6 0 134 
319 9 0 1 0 25 33 14 13 26 35 12 14 -0.170029 1 411 412
320 9 0 1 0 8 8 20 16 9 8 14 13 -0.0428659 -9 413 414
321 9 1 0 8 1 4 0 0 8 0 160 
322 9 1 0 2 1 4 0 0 1 1 161 
323 9 1 0 5 1 4 0 0 5 0 163 
324 9 0 1 0 24 18 19 20 29 30 15 12 -0.025641 -56 415 416
325 9 1 0 2 1 4 0 1 1 0 170 
326 9 1 0 14 1 4 0 0 14 0 171 
327 9 0 1 0 10 2 14 17 26 20 19 14 -0.237037 -40 417 418
328 9 0 1 0 28 9 15 13 28 10 13 13 -0.037868 -5 419 420
329 9 1 0 9 1 4 0 0 7 2 184 
330 9 1 0 5 1 4 0 5 0 0 185 
331 9 0 1 0 6 15 15 13 3 28 13 14 -0.267282 -4 421 422
332 9 1 0 5 1 4 4 0 0 1 190 
333 9 1 0 10 1 4 0 0 0 10 191 
334 9 0 1 0 11 32 12 14 18 28 19 19 -0.424852 -9 423 424
335 9 0 1 0 23 10 20 20 17 4 14 14 -0.315264 -26 425 426
336 9 0 1 0 25 18 15 13 23 13 12 12 -0.314413 -8 427 428
337 9 0 1 0 7 0 12 19 4 21 19 14 -0.404391 -72 429 430
338 9 0 1 0 0 27 14 19 4 24 17 19 -0.218421 -11 431 432
339 9 0 1 0 8 7 16 15 10 10 14 17 -0.214 -15 433 434
340 9 0 1 0 13 33 13 12 3 34 12 15 -0.125855 41 435 436
341 9 0 1 0 30 24 15 12 23 28 16 15 -0.308697 -7 437 438
342 9 0 1 0 31 12 16 14 19 10 14 17 -0.352355 0 439 440
343 9 1 0 3 1 4 0 1 2 0 336 
344 9 0 1 0 35 19 14 12 22 2 19 15 -0.0425837 -41 441 442
345 9 0 1 0 1 11 13 18 13 1 17 12 -0.05625 4 443 444
346 9 1 0 5 1 4 1 4 0 0 347 
347 9 0 1 0 14 11 15 17 12 23 16 18 -0.13295 -37 445 446
348 9 1 0 12 1 4 12 0 0 0 352 
349 9 0 1 0 0 17 14 15 23 13 13 19 -0.00641026 29 447 448
350 9 1 0 2 1 4 0 2 0 0 357 
351 9 1 0 8 1 4 0 8 0 0 359 
352 9 1 0 2 1 4 2 0 0 0 360 
353 9 1 0 3 1 4 0 0 0 3 363 
354 9 0 1 0 16 24 20 20 29 7 12 14 -0.0810697 45 449 450
355 9 1 0 5 1 4 4 1 0 0 370 
356 9 1 0 11 1 4 0 11 0 0 371 
357 9 0 1 0 12 6 20 16 7 4 20 19 -0.130011 10 451 452
358 9 0 1 0 25 11 15 12 21 15 20 14 -0.305052 -14 453 454
359 9 0 1 0 1 7 20 12 2 13 17 12 -0.0446279 -29 455 456
360 9 0 1 0 2 30 16 17 3 27 16 20 -0.663246 2 457 458
361 9 1 0 5 1 4 0 0 5 0 413 
362 9 1 0 6 1 4 0 0 0 6 414 
363 9 0 1 0 15 8 12 18 32 25 12 12 -0.182228 71 459 460
364 9 1 0 4 1 4 0 0 0 4 425 
365 9 1 0 3 1 4 0 3 0 0 426 
366 9 1 0 46 1 4 46 0 0 0 427 
367 9 0 1 0 16 8 17 13 10 17 13 16 -0.0491228 36 461 462
368 9 1 0 2 1 4 1 0 0 1 433 
369 9 1 0 6 1 4 0 0 1 5 442 
370 9 0 1 0 29 13 15 18 25 21 13 12 -0.0942761 -31 463 464
371 9 0 1 0 12 6 18 19 35 29 18 12 -0.0216216 46 465 466
372 9 1 0 9 1 4 0 7 1 1 449 
373 9 1 0 8 1 4 1 0 0 7 454 
374 9 0 1 0 8 28 19 15 18 26 18 18 -0.405258 -28 467 468
375 9 1 0 3 1 4 0 3 0 0 465 
376 9 0 1 0 2 21 16 17 2 2 14 18 -0.00304878 -34 469 470
377 9 0 1 0 31 21 18 14 18 30 14 12 -0.274359 2 471 472
378 9 0 1 0 8 21 20 16 10 11 16 16 -0.128431 5 473 474
379 9 1 0 6 1 4 2 4 0 0 482 
380 9 0 1 0 6 6 17 13 17 18 19 18 -0 -21 475 476
381 9 0 1 0 3 30 12 20 11 1 16 12 -0.307457 6 477 478
382 9 0 1 0 21 31 13 15 17 18 16 15 -0.156556 -4 479 480
383 9 1 0 7 1 4 4 3 0 0 539 
384 9 0 1 0 28 17 13 17 27 21 13 20 -0.738524 0 481 482
385 9 0 1 0 19 30 14 19 12 11 15 20 -0.0264706 9 483 484
386 9 0 1 0 29 10 16 17 26 4 15 12 -0.151515 -14 485 486
387 10 1 0 6 1 4 3 3 0 0 2 
388 10 0 1 0 21 31 14 13 25 7 18 17 -0.559524 17 487 488
389 10 0 1 0 0 31 16 12 6 27 18 12 -0.0913021 3 489 490
390 10 1 0 8 1 4 0 4 1 3 32 
391 10 1 0 7 1 4 6 1 0 0 42 
392 10 0 1 0 16 25 14 18 19 17 19 14 -0.186364 9 491 492
393 10 0 1 0 24 6 18 13 28 2 12 17 -0.175408 5 493 494
394 10 1 0 2 1 4 2 0 0 0 51 
395 10 0 1 0 16 35 12 16 25 10 17 14 -0.142051 28 495 496
396 10 1 0 2 1 4 0 2 0 0 58 
397 10 1 0 12 1 4 0 12 0 0 59 
398 10 1 0 2 1 4 2 0 0 0 60 
399 10 0 1 0 24 13 16 17 26 16 18 14 -0.0105263 -6 497 498
400 10 1 0 2 1 4 0 1 1 0 99 
401 10 0 1 0 13 15 19 19 15 23 13 16 -0.0666667 -11 499 500
402 10 1 0 8 1 4 0 6 1 1 103 
403 10 1 0 8 1 4 2 6 0 0 104 
404 10 1 0 8 1 4 0 1 2 5 105 
405 10 0 1 0 25 27 19 20 24 20 20 18 -0 0 501 502
406 10 1 0 4 1 4 3 0 0 1 109 
407 10 1 0 2 1 4 1 1 0 0 112 
408 10 1 0 12 1 4 0 12 0 0 113 
409 10 1 0 2 1 4 1 1 0 0 131 
410 10 0 1 0 24 20 15 20 16 14 20 20 -0.0178571 -1 503 504
411 10 0 1 0 16 27 17 18 15 26 12 13 -0.131137 12 505 506
412 10 0 1 0 3 32 14 13 5 31 13 13 -0.0684807 1 507 508
413 10 1 0 3 1 4 0 1 0 2 143 
414 10 0 1 0 25 30 17 16 20 17 13 14 -0.0327942 -23 509 510
415 10 1 0 2 1 4 0 1 0 1 164 
416 10 1 0 76 1 4 0 0 0 76 165 
417 10 0 1 0 23 28 13 12 17 27 17 20 -0 4 511 512
418 10 1 0 3 1 4 0 0 2 1 179 
419 10 1 0 4 1 4 1 1 1 1 180 
420 10 0 1 0 6 9 19 17 5 9 14 17 -0.0139855 -3 513 514
421 10 0 1 0 34 19 20 12 6 14 17 15 -0.159451 12 515 516
422 10 1 0 7 1 4 0 3 2 2 189 
423 10 0 1 0 20 21 12 20 5 21 14 15 -0.0384615 32 517 518
424 10 0 1 0 25 28 19 13 4 12 16 19 -0.241241 67 519 520
425 10 0 1 0 0 1 19 18 4 25 12 13 -0 -101 521 522
426 10 0 1 0 28 28 19 17 22 34 12 17 -0.215093 -25 523 524
427 10 0 1 0 19 23 12 14 21 14 12 15 -0 29 525 526
428 10 0 1 0 15 14 13 12 29 17 14 16 -0.216398 66 527 528
429 10 0 1 0 0 2 20 19 16 11 19 18 -0.361719 -104 529 530
430 10 0 1 0 19 22 19 17 23 27 14 12 -0.228991 -8 531 532
431 10 0 1 0 28 31 15 19 17 33 12 19 -0 -23 533 534
432 10 0 1 0 9 10 20 20 23 18 17 20 -0.0940171 -7 535 536
433 10 0 1 0 30 31 12 12 0 29 16 16 -0.025 35 537 538
434 10 1 0 5 1 4 0 0 1 4 240 
435 10 0 1 0 13 4 19 18 7 11 16 18 -0.0945187 19 539 540
436 10 0 1 0 23 4 18 14 32 1 12 14 -0.291027 -5 541 542
437 10 0 1 0 27 30 16 20 19 12 18 16 -0.282173 21 543 544
438 10 0 1 0 28 32 15 18 1 14 18 20 -0.0907579 78 545 546
439 10 1 0 4 1 4 3 1 0 0 329 
440 10 0 1 0 29 19 20 15 30 25 13 16 -0.193132 3 547 548
441 10 1 0 2 1 4 0 1 1 0 337 
442 10 0 1 0 9 3 18 16 16 21 12 16 -0 -124 549 550
443 10 1 0 6 1 4 0 0 0 6 344 
444 10 0 1 0 8 14 14 13 13 12 17 17 -0.05 3 551 552
445 10 1 0 6 1 4 0 1 5 0 348 
446 10 0 1 0 11 14 18 19 18 33 13 19 -0.0717147 -37 553 554
447 10 1 0 76 1 4 0 0 76 0 355 
448 10 1 0 2 1 4 0 1 1 0 356 
449 10 1 0 8 1 4 7 1 0 0 364 
450 10 0 1 0 16 5 18 19 24 18 18 16 -0.0550174 14 555 556
451 10 1 0 5 1 4 0 3 1 1 372 
452 10 0 1 0 10 21 14 19 12 8 13 17 -0.0237649 28 557 558
453 10 0 1 0 24 26 15 12 14 15 18 20 -0.115679 -4 559 560
454 10 0 1 0 8 12 12 14 4 14 13 12 -0.119658 21 561 562
455 10 1 0 5 1 4 0 1 4 0 381 
456 10 0 1 0 30 29 15 15 32 33 14 15 -0.040827 2 563 564
457 10 0 1 0 13 15 19 12 11 2 13 20 -0.489683 64 565 566
458 10 0 1 0 23 27 12 18 16 7 13 20 -0.226592 69 567 568
459 10 0 1 0 27 2 16 18 10 11 19 19 -0.0226886 -12 569 570
460 10 1 0 8 1 4 7 1 0 0 424 
461 10 1 0 161 1 4 0 0 0 161 430 
462 10 0 1 0 29 19 19 18 22 12 15 20 -0 -41 571 572
463 10 0 1 0 5 0 20 17 2 6 14 13 -0.0293255 5 573 574
464 10 1 0 3 1 4 0 0 1 2 446 
465 10 1 0 32 1 4 32 0 0 0 447 
466 10 1 0 5 1 4 1 4 0 0 448 
467 10 0 1 0 17 27 18 14 11 29 13 17 -0.174938 12 575 576
468 10 0 1 0 11 2 13 12 10 0 18 19 -0.177807 -18 577 578
469 10 1 0 2 1 4 1 1 0 0 466 
470 10 1 0 162 1 4 162 0 0 0 467 
471 10 0 1 0 2 29 18 17 13 24 14 12 -0.178635 -38 579 580
472 10 1 0 2 1 4 0 0 0 2 474 
473 10 0 1 0 27 34 13 15 22 24 15 18 -0.0747392 -18 581 582
474 10 1 0 6 1 4 0 1 2 3 481 
475 10 1 0 7 1 4 0 0 0 7 483 
476 10 1 0 28 1 4 0 0 28 0 484 
477 10 0 1 0 15 20 17 13 5 22 16 15 -0.186275 12 583 584
478 10 0 1 0 31 33 12 13 17 32 14 18 -0.0236934 -47 585 586
479 10 0 1 0 15 0 13 20 25 0 17 16 -0.270792 0 587 588
480 10 0 1 0 25 13 18 13 30 30 16 12 -0.125607 22 589 590
481 10 0 1 0 8 8 17 17 9 2 14 14 -0.417582 13 591 592
482 10 0 1 0 9 1 14 12 12 20 17 15 -0.352558 -85 593 594
483 10 1 0 24 1 4 24 0 0 0 548 
484 10 0 1 0 4 23 13 16 24 12 12 15 -0.05 -126 595 596
485 10 1 0 16 1 4 0 16 0 0 551 
486 10 1 0 6 1 4 0 1 0 5 552 
487 11 0 1 0 3 6 20 17 4 13 14 14 -0.0416667 7 597 598
488 11 0 1 0 31 14 19 15 30 20 13 17 -0.533333 5 599 600
489 11 0 1 0 29 35 12 16 30 8 19 12 -0.0621418 19 601 602
490 11 0 1 0 7 16 16 17 21 6 13 19 -0.415399 -25 603 604
491 11 0 1 0 14 27 20 18 30 20 15 17 -0 23 605 606
492 11 1 0 5 1 4 1 4 0 0 45 
493 11 0 1 0 13 24 17 15 10 28 18 16 -0.0483516 -39 607 608
494 11 0 1 0 0 15 19 19 4 31 13 18 -0.125 -38 609 610
495 11 1 0 5 1 4 1 0 3 1 52 
496 11 0 1 0 30 14 19 13 29 3 20 18 -0.0892308 -2 611 612
497 11 1 0 5 1 4 3 2 0 0 97 
498 11 1 0 109 1 4 109 0 0 0 98 
499 11 1 0 3 1 4 0 2 0 1 101 
500 11 1 0 37 1 4 37 0 0 0 102 
501 11 1 0 45 1 4 0 0 0 45 107 
502 11 1 0 2 1 4 0 2 0 0 108 
503 11 1 0 2 1 4 0 1 1 0 132 
504 11 1 0 26 1 4 0 26 0 0 133 
505 11 0 1 0 17 1 17 15 21 3 14 17 -0.0976431 -1 613 614
506 11 1 0 7 1 4 0 7 0 0 139 
507 11 0 1 0 25 3 13 12 18 19 16 17 -0.031746 -125 615 616
508 11 1 0 7 1 4 6 1 0 0 142 
509 11 1 0 4 1 4 4 0 0 0 144 
510 11 0 1 0 22 28 19 14 1 35 12 15 -0.0279585 13 617 618
511 11 1 0 6 1 4 6 0 0 0 177 
512 11 1 0 9 1 4 0 9 0 0 178 
513 11 1 0 2 1 4 1 0 1 0 181 
514 11 0 1 0 1 27 14 20 1 27 16 17 -0 11 619 620
515 11 0 1 0 27 3 15 13 14 17 15 13 -0.00581395 -3 621 622
516 11 1 0 8 1 4 2 1 0 5 188 
517 11 1 0 2 1 4 1 1 0 0 192 
518 11 1 0 11 1 4 11 0 0 0 193 
519 11 0 1 0 10 3 18 18 31 31 13 12 -0.0882353 15 623 624
520 11 0 1 0 10 1 18 12 24 4 17 15 -0.107143 -8 625 626
521 11 1 0 2 1 4 0 2 0 0 200 
522 11 1 0 9 1 4 9 0 0 0 201 
523 11 0 1 0 15 28 17 15 12 23 15 16 -0.18536 6 627 628
524 11 0 1 0 5 18 18 18 13 16 13 18 -0.0355556 28 629 630
525 11 1 0 14 1 4 0 0 0 14 212 
526 11 1 0 2 1 4 0 0 2 0 213 
527 11 0 1 0 3 7 14 15 19 20 20 19 -0.136667 -37 631 632
528 11 0 1 0 35 30 17 12 30 26 13 14 -0.075 15 633 634
529 11 1 0 8 1 4 0 0 6 2 221 
530 11 0 1 0 19 24 18 16 22 25 19 15 -0.184286 4 635 636
531 11 0 1 0 26 6 15 17 17 4 16 19 -0.166667 -10 637 638
532 11 0 1 0 15 31 12 14 15 31 15 12 -0.139362 -4 639 640
533 11 1 0 18 1 4 0 18 0 0 233 
534 11 1 0 2 1 4 2 0 0 0 234 
535 11 1 0 5 1 4 0 0 0 5 235 
536 11 0 1 0 16 19 15 20 8 12 17 18 -0 -3 641 642
537 11 1 0 18 1 4 18 0 0 0 238 
538 11 1 0 2 1 4 0 1 1 0 239 
539 11 0 1 0 18 26 15 15 23 30 16 19 -0.0832279 -74 643 644
540 11 0 1 0 16 25 20 17 26 15 15 17 -0.128846 53 645 646
541 11 0 1 0 4 7 18 19 8 18 12 16 -0.08739 -2 647 648
542 11 0 1 0 22 29 18 20 27 12 16 12 -0.205409 58 649 650
543 11 0 1 0 6 2 19 15 1 8 17 12 -0.0984127 -13 651 652
544 11 0 1 0 4 7 20 16 17 34 12 19 -0.188379 -55 653 654
545 11 0 1 0 18 1 16 12 22 3 18 19 -0.0321835 16 655 656
546 11 0 1 0 6 1 16 20 23 8 20 16 -0.0454545 1 657 658
547 11 0 1 0 23 29 14 13 0 32 14 20 -0.14694 73 659 660
548 11 0 1 0 0 30 15 17 22 0 12 15 -0 34 661 662
549 11 1 0 2 1 4 0 0 2 0 338 
550 11 1 0 53 1 4 0 0 0 53 339 
551 11 1 0 8 1 4 0 0 8 0 345 
552 11 1 0 2 1 4 0 1 1 0 346 
553 11 0 1 0 23 7 14 17 34 9 17 12 -0.0192308 28 663 664
554 11 1 0 6 1 4 4 2 0 0 351 
555 11 0 1 0 13 17 18 17 5 7 15 18 -0.0343475 79 665 666
556 11 1 0 2 1 4 2 0 0 0 368 
557 11 0 1 0 10 26 14 13 3 17 20 14 -0.0128205 3 667 668
558 11 1 0 2 1 4 0 2 0 0 375 
559 11 1 0 6 1 4 6 0 0 0 376 
560 11 0 1 0 8 17 16 12 8 13 19 16 -0.0142857 -6 669 670
561 11 1 0 9 1 4 0 2 7 0 379 
562 11 1 0 4 1 4 0 0 0 4 380 
563 11 0 1 0 17 20 20 16 15 30 16 16 -0.0238982 -31 671 672
564 11 0 1 0 16 14 19 14 19 23 18 17 -0.149112 -10 673 674
565 11 0 1 0 24 2 13 20 31 27 13 13 -0.148148 -70 675 676
566 11 0 1 0 17 1 19 19 26 28 18 12 -0.05 -96 677 678
567 11 0 1 0 29 9 18 18 22 25 13 13 -0.0572391 -43 679 680
568 11 0 1 0 5 10 17 15 28 26 19 18 -0.189967 -78 681 682
569 11 0 1 0 2 13 12 16 23 20 18 18 -0.0121951 22 683 684
570 11 1 0 2 1 4 0 0 0 2 423 
571 11 1 0 7 1 4 0 0 0 7 431 
572 11 1 0 3 1 4 0 3 0 0 432 
573 11 1 0 2 1 4 2 0 0 0 443 
574 11 0 1 0 7 26 13 18 8 14 13 17 -0.016129 59 685 686
575 11 1 0 3 1 4 0 0 0 3 455 
576 11 0 1 0 16 32 13 18 11 33 13 12 -0.0969716 40 687 688
577 11 1 0 2 1 4 0 0 0 2 461 
578 11 0 1 0 2 30 15 14 8 29 12 15 -0.0997986 -11 689 690
579 11 0 1 0 5 19 12 19 2 27 12 20 -0.110053 33 691 692
580 11 0 1 0 32 28 12 13 19 23 20 20 -0.0116279 -32 693 694
581 11 1 0 2 1 4 0 0 0 2 475 
582 11 0 1 0 2 13 18 17 24 26 16 13 -0.0593417 -35 695 696
583 11 1 0 3 1 4 0 0 1 2 486 
584 11 0 1 0 21 18 16 12 24 2 16 13 -0.0470588 36 697 698
585 11 1 0 6 1 4 0 6 0 0 489 
586 11 0 1 0 21 18 16 12 24 2 16 13 -0.0142857 82 699 700
587 11 0 1 0 12 26 20 15 10 13 13 16 -0.052987 4 701 702
588 11 0 1 0 13 18 19 17 13 22 16 19 -0.160654 11 703 704
589 11 0 1 0 9 29 12 14 21 34 13 12 -0.115922 -9 705 706
590 11 1 0 4 1 4 0 0 0 4 538 
591 11 1 0 7 1 4 0 1 0 6 540 
592 11 0 1 0 16 25 13 16 20 9 12 20 -0.223776 12 707 708
593 11 1 0 3 1 4 1 2 0 0 544 
594 11 0 1 0 21 28 12 12 22 23 16 13 -0.124482 22 709 710
595 11 1 0 2 1 4 1 1 0 0 549 
596 11 1 0 8 1 4 0 8 0 0 550 
597 12 1 0 46 1 4 0 0 0 46 3 
598 12 1 0 2 1 4 0 1 0 1 4 
599 12 1 0 7 1 4 0 0 0 7 5 
600 12 1 0 8 1 4 6 1 0 1 6 
601 12 0 1 0 1 21 12 18 4 27 18 17 -0.0535439 5 711 712
602 12 1 0 5 1 4 3 0 0 2 27 
603 12 1 0 6 1 4 5 0 0 1 28 
604 12 0 1 0 28 13 20 18 27 34 13 17 -0.0980479 -7 713 714
605 12 1 0 8 1 4 0 0 8 0 43 
606 12 1 0 3 1 4 0 0 0 3 44 
607 12 1 0 4 1 4 0 0 0 4 46 
608 12 0 1 0 14 27 20 18 30 20 15 17 -0 53 715 716
609 12 1 0 14 1 4 0 0 0 14 49 
610 12 1 0 2 1 4 0 1 0 1 50 
611 12 1 0 5 1 4 0 2 0 3 53 
612 12 0 1 0 9 8 18 14 12 5 15 12 -0.0377355 13 717 718
613 12 1 0 3 1 4 0 3 0 0 135 
614 12 0 1 0 21 0 13 14 32 4 16 12 -0.056696 -3 719 720
615 12 1 0 2 1 4 0 1 0 1 140 
616 12 1 0 61 1 4 0 61 0 0 141 
617 12 0 1 0 7 27 15 19 33 0 18 13 -0 115 721 722
618 12 0 1 0 4 28 15 14 6 31 15 12 -0.020424 -17 723 724
619 12 1 0 281 1 4 281 0 0 0 182 
620 12 1 0 2 1 4 0 2 0 0 183 
621 12 1 0 84 1 4 0 0 0 84 186 
622 12 1 0 2 1 4 0 0 1 1 187 
623 12 0 1 0 9 35 12 19 15 13 14 14 -0.0390795 16 725 726
624 12 1 0 2 1 4 0 0 1 1 197 
625 12 1 0 6 1 4 0 0 0 6 198 
626 12 1 0 8 1 4 0 2 6 0 199 
627 12 0 1 0 35 22 19 12 6 14 12 16 -0.0795455 -39 727 728
628 12 0 1 0 27 15 12 13 27 12 18 13 -0.127092 4 729 730
629 12 0 1 0 10 25 14 16 29 32 13 16 -0.02 29 731 732
630 12 1 0 2 1 4 0 2 0 0 211 
631 12 0 1 0 16 23 16 18 9 25 16 19 -0.0631929 0 733 734
632 12 1 0 6 1 4 0 5 1 0 217 
633 12 0 1 0 18 4 16 20 26 6 12 14 -0.05 27 735 736
634 12 1 0 2 1 4 2 0 0 0 220 
635 12 0 1 0 17 20 17 15 16 25 20 18 -0 -5 737 738
636 12 1 0 7 1 4 6 1 0 0 224 
637 12 1 0 2 1 4 0 1 0 1 225 
638 12 1 0 10 1 4 0 10 0 0 226 
639 12 1 0 4 1 4 0 3 0 1 227 
640 12 0 1 0 7 27 13 20 17 14 14 16 -0.0842912 28 739 740
641 12 1 0 2 1 4 0 2 0 0 236 
642 12 1 0 11 1 4 0 0 11 0 237 
643 12 1 0 14 1 4 0 14 0 0 241 
644 12 0 1 0 25 32 12 20 27 35 12 16 -0.0783266 12 741 742
645 12 1 0 8 1 4 7 1 0 0 291 
646 12 1 0 5 1 4 0 0 4 1 292 
647 12 0 1 0 27 1 16 16 25 23 16 14 -0.0454545 -45 743 744
648 12 0 1 0 30 0 20 12 1 22 15 19 -0 -13 745 746
649 12 0 1 0 29 16 20 14 29 2 20 13 -0.123563 55 747 748
650 12 0 1 0 12 14 17 16 24 10 17 17 -0.144278 -18 749 750
651 12 0 1 0 6 23 16 17 21 23 19 17 -0 2 751 752
652 12 0 1 0 15 2 17 15 18 34 13 16 -0.031746 -45 753 754
653 12 0 1 0 1 12 16 12 6 13 18 12 -0.135249 6 755 756
654 12 0 1 0 0 15 13 18 29 13 18 17 -0.0782222 -6 757 758
655 12 0 1 0 25 12 15 19 0 21 15 17 -0 7 759 760
656 12 1 0 2 1 4 1 1 0 0 326 
657 12 1 0 9 1 4 0 9 0 0 327 
658 12 1 0 2 1 4 0 1 1 0 328 
659 12 0 1 0 20 15 19 19 1 13 19 13 -0.0466346 18 761 762
660 12 1 0 9 1 4 0 7 2 0 333 
661 12 1 0 21 1 4 0 0 0 21 334 
662 12 1 0 2 1 4 0 0 2 0 335 
663 12 1 0 24 1 4 0 24 0 0 349 
664 12 1 0 2 1 4 1 1 0 0 350 
665 12 0 1 0 18 20 13 20 27 7 20 18 -0.00588235 22 763 764
666 12 1 0 2 1 4 0 1 0 1 367 
667 12 1 0 2 1 4 1 1 0 0 373 
668 12 1 0 37 1 4 37 0 0 0 374 
669 12 1 0 33 1 4 0 33 0 0 377 
670 12 1 0 2 1 4 0 0 1 1 378 
671 12 1 0 4 1 4 1 2 0 1 382 
672 12 0 1 0 8 1 18 20 11 3 16 15 -0.0193091 4 765 766
673 12 0 1 0 35 24 19 12 8 8 19 13 -0.0908046 66 767 768
674 12 0 1 0 16 15 16 14 17 2 15 12 -0.0491778 61 769 770
675 12 1 0 3 1 4 1 0 2 0 401 
676 12 1 0 15 1 4 0 0 0 15 402 
677 12 1 0 2 1 4 0 1 1 0 403 
678 12 1 0 8 1 4 8 0 0 0 404 
679 12 0 1 0 26 0 20 18 24 3 14 15 -0.00999579 4 771 772
680 12 1 0 3 1 4 0 1 1 1 408 
681 12 0 1 0 25 16 20 14 21 27 13 13 -0 -34 773 774
682 12 0 1 0 17 27 17 13 14 10 20 14 -0 25 775 776
683 12 1 0 39 1 4 0 39 0 0 421 
684 12 1 0 2 1 4 0 1 1 0 422 
685 12 1 0 29 1 4 0 29 0 0 444 
686 12 1 0 2 1 4 1 1 0 0 445 
687 12 0 1 0 15 6 18 15 28 24 17 12 -0.0488722 -6 777 778
688 12 0 1 0 27 7 15 20 30 10 17 12 -0.0155039 10 779 780
689 12 0 1 0 3 31 13 18 15 12 18 16 -0 8 781 782
690 12 1 0 4 1 4 1 2 0 1 464 
691 12 0 1 0 20 16 19 13 23 20 18 16 -0.0354938 17 783 784
692 12 1 0 8 1 4 8 0 0 0 471 
693 12 1 0 2 1 4 0 1 1 0 472 
694 12 1 0 41 1 4 41 0 0 0 473 
695 12 0 1 0 0 30 16 15 2 23 13 17 -0.0262324 2 785 786
696 12 1 0 9 1 4 0 4 5 0 480 
697 12 1 0 5 1 4 4 1 0 0 487 
698 12 1 0 12 1 4 0 12 0 0 488 
699 12 1 0 33 1 4 33 0 0 0 490 
700 12 1 0 2 1 4 1 1 0 0 491 
701 12 1 0 15 1 4 0 15 0 0 492 
702 12 0 1 0 21 13 12 12 21 19 17 15 -0.0178322 -24 787 788
703 12 0 1 0 2 31 16 13 0 27 18 15 -0.121429 5 789 790
704 12 1 0 3 1 4 0 0 0 3 500 
705 12 0 1 0 6 12 19 16 0 29 13 19 -0.101596 -10 791 792
706 12 0 1 0 22 30 12 12 14 2 16 15 -0.0666667 31 793 794
707 12 1 0 2 1 4 0 1 0 1 541 
708 12 0 1 0 16 25 13 16 20 9 12 20 -0.0454545 17 795 796
709 12 0 1 0 23 7 17 14 26 6 12 18 -0.0119048 18 797 798
710 12 1 0 4 1 4 1 2 0 1 547 
711 13 0 1 0 11 3 12 13 9 13 20 15 -0.0493814 10 799 800
712 13 1 0 2 1 4 1 0 1 0 26 
713 13 1 0 3 1 4 1 1 1 0 29 
714 13 0 1 0 1 20 16 13 8 19 14 13 -0.0163043 16 801 802
715 13 1 0 33 1 4 0 0 33 0 47 
716 13 1 0 2 1 4 0 2 0 0 48 
717 13 0 1 0 7 31 14 13 4 26 12 17 -0.0123272 4 803 804
718 13 1 0 4 1 4 0 1 1 2 57 
719 13 1 0 2 1 4 0 2 0 0 136 
720 13 0 1 0 9 0 20 13 4 1 20 18 -0.0322581 4 805 806
721 13 1 0 6 1 4 6 0 0 0 145 
722 13 1 0 5 1 4 0 5 0 0 146 
723 13 1 0 4 1 4 0 2 1 1 147 
724 13 0 1 0 27 31 14 19 26 27 20 13 -0.0152214 16 807 808
725 13 1 0 2 1 4 2 0 0 0 194 
726 13 0 1 0 13 7 16 16 0 2 15 17 -0 -10 809 810
727 13 1 0 3 1 4 0 3 0 0 202 
728 13 1 0 8 1 4 0 0 7 1 203 
729 13 0 1 0 17 1 15 13 4 2 13 13 -0.0627042 -11 811 812
730 13 1 0 5 1 4 0 2 2 1 208 
731 13 1 0 23 1 4 0 0 23 0 209 
732 13 1 0 2 1 4 0 0 1 1 210 
733 13 0 1 0 0 30 13 13 16 13 14 16 -0.0182927 16 813 814
734 13 1 0 3 1 4 0 3 0 0 216 
735 13 1 0 8 1 4 0 8 0 0 218 
736 13 1 0 2 1 4 0 1 1 0 219 
737 13 1 0 18 1 4 0 18 0 0 222 
738 13 1 0 7 1 4 0 0 7 0 223 
739 13 0 1 0 19 11 16 13 16 10 14 20 -0.0648456 11 815 816
740 13 1 0 3 1 4 0 3 0 0 232 
741 13 0 1 0 19 16 13 13 14 21 16 19 -0.0735228 7 817 818
742 13 0 1 0 2 18 15 19 17 19 17 14 -0.0357143 -16 819 820
743 13 1 0 9 1 4 0 0 9 0 293 
744 13 1 0 2 1 4 0 0 1 1 294 
745 13 1 0 2 1 4 0 0 2 0 295 
746 13 1 0 18 1 4 0 18 0 0 296 
747 13 0 1 0 8 19 17 13 9 26 14 19 -0.0316816 -19 821 822
748 13 1 0 8 1 4 0 1 6 1 300 
749 13 1 0 11 1 4 0 0 0 11 301 
750 13 0 1 0 19 2 14 17 0 25 15 18 -0.111059 -36 823 824
751 13 1 0 13 1 4 13 0 0 0 309 
752 13 1 0 2 1 4 0 2 0 0 310 
753 13 1 0 18 1 4 0 18 0 0 311 
754 13 1 0 3 1 4 0 1 2 0 312 
755 13 0 1 0 23 6 18 17 25 31 15 14 -0.0902738 -56 825 826
756 13 0 1 0 19 1 16 15 19 8 14 18 -0.0384615 1 827 828
757 13 1 0 5 1 4 0 5 0 0 320 
758 13 0 1 0 31 27 18 16 22 9 17 14 -0.0216931 14 829 830
759 13 1 0 72 1 4 0 0 72 0 324 
760 13 1 0 2 1 4 0 0 0 2 325 
761 13 0 1 0 30 21 19 15 21 35 12 15 -0.0128205 -55 831 832
762 13 1 0 8 1 4 0 0 1 7 332 
763 13 1 0 2 1 4 0 1 1 0 365 
764 13 1 0 83 1 4 0 83 0 0 366 
765 13 0 1 0 4 23 18 16 5 34 13 17 -0.0115834 -5 833 834
766 13 1 0 7 1 4 5 0 0 2 394 
767 13 0 1 0 28 6 12 17 22 11 12 19 -0 -12 835 836
768 13 1 0 5 1 4 4 1 0 0 397 
769 13 0 1 0 28 8 13 14 24 7 18 14 -0 -39 837 838
770 13 1 0 3 1 4 0 2 0 1 400 
771 13 0 1 0 23 19 15 12 26 11 20 14 -0.00520833 65 839 840
772 13 1 0 3 1 4 0 3 0 0 407 
773 13 1 0 8 1 4 0 0 8 0 409 
774 13 1 0 2 1 4 0 2 0 0 410 
775 13 1 0 4 1 4 4 0 0 0 411 
776 13 1 0 9 1 4 0 9 0 0 412 
777 13 1 0 5 1 4 0 5 0 0 456 
778 13 0 1 0 19 19 15 19 11 24 19 20 -0.0357143 14 841 842
779 13 1 0 40 1 4 0 40 0 0 459 
780 13 1 0 3 1 4 2 1 0 0 460 
781 13 1 0 61 1 4 61 0 0 0 462 
782 13 1 0 2 1 4 0 2 0 0 463 
783 13 0 1 0 23 23 17 14 11 3 20 19 -0.0208333 27 843 844
784 13 1 0 3 1 4 3 0 0 0 470 
785 13 0 1 0 4 0 13 12 7 4 13 14 -0.00290698 6 845 846
786 13 0 1 0 11 30 12 17 19 29 14 20 -0.0546875 -34 847 848
787 13 1 0 3 1 4 0 3 0 0 493 
788 13 0 1 0 30 13 19 14 28 26 13 14 -0.00961538 -4 849 850
789 13 0 1 0 13 11 14 15 16 26 17 20 -0.0416667 -17 851 852
790 13 0 1 0 13 12 15 14 7 15 12 12 -0.0592593 45 853 854
791 13 1 0 4 1 4 0 0 1 3 501 
792 13 0 1 0 23 11 17 12 23 22 17 14 -0.0967085 -5 855 856
793 13 1 0 7 1 4 0 0 0 7 536 
794 13 1 0 3 1 4 1 2 0 0 537 
795 13 1 0 2 1 4 1 1 0 0 542 
796 13 1 0 9 1 4 0 9 0 0 543 
797 13 1 0 2 1 4 0 0 1 1 545 
798 13 1 0 40 1 4 0 0 0 40 546 
799 14 0 1 0 10 28 17 18 19 12 17 17 -0.0456357 -27 857 858
800 14 1 0 5 1 4 0 3 0 2 25 
801 14 1 0 42 1 4 0 0 0 42 30 
802 14 1 0 4 1 4 0 0 3 1 31 
803 14 1 0 2 1 4 0 0 1 1 54 
804 14 0 1 0 18 19 18 14 18 2 15 18 -0.00630252 -1 859 860
805 14 1 0 27 1 4 27 0 0 0 137 
806 14 1 0 4 1 4 2 2 0 0 138 
807 14 0 1 0 9 34 13 15 14 34 13 18 -0.0122116 -2 861 862
808 14 1 0 7 1 4 2 5 0 0 155 
809 14 1 0 2 1 4 0 0 2 0 195 
810 14 1 0 45 1 4 0 45 0 0 196 
811 14 1 0 4 1 4 3 1 0 0 204 
812 14 0 1 0 30 23 16 17 0 2 14 12 -0.0285205 -8 863 864
813 14 1 0 4 1 4 0 0 1 3 214 
814 14 1 0 37 1 4 0 0 37 0 215 
815 14 1 0 4 1 4 2 1 1 0 228 
816 14 0 1 0 7 29 12 17 7 27 20 16 -0.0199297 10 865 866
817 14 0 1 0 14 18 12 13 10 21 17 12 -0.0641191 21 867 868
818 14 0 1 0 7 30 12 17 19 30 17 16 -0.209524 -11 869 870
819 14 1 0 12 1 4 0 0 0 12 289 
820 14 1 0 2 1 4 0 0 1 1 290 
821 14 0 1 0 31 16 19 13 0 13 20 13 -0.00980392 -2 871 872
822 14 1 0 7 1 4 0 0 6 1 299 
823 14 0 1 0 10 10 13 12 29 14 16 12 -0 -41 873 874
824 14 0 1 0 10 24 13 15 22 29 16 18 -0.0730662 -98 875 876
825 14 0 1 0 16 15 16 15 18 15 20 15 -0.028762 -14 877 878
826 14 0 1 0 9 14 15 18 12 25 12 14 -0.0592593 -5 879 880
827 14 1 0 11 1 4 0 0 11 0 318 
828 14 1 0 2 1 4 0 1 1 0 319 
829 14 1 0 3 1 4 0 3 0 0 321 
830 14 0 1 0 30 28 19 14 9 4 18 14 -0.0119048 19 881 882
831 14 1 0 3 1 4 0 2 1 0 330 
832 14 1 0 49 1 4 0 0 49 0 331 
833 14 0 1 0 5 16 17 17 10 20 13 14 -0.00999629 -41 883 884
834 14 1 0 7 1 4 2 5 0 0 393 
835 14 1 0 22 1 4 0 22 0 0 395 
836 14 1 0 2 1 4 0 0 2 0 396 
837 14 1 0 2 1 4 0 2 0 0 398 
838 14 1 0 89 1 4 89 0 0 0 399 
839 14 1 0 94 1 4 94 0 0 0 405 
840 14 1 0 2 1 4 1 1 0 0 406 
841 14 1 0 12 1 4 12 0 0 0 457 
842 14 1 0 2 1 4 1 1 0 0 458 
843 14 1 0 2 1 4 0 1 1 0 468 
844 14 1 0 22 1 4 0 22 0 0 469 
845 14 1 0 170 1 4 0 170 0 0 476 
846 14 1 0 2 1 4 1 1 0 0 477 
847 14 1 0 8 1 4 1 7 0 0 478 
848 14 1 0 8 1 4 8 0 0 0 479 
849 14 1 0 50 1 4 50 0 0 0 494 
850 14 1 0 2 1 4 1 1 0 0 495 
851 14 1 0 2 1 4 0 1 0 1 496 
852 14 1 0 46 1 4 0 46 0 0 497 
853 14 1 0 6 1 4 6 0 0 0 498 
854 14 1 0 9 1 4 1 8 0 0 499 
855 14 0 1 0 13 1 15 16 23 21 14 17 -0.0521937 42 885 886
856 14 0 1 0 14 27 17 17 12 12 17 18 -0.524977 17 887 888
857 15 0 1 0 20 1 17 15 26 8 17 13 -0 -32 889 890
858 15 0 1 0 3 21 20 20 6 31 14 14 -0.0369492 5 891 892
859 15 1 0 4 1 4 0 0 1 3 55 
860 15 1 0 115 1 4 0 0 0 115 56 
861 15 0 1 0 21 24 13 18 27 24 14 12 -0.00881895 38 893 894
862 15 1 0 8 1 4 0 6 2 0 154 
863 15 1 0 2 1 4 0 0 2 0 205 
864 15 0 1 0 8 21 16 19 7 19 18 19 -0.010101 9 895 896
865 15 0 1 0 22 35 12 20 12 27 13 17 -0.00625 -22 897 898
866 15 1 0 3 1 4 1 2 0 0 231 
867 15 0 1 0 3 11 19 12 15 2 14 14 -0.0601775 -37 899 900
868 15 1 0 4 1 4 3 1 0 0 286 
869 15 1 0 3 1 4 0 0 2 1 287 
870 15 1 0 7 1 4 5 2 0 0 288 
871 15 1 0 2 1 4 0 0 1 1 297 
872 15 1 0 49 1 4 0 0 0 49 298 
873 15 1 0 3 1 4 0 0 3 0 302 
874 15 1 0 9 1 4 0 0 0 9 303 
875 15 1 0 5 1 4 0 4 1 0 304 
876 15 0 1 0 5 0 14 14 8 19 13 16 -0.0380231 -3 901 902
877 15 1 0 5 1 4 0 3 2 0 313 
878 15 0 1 0 30 9 15 17 6 3 14 14 -0.00704225 -20 903 904
879 15 1 0 9 1 4 0 0 8 1 316 
880 15 1 0 6 1 4 0 6 0 0 317 
881 15 1 0 2 1 4 0 0 1 1 322 
882 15 1 0 40 1 4 0 0 40 0 323 
883 15 1 0 2 1 4 1 0 1 0 383 
884 15 0 1 0 0 27 16 18 16 4 18 14 -0.00762976 41 905 906
885 15 0 1 0 29 12 20 12 32 26 19 13 -0.0469338 12 907 908
886 15 1 0 3 1 4 0 1 0 2 526 
887 15 0 1 0 4 29 15 20 8 2 18 19 -0.326211 11 909 910
888 15 0 1 0 30 8 17 17 22 8 18 14 -0.46281 -47 911 912
889 16 1 0 8 1 4 0 0 0 8 7 
890 16 1 0 2 1 4 2 0 0 0 8 
891 16 0 1 0 4 24 19 19 9 25 17 13 -0.0339548 4 913 914
892 16 1 0 2 1 4 1 0 0 1 24 
893 16 0 1 0 21 0 20 20 27 8 20 14 -0.00626809 12 915 916
894 16 1 0 6 1 4 2 4 0 0 153 
895 16 1 0 63 1 4 0 63 0 0 206 
896 16 1 0 3 1 4 0 1 2 0 207 
897 16 1 0 2 1 4 1 1 0 0 229 
898 16 1 0 78 1 4 78 0 0 0 230 
899 16 1 0 4 1 4 2 2 0 0 242 
900 16 0 1 0 30 22 16 15 18 11 12 16 -0.0567308 -19 917 918
901 16 0 1 0 20 8 20 12 26 1 19 18 -0.00510204 41 919 920
902 16 0 1 0 7 20 14 14 27 7 17 12 -0 0 921 922
903 16 1 0 2 1 4 0 1 1 0 314 
904 16 1 0 69 1 4 0 69 0 0 315 
905 16 0 1 0 7 28 12 19 17 33 13 19 -0.00621196 -88 923 924
906 16 1 0 3 1 4 1 1 1 0 392 
907 16 0 1 0 30 24 13 16 33 26 13 14 -0.0430419 -8 925 926
908 16 1 0 3 1 4 0 1 0 2 525 
909 16 0 1 0 23 10 14 14 13 19 20 17 -0.261464 -15 927 928
910 16 1 0 6 1 4 5 1 0 0 531 
911 16 0 1 0 9 23 20 13 13 28 18 20 -0 -70 929 930
912 16 0 1 0 18 21 16 12 26 30 13 13 -0.181818 -7 931 932
913 17 0 1 0 1 25 17 14 2 23 14 12 -0.0294569 -4 933 934
914 17 1 0 8 1 4 1 0 1 6 23 
915 17 0 1 0 23 27 20 18 28 26 13 16 -0.00447794 5 935 936
916 17 1 0 4 1 4 1 3 0 0 152 
917 17 1 0 7 1 4 0 0 0 7 243 
918 17 0 1 0 27 11 14 12 22 12 18 19 -0.0546908 17 937 938
919 17 1 0 96 1 4 0 0 96 0 305 
920 17 1 0 2 1 4 0 1 1 0 306 
921 17 1 0 6 1 4 0 0 6 0 307 
922 17 1 0 7 1 4 0 0 0 7 308 
923 17 1 0 4 1 4 2 2 0 0 384 
924 17 0 1 0 20 9 13 18 21 8 20 20 -0.00479059 -7 939 940
925 17 1 0 5 1 4 4 1 0 0 502 
926 17 0 1 0 27 13 15 12 34 8 16 13 -0.0412723 -28 941 942
927 17 1 0 9 1 4 0 5 0 4 527 
928 17 0 1 0 14 10 16 19 17 25 16 19 -0.110847 -16 943 944
929 17 1 0 2 1 4 0 0 0 2 532 
930 17 1 0 9 1 4 0 9 0 0 533 
931 17 1 0 2 1 4 0 1 0 1 534 
932 17 1 0 9 1 4 0 0 0 9 535 
933 18 1 0 5 1 4 1 0 0 4 9 
934 18 0 1 0 17 20 17 12 12 32 14 12 -0.0257767 -5 945 946
935 18 1 0 3 1 4 0 2 1 0 148 
936 18 0 1 0 28 27 18 15 32 27 20 14 -0.00293288 4 947 948
937 18 0 1 0 13 8 17 12 17 9 19 14 -0.0515575 15 949 950
938 18 1 0 3 1 4 2 0 1 0 285 
939 18 1 0 2 1 4 0 2 0 0 385 
940 18 0 1 0 19 11 13 18 20 10 18 15 -0.00336121 6 951 952
941 18 1 0 2 1 4 2 0 0 0 503 
942 18 0 1 0 11 27 14 16 19 28 13 13 -0.0399898 10 953 954
943 18 1 0 3 1 4 1 0 0 2 528 
944 18 0 1 0 27 21 17 18 22 17 13 18 -0.00833333 -35 955 956
945 19 0 1 0 2 22 17 14 4 26 19 18 -0.00758915 1 957 958
946 19 0 1 0 27 26 17 19 26 16 18 16 -0.113438 -11 959 960
947 19 0 1 0 18 7 17 17 23 13 12 19 -0 12 961 962
948 19 1 0 576 1 4 0 576 0 0 151 
949 19 0 1 0 22 1 19 15 1 28 19 17 -0.0481981 -5 963 964
950 19 1 0 5 1 4 1 3 1 0 284 
951 19 0 1 0 5 26 19 18 4 27 16 20 -0.00213113 8 965 966
952 19 1 0 3 1 4 1 1 1 0 391 
953 19 0 1 0 17 9 20 13 21 25 12 16 -0.0373415 35 967 968
954 19 1 0 2 1 4 0 1 0 1 524 
955 19 1 0 2 1 4 1 1 0 0 529 
956 19 1 0 58 1 4 0 58 0 0 530 
957 20 0 1 0 5 17 14 20 7 12 17 14 -0.00693263 38 969 970
958 20 1 0 2 1 4 0 0 1 1 15 
959 20 0 1 0 21 21 15 19 19 27 14 19 -0.0379538 -15 971 972
960 20 0 1 0 6 7 20 13 10 2 15 16 -0.191092 -4 973 974
961 20 1 0 13 1 4 0 13 0 0 149 
962 20 1 0 2 1 4 2 0 0 0 150 
963 20 0 1 0 29 4 13 13 32 5 20 14 -0.04531 21 975 976
964 20 1 0 4 1 4 2 1 1 0 283 
965 20 0 1 0 34 30 17 13 20 31 13 20 -0.00128793 -67 977 978
966 20 1 0 7 1 4 5 2 0 0 390 
967 20 0 1 0 27 14 18 13 29 20 20 13 -0.0351098 9 979 980
968 20 1 0 2 1 4 0 1 0 1 523 
969 21 0 1 0 23 14 19 14 18 18 20 16 -0.0022452 -24 981 982
970 21 0 1 0 17 22 15 13 29 27 19 16 -0.346154 83 983 984
971 21 1 0 2 1 4 0 1 0 1 16 
972 21 0 1 0 30 33 14 13 26 10 17 16 -0.0250871 -1 985 986
973 21 1 0 3 1 4 2 1 0 0 19 
974 21 0 1 0 11 19 15 13 18 4 19 14 -0.050447 49 987 988
975 21 0 1 0 19 9 18 12 17 9 20 15 -0.0432043 5 989 990
976 21 1 0 4 1 4 0 0 0 4 282 
977 21 1 0 3 1 4 2 1 0 0 386 
978 21 0 1 0 13 3 15 20 20 2 16 12 -0.000725806 -39 991 992
979 21 0 1 0 7 5 19 15 2 23 17 20 -0.0336451 -15 993 994
980 21 1 0 3 1 4 2 1 0 0 522 
981 22 0 1 0 9 26 20 17 23 3 17 20 -0.029304 65 995 996
982 22 1 0 1671 1 4 0 0 0 1671 12 
983 22 1 0 2 1 4 1 0 0 1 13 
984 22 1 0 11 1 4 0 0 0 11 14 
985 22 1 0 282 1 4 0 0 0 282 17 
986 22 1 0 5 1 4 1 0 0 4 18 
987 22 0 1 0 1 0 19 17 17 8 19 17 -0.0185185 -2 997 998
988 22 1 0 2 1 4 0 1 1 0 22 
989 22 0 1 0 8 1 14 17 35 30 17 12 -0.0381451 -21 999 1000
990 22 0 1 0 11 14 12 20 15 25 19 20 -0.185714 -53 1001 1002
991 22 1 0 2 1 4 1 1 0 0 387 
992 22 0 1 0 0 12 13 19 1 34 13 13 -0.000430663 2 1003 1004
993 22 0 1 0 17 1 14 12 8 28 18 19 -0 -55 1005 1006
994 22 0 1 0 18 30 13 13 14 29 13 17 -0.0255935 -1 1007 1008
995 23 1 0 3 1 4 0 1 0 2 10 
996 23 1 0 88 1 4 0 0 0 88 11 
997 23 1 0 25 1 4 0 0 0 25 20 
998 23 1 0 2 1 4 0 0 1 1 21 
999 23 0 1 0 30 25 13 15 2 34 13 14 -0.027181 52 1009 1010
1000 23 0 1 0 32 8 17 12 30 11 17 13 -0.17737 2 1011 1012
1001 23 1 0 5 1 4 0 0 4 1 280 
1002 23 1 0 7 1 4 2 5 0 0 281 
1003 23 1 0 2055 1 4 2055 0 0 0 388 
1004 23 1 0 9 1 4 8 1 0 0 389 
1005 23 1 0 19 1 4 0 19 0 0 504 
1006 23 1 0 3 1 4 0 0 0 3 505 
1007 23 1 0 2 1 4 2 0 0 0 506 
1008 23 0 1 0 27 19 18 17 0 34 12 13 -0.0246934 -50 1013 1014
1009 24 0 1 0 18 34 12 13 10 23 14 14 -0.025529 132 1015 1016
1010 24 1 0 5 1 4 0 0 1 4 271 
1011 24 0 1 0 0 27 19 12 28 15 20 19 -0.09219 -3 1017 1018
1012 24 0 1 0 12 22 20 16 17 25 16 12 -0.0664336 3 1019 1020
1013 24 1 0 3 1 4 2 1 0 0 507 
1014 24 0 1 0 16 7 17 19 23 23 17 18 -0.0237237 7 1021 1022
1015 25 0 1 0 9 25 15 18 6 25 19 19 -0.0241695 12 1023 1024
1016 25 1 0 3 1 4 0 3 0 0 270 
1017 25 1 0 3 1 4 0 0 0 3 272 
1018 25 0 1 0 22 9 16 17 22 8 20 17 -0.054846 -4 1025 1026
1019 25 0 1 0 23 25 14 18 27 29 12 20 -0 -7 1027 1028
1020 25 1 0 17 1 4 0 0 17 0 279 
1021 25 0 1 0 25 23 18 12 23 26 14 19 -0.0155048 -7 1029 1030
1022 25 0 1 0 12 10 12 18 19 22 20 20 -0.139535 3 1031 1032
1023 26 0 1 0 3 19 18 15 29 30 13 13 -0.0232697 -135 1033 1034
1024 26 1 0 3 1 4 0 0 0 3 269 
1025 26 1 0 5 1 4 0 4 1 0 273 
1026 26 0 1 0 19 13 19 19 12 13 16 14 -0.015373 -6 1035 1036
1027 26 1 0 3 1 4 0 0 3 0 277 
1028 26 1 0 19 1 4 0 19 0 0 278 
1029 26 1 0 3 1 4 2 1 0 0 508 
1030 26 0 1 0 23 15 20 20 26 28 13 16 -0.0144902 -1 1037 1038
1031 26 1 0 6 1 4 0 3 0 3 520 
1032 26 1 0 37 1 4 0 37 0 0 521 
1033 27 1 0 2 1 4 0 0 0 2 244 
1034 27 0 1 0 15 18 20 20 16 18 13 17 -0.0222839 -3 1039 1040
1035 27 1 0 2 1 4 0 2 0 0 274 
1036 27 0 1 0 21 10 14 15 28 22 14 13 -0.00806452 2 1041 1042
1037 27 0 1 0 25 10 13 19 26 10 19 18 -0.011997 7 1043 1044
1038 27 1 0 5 1 4 0 4 0 1 519 
1039 28 1 0 4 1 4 1 1 2 0 245 
1040 28 0 1 0 10 1 16 20 7 35 12 13 -0.0201572 -174 1045 1046
1041 28 1 0 60 1 4 0 0 60 0 275 
1042 28 1 0 2 1 4 0 0 1 1 276 
1043 28 0 1 0 21 33 12 13 16 9 19 12 -0.0111234 -5 1047 1048
1044 28 1 0 3 1 4 1 2 0 0 518 
1045 29 1 0 2 1 4 0 2 0 0 246 
1046 29 0 1 0 24 14 18 12 18 21 18 15 -0.0192689 10 1049 1050
1047 29 1 0 7 1 4 2 5 0 0 509 
1048 29 0 1 0 25 22 12 16 25 13 17 14 -0.00990005 1 1051 1052
1049 30 0 1 0 29 28 19 16 19 11 16 18 -0.0179852 12 1053 1054
1050 30 1 0 2 1 4 1 0 1 0 268 
1051 30 0 1 0 5 23 16 12 12 1 12 13 -0.130435 -11 1055 1056
1052 30 0 1 0 25 16 17 18 26 24 18 18 -0.0042505 -2 1057 1058
1053 31 1 0 5 1 4 0 0 3 2 247 
1054 31 0 1 0 11 18 14 12 10 18 19 15 -0.0168709 5 1059 1060
1055 31 1 0 8 1 4 0 6 0 2 510 
1056 31 1 0 38 1 4 0 38 0 0 511 
1057 31 0 1 0 5 22 16 15 6 13 13 15 -0.00365511 5 1061 1062
1058 31 1 0 3 1 4 1 2 0 0 517 
1059 32 0 1 0 27 28 13 18 30 32 13 13 -0.0151878 12 1063 1064
1060 32 1 0 3 1 4 1 0 2 0 267 
1061 32 0 1 0 21 23 13 19 18 17 19 20 -0.000717397 -12 1065 1066
1062 32 0 1 0 13 0 17 18 28 17 15 16 -0.0689655 23 1067 1068
1063 33 0 1 0 22 19 17 20 29 23 18 12 -0.013543 4 1069 1070
1064 33 1 0 4 1 4 0 0 2 2 266 
1065 33 0 1 0 35 33 12 12 21 26 14 16 -0.0333333 -56 1071 1072
1066 33 1 0 1286 1 4 0 1286 0 0 514 
1067 33 1 0 27 1 4 0 27 0 0 515 
1068 33 1 0 2 1 4 0 1 0 1 516 
1069 34 0 1 0 9 11 19 13 34 25 20 12 -0.0107441 3 1073 1074
1070 34 1 0 6 1 4 2 0 4 0 265 
1071 34 1 0 13 1 4 0 13 0 0 512 
1072 34 1 0 2 1 4 1 1 0 0 513 
1073 35 0 1 0 3 35 12 12 2 4 16 13 -0.00995289 10 1075 1076
1074 35 1 0 5 1 4 0 2 3 0 264 
1075 36 1 0 7 1 4 0 2 5 0 248 
1076 36 0 1 0 3 27 19 13 27 9 14 14 -0.00901376 1 1077 1078
1077 37 1 0 6 1 4 1 0 5 0 249 
1078 37 0 1 0 2 28 15 20 21 11 14 13 -0.00724242 -7 1079 1080
1079 38 1 0 2 1 4 0 0 1 1 250 
1080 38 0 1 0 3 25 17 15 33 34 13 13 -0.00678366 -120 1081 1082
1081 39 1 0 2 1 4 0 1 1 0 251 
1082 39 0 1 0 21 9 20 18 13 6 16 18 -0.00631259 -4 1083 1084
1083 40 0 1 0 19 19 14 17 25 25 15 14 -0 -39 1085 1086
1084 40 0 1 0 9 16 15 17 13 26 13 14 -0.00451713 10 1087 1088
1085 41 1 0 4 1 4 0 4 0 0 252 
1086 41 1 0 26 1 4 0 0 26 0 253 
1087 41 0 1 0 8 28 17 20 9 32 13 20 -0.00416378 -27 1089 1090
1088 41 1 0 2 1 4 0 1 1 0 263 
1089 42 1 0 4 1 4 0 0 3 1 254 
1090 42 0 1 0 3 30 16 14 0 22 18 17 -0.00365579 -3 1091 1092
1091 43 1 0 3 1 4 0 1 2 0 255 
1092 43 0 1 0 34 13 16 13 34 27 12 13 -0.00318279 21 1093 1094
1093 44 0 1 0 10 8 17 20 8 12 20 16 -0.00263009 6 1095 1096
1094 44 1 0 3 1 4 0 0 2 1 262 
1095 45 0 1 0 4 1 19 18 4 4 19 16 -0.00235418 3 1097 1098
1096 45 1 0 2 1 4 0 1 1 0 261 
1097 46 0 1 0 8 7 12 19 2 32 15 12 -0.000455182 -15 1099 1100
1098 46 0 1 0 29 27 19 17 9 15 13 16 -0.0408163 35 1101 1102
1099 47 1 0 2026 1 4 0 0 2026 0 256 
1100 47 0 1 0 0 8 14 20 12 26 16 19 -0.0357143 -42 1103 1104
1101 47 1 0 2 1 4 1 0 1 0 259 
1102 47 1 0 47 1 4 0 0 47 0 260 
1103 48 1 0 2 1 4 0 0 1 1 257 
1104 48 1 0 12 1 4 0 0 12 0 258 
