-2147483648 -2147483648 data/trees_headpose/tree_011.txt
100 10 5000 30 30000 1 48 1 data/trees_headpose ./data/Cropped_HBO_Data_4view.txt
1 0
0 0 0 1 0 32 31 16 14 26 9 19 16 -0.982824 -7 1 2
1 1 0 1 0 17 12 15 18 11 31 15 13 -0.824278 4 3 4
2 1 0 1 0 15 10 18 12 9 18 17 12 -0.642924 13 5 6
3 2 0 1 0 35 31 16 12 28 23 15 17 -0.528589 3 7 8
4 2 0 1 0 1 35 12 12 32 13 18 14 -1.54598 -11 9 10
5 2 0 1 0 3 14 12 20 2 24 20 12 -0.494931 5 11 12
6 2 0 1 0 1 27 20 15 2 24 17 15 -0.522948 5 13 14
7 3 0 1 0 1 29 17 15 6 27 18 12 -0.387998 4 15 16
8 3 0 1 0 0 28 18 16 2 28 15 15 -0.840431 -3 17 18
9 3 0 1 0 10 8 12 19 12 29 18 13 -1.06865 -15 19 20
10 3 0 1 0 14 31 15 14 14 30 12 17 -1.06776 10 21 22
11 3 0 1 0 15 6 19 16 11 10 19 19 -0.493364 4 23 24
12 3 0 1 0 16 24 19 19 17 1 17 15 -0.323586 6 25 26
13 3 0 1 0 5 20 16 17 9 23 18 13 -0.465967 -20 27 28
14 3 0 1 0 14 7 15 19 14 34 13 14 -0.432212 -52 29 30
15 4 0 1 0 9 16 20 16 8 26 18 13 -0.330373 20 31 32
16 4 0 1 0 18 9 14 18 7 24 16 14 -0.755952 -16 33 34
17 4 0 1 0 12 29 18 18 29 18 15 18 -0 42 35 36
18 4 0 1 0 24 32 12 12 27 14 13 15 -0.249433 -5 37 38
19 4 0 1 0 32 26 17 13 32 27 20 15 -0.740212 -6 39 40
20 4 0 1 0 28 30 12 13 30 7 19 15 -0.596921 21 41 42
21 4 0 1 0 14 24 17 15 18 22 19 12 -0.674265 -7 43 44
22 4 0 1 0 29 30 16 18 30 24 19 14 -0.68125 4 45 46
23 4 0 1 0 3 15 12 18 34 24 17 13 -0.402249 3 47 48
24 4 0 1 0 19 16 18 17 13 33 12 20 -0.726992 -39 49 50
25 4 0 1 0 17 30 16 14 15 25 17 19 -0.245098 -3 51 52
26 4 0 1 0 7 27 12 14 6 16 18 13 -0.299495 24 53 54
27 4 0 1 0 24 12 19 17 24 23 15 18 -0.838654 -16 55 56
28 4 0 1 0 6 10 19 13 0 19 14 17 -0.347874 -4 57 58
29 4 0 1 0 22 24 15 18 31 16 17 14 -0.903706 35 59 60
30 4 0 1 0 30 33 14 15 27 24 19 14 -0.213023 3 61 62
31 5 0 1 0 1 1 16 15 3 0 17 13 -0.289738 5 63 64
32 5 0 1 0 17 20 20 16 19 22 13 14 -0.443636 -5 65 66
33 5 0 1 0 10 5 18 15 11 13 18 18 -0.0694444 -35 67 68
34 5 0 1 0 2 32 13 16 26 33 14 12 -0.132832 58 69 70
35 5 1 0 4 1 4 4 0 0 0 61 
36 5 1 0 32 1 4 0 0 0 32 62 
37 5 1 0 7 1 4 1 0 0 6 63 
38 5 0 1 0 12 3 16 19 13 2 18 19 -0.031746 -8 71 72
39 5 0 1 0 12 18 20 18 15 28 16 12 -0.05625 -20 73 74
40 5 0 1 0 0 27 18 17 1 24 17 19 -0.319511 -18 75 76
41 5 0 1 0 17 29 13 13 13 12 15 20 -0.195753 -26 77 78
42 5 0 1 0 19 0 14 18 33 18 15 13 -0.165079 -8 79 80
43 5 0 1 0 20 14 14 16 17 23 16 17 -0.427144 -5 81 82
44 5 0 1 0 17 1 18 12 15 9 20 18 -1.01097 -9 83 84
45 5 0 1 0 34 17 17 12 10 15 15 18 -0.15 -98 85 86
46 5 0 1 0 9 9 13 13 7 15 19 18 -0.093254 -14 87 88
47 5 0 1 0 28 32 14 17 29 28 14 16 -0.294377 -6 89 90
48 5 0 1 0 18 5 17 19 24 25 13 19 -0.591323 8 91 92
49 5 0 1 0 11 24 20 20 27 27 20 17 -0.237905 8 93 94
50 5 0 1 0 22 12 15 16 31 4 13 15 -0.502755 10 95 96
51 5 1 0 3 1 4 2 1 0 0 295 
52 5 0 1 0 15 22 18 20 29 1 13 17 -0 3 97 98
53 5 0 1 0 0 25 15 16 2 26 16 12 -0.251188 -3 99 100
54 5 0 1 0 9 20 14 17 19 6 15 13 -0.489565 51 101 102
55 5 0 1 0 13 3 17 12 27 3 17 15 -0.537589 6 103 104
56 5 0 1 0 5 0 18 19 6 6 17 16 -0.400104 -23 105 106
57 5 0 1 0 28 27 15 17 18 20 20 18 -0.172916 14 107 108
58 5 0 1 0 13 34 13 12 18 23 20 15 -0.318705 29 109 110
59 5 0 1 0 11 16 12 15 22 9 13 17 -0.779048 -59 111 112
60 5 0 1 0 10 26 14 15 13 6 15 17 -0.745305 61 113 114
61 5 0 1 0 24 30 14 15 9 33 13 12 -0.43067 -26 115 116
62 5 0 1 0 16 25 13 17 28 34 12 14 -0.119433 -46 117 118
63 6 0 1 0 20 4 16 18 11 27 17 17 -0.266697 -10 119 120
64 6 0 1 0 23 22 19 13 21 6 18 13 -0.295518 47 121 122
65 6 1 0 3 1 4 0 0 0 3 51 
66 6 0 1 0 13 33 13 20 13 20 17 19 -0.206612 -5 123 124
67 6 1 0 6 1 4 0 0 0 6 56 
68 6 1 0 6 1 4 0 1 5 0 57 
69 6 0 1 0 24 30 12 16 24 13 14 18 -0.0175439 10 125 126
70 6 1 0 4 1 4 0 0 0 4 60 
71 6 1 0 2 1 4 0 1 0 1 64 
72 6 1 0 61 1 4 61 0 0 0 65 
73 6 1 0 6 1 4 0 0 0 6 66 
74 6 0 1 0 26 5 17 12 6 15 15 19 -0.05 -15 127 128
75 6 1 0 4 1 4 2 2 0 0 69 
76 6 0 1 0 23 21 12 20 26 28 12 14 -0.227349 -14 129 130
77 6 1 0 2 1 4 1 0 0 1 73 
78 6 0 1 0 22 17 20 15 27 30 14 16 -0 7 131 132
79 6 1 0 9 1 4 0 0 0 9 76 
80 6 0 1 0 28 27 18 19 29 29 14 15 -0.140351 0 133 134
81 6 0 1 0 10 19 14 20 22 7 18 13 -1.03663 27 135 136
82 6 0 1 0 7 22 15 12 0 18 20 16 -0.119845 32 137 138
83 6 0 1 0 23 21 14 16 20 18 16 18 -0.370053 -15 139 140
84 6 1 0 7 1 4 7 0 0 0 93 
85 6 1 0 2 1 4 1 0 0 1 94 
86 6 1 0 28 1 4 0 0 0 28 95 
87 6 1 0 4 1 4 0 0 1 3 96 
88 6 0 1 0 22 3 17 13 7 20 15 16 -0.0357143 -10 141 142
89 6 0 1 0 1 23 19 20 14 28 18 12 -0.116797 -18 143 144
90 6 0 1 0 23 3 20 12 17 5 15 13 -0.284354 -12 145 146
91 6 0 1 0 10 9 13 15 5 12 20 16 -0.521481 4 147 148
92 6 0 1 0 8 22 14 13 1 24 18 17 -0.252706 -6 149 150
93 6 0 1 0 27 1 16 20 17 1 20 17 -0.174242 -20 151 152
94 6 0 1 0 13 19 17 19 4 10 20 20 -0.0142857 12 153 154
95 6 0 1 0 34 30 15 13 12 0 12 17 -0.0788288 12 155 156
96 6 0 1 0 10 12 15 17 0 19 14 12 -0.280188 46 157 158
97 6 1 0 9 1 4 0 0 9 0 296 
98 6 1 0 8 1 4 0 0 0 8 297 
99 6 0 1 0 26 29 17 19 20 17 17 18 -0.41315 -18 159 160
100 6 0 1 0 18 13 17 14 17 16 16 17 -0.218612 4 161 162
101 6 0 1 0 28 6 13 14 23 6 13 20 -0.205729 1 163 164
102 6 0 1 0 15 29 16 14 14 27 19 13 -0.215054 0 165 166
103 6 0 1 0 4 24 20 15 30 32 15 15 -0.2 -97 167 168
104 6 0 1 0 17 22 16 18 2 21 18 17 -0.373023 49 169 170
105 6 1 0 7 1 4 2 5 0 0 378 
106 6 0 1 0 22 22 16 12 21 13 15 13 -0.27116 22 171 172
107 6 0 1 0 25 30 13 13 9 35 12 20 -0.0936111 12 173 174
108 6 1 0 6 1 4 0 2 4 0 388 
109 6 0 1 0 13 5 19 13 3 28 16 18 -0.291015 1 175 176
110 6 0 1 0 0 22 12 18 8 15 13 20 -0.0333333 -38 177 178
111 6 1 0 7 1 4 5 2 0 0 452 
112 6 0 1 0 24 13 13 20 18 25 19 20 -0.502908 -39 179 180
113 6 0 1 0 23 16 17 16 28 19 12 17 -0.591647 42 181 182
114 6 0 1 0 10 7 17 18 12 22 20 13 -0.476277 -69 183 184
115 6 0 1 0 30 2 17 13 31 17 17 13 -0 2 185 186
116 6 0 1 0 17 32 13 19 13 24 19 14 -0.329559 14 187 188
117 6 0 1 0 18 14 12 13 2 14 17 19 -0.173719 42 189 190
118 6 0 1 0 16 27 13 14 8 34 12 17 -0.0956547 -29 191 192
119 7 0 1 0 29 15 15 15 30 28 17 12 -0.1861 -5 193 194
120 7 0 1 0 28 34 12 18 23 35 12 12 -1.06008 -30 195 196
121 7 0 1 0 19 25 14 15 10 28 16 12 -0.0357143 -15 197 198
122 7 1 0 3 1 4 0 0 2 1 50 
123 7 0 1 0 24 4 12 18 16 9 20 12 -0.0454545 -73 199 200
124 7 0 1 0 9 8 14 13 27 12 18 14 -0.181818 6 201 202
125 7 1 0 35 1 4 35 0 0 0 58 
126 7 1 0 3 1 4 0 2 1 0 59 
127 7 1 0 2 1 4 1 1 0 0 67 
128 7 1 0 8 1 4 8 0 0 0 68 
129 7 1 0 9 1 4 0 5 0 4 70 
130 7 0 1 0 4 29 17 19 2 24 14 20 -0.0542636 39 203 204
131 7 1 0 3 1 4 0 3 0 0 74 
132 7 1 0 32 1 4 32 0 0 0 75 
133 7 0 1 0 11 18 12 20 9 19 18 12 -0.0263158 65 205 206
134 7 1 0 2 1 4 0 1 0 1 79 
135 7 0 1 0 20 34 13 17 12 20 13 13 -0.928846 4 207 208
136 7 1 0 16 1 4 16 0 0 0 84 
137 7 0 1 0 4 15 20 20 14 22 14 19 -0.0302632 -11 209 210
138 7 1 0 2 1 4 0 0 0 2 89 
139 7 1 0 5 1 4 4 0 0 1 90 
140 7 0 1 0 24 3 18 15 10 25 14 16 -0.0294118 -51 211 212
141 7 1 0 2 1 4 1 1 0 0 97 
142 7 1 0 12 1 4 12 0 0 0 98 
143 7 0 1 0 0 18 17 15 13 1 17 16 -0.0216209 38 213 214
144 7 0 1 0 14 11 14 18 2 30 17 14 -0.130208 6 215 216
145 7 0 1 0 32 33 12 14 7 9 12 19 -0.483593 38 217 218
146 7 0 1 0 23 8 17 12 12 16 19 19 -0.258818 20 219 220
147 7 0 1 0 4 13 18 15 23 0 20 13 -0.452026 1 221 222
148 7 0 1 0 5 32 14 15 21 26 18 12 -0.288205 25 223 224
149 7 1 0 4 1 4 3 0 1 0 275 
150 7 0 1 0 7 18 17 12 5 12 13 13 -0.0921131 14 225 226
151 7 1 0 7 1 4 0 7 0 0 279 
152 7 0 1 0 0 23 20 20 29 13 18 17 -0.0815047 -12 227 228
153 7 1 0 2 1 4 0 1 1 0 283 
154 7 1 0 33 1 4 0 0 0 33 284 
155 7 0 1 0 3 12 13 14 4 15 20 13 -0.075 1 229 230
156 7 1 0 25 1 4 0 0 25 0 288 
157 7 0 1 0 7 34 12 20 15 29 17 19 -0.117036 15 231 232
158 7 1 0 7 1 4 0 0 1 6 294 
159 7 1 0 2 1 4 0 0 0 2 298 
160 7 0 1 0 8 4 20 15 1 32 13 20 -0.277448 -30 233 234
161 7 0 1 0 7 29 16 16 15 26 19 14 -0.18312 -1 235 236
162 7 0 1 0 22 2 12 19 5 6 19 12 -0.415315 16 237 238
163 7 0 1 0 25 31 13 18 10 16 15 19 -0.03125 41 239 240
164 7 1 0 8 1 4 0 5 2 1 366 
165 7 1 0 4 1 4 0 2 0 2 367 
166 7 0 1 0 25 14 14 16 11 17 14 15 -0 -35 241 242
167 7 1 0 2 1 4 0 1 0 1 370 
168 7 1 0 8 1 4 0 0 0 8 371 
169 7 0 1 0 23 12 15 19 7 29 15 18 -0 -69 243 244
170 7 0 1 0 31 5 16 15 1 26 20 15 -0.162963 -40 245 246
171 7 0 1 0 5 28 12 15 0 18 16 19 -0.0634226 24 247 248
172 7 1 0 5 1 4 0 4 0 1 382 
173 7 0 1 0 8 8 16 16 0 6 19 13 -0.0181901 67 249 250
174 7 0 1 0 10 4 14 18 0 10 14 20 -0.12963 9 251 252
175 7 0 1 0 28 27 12 15 23 1 18 20 -1.08425 5 253 254
176 7 0 1 0 32 12 15 15 0 35 12 13 -0.219838 -7 255 256
177 7 1 0 3 1 4 2 1 0 0 450 
178 7 1 0 17 1 4 0 0 0 17 451 
179 7 0 1 0 2 2 13 13 0 9 13 12 -0.224026 1 257 258
180 7 0 1 0 8 16 12 12 2 17 17 20 -0.245614 -1 259 260
181 7 0 1 0 13 24 15 18 13 27 18 15 -0.698938 -6 261 262
182 7 0 1 0 31 29 18 16 25 30 14 20 -0.174393 -24 263 264
183 7 0 1 0 0 22 18 13 1 21 19 13 -0.137729 -3 265 266
184 7 0 1 0 6 4 18 18 9 19 18 16 -0.2 -56 267 268
185 7 1 0 23 1 4 0 0 0 23 497 
186 7 1 0 3 1 4 0 3 0 0 498 
187 7 0 1 0 20 32 14 18 23 32 15 19 -0.310215 17 269 270
188 7 0 1 0 16 2 12 13 31 15 13 16 -0.202216 -14 271 272
189 7 0 1 0 16 30 13 16 31 23 19 14 -0.0454545 -25 273 274
190 7 0 1 0 24 3 16 14 15 24 12 19 -0 2 275 276
191 7 0 1 0 8 6 16 16 16 18 14 15 -0.376471 -34 277 278
192 7 0 1 0 11 18 19 13 7 14 19 19 -0.0766725 32 279 280
193 8 0 1 0 0 31 14 13 5 25 19 18 -0.740979 -16 281 282
194 8 0 1 0 29 28 19 14 30 29 13 16 -0.0978103 36 283 284
195 8 0 1 0 1 29 17 16 8 24 20 13 -0.269665 3 285 286
196 8 0 1 0 26 29 12 19 33 17 19 14 -0.617235 8 287 288
197 8 1 0 2 1 4 0 1 1 0 48 
198 8 1 0 12 1 4 12 0 0 0 49 
199 8 1 0 9 1 4 9 0 0 0 52 
200 8 1 0 2 1 4 1 1 0 0 53 
201 8 1 0 2 1 4 0 1 0 1 54 
202 8 1 0 9 1 4 0 9 0 0 55 
203 8 1 0 83 1 4 0 0 0 83 71 
204 8 1 0 3 1 4 1 1 0 1 72 
205 8 1 0 17 1 4 0 17 0 0 77 
206 8 1 0 2 1 4 1 1 0 0 78 
207 8 0 1 0 25 5 18 18 23 22 18 18 -0 -20 289 290
208 8 0 1 0 23 9 15 14 23 26 20 17 -0.269841 -16 291 292
209 8 0 1 0 29 15 13 16 29 27 14 14 -0.00523471 -10 293 294
210 8 1 0 2 1 4 0 0 0 2 88 
211 8 1 0 2 1 4 0 0 1 1 91 
212 8 1 0 15 1 4 0 0 0 15 92 
213 8 0 1 0 30 22 12 15 13 2 12 13 -0 141 295 296
214 8 1 0 5 1 4 0 0 4 1 101 
215 8 0 1 0 22 25 16 17 24 24 13 16 -0.0277778 -8 297 298
216 8 1 0 2 1 4 2 0 0 0 104 
217 8 0 1 0 15 13 14 12 13 30 12 14 -0.270335 -22 299 300
218 8 0 1 0 22 11 19 19 19 4 20 12 -0.279364 -22 301 302
219 8 0 1 0 2 29 17 12 30 12 13 13 -0.229948 -12 303 304
220 8 0 1 0 20 21 13 16 23 35 12 19 -0.533382 -33 305 306
221 8 0 1 0 8 23 15 16 27 30 13 18 -0.131687 11 307 308
222 8 0 1 0 12 24 19 17 6 35 12 13 -0.361634 -14 309 310
223 8 0 1 0 23 22 19 12 10 7 14 19 -0.0891534 28 311 312
224 8 1 0 5 1 4 0 2 0 3 274 
225 8 1 0 4 1 4 2 0 1 1 276 
226 8 0 1 0 7 32 12 16 21 24 13 15 -0.00625 104 313 314
227 8 1 0 4 1 4 0 0 0 4 280 
228 8 0 1 0 25 6 18 13 9 4 19 19 -0 13 315 316
229 8 0 1 0 25 1 17 18 12 33 14 12 -0.05 -32 317 318
230 8 1 0 2 1 4 0 0 2 0 287 
231 8 0 1 0 25 22 17 17 29 30 16 16 -0.0426425 -31 319 320
232 8 1 0 6 1 4 0 0 4 2 293 
233 8 0 1 0 12 0 17 14 17 30 15 12 -0.3 -93 321 322
234 8 0 1 0 8 35 12 12 11 23 15 20 -0.0781027 -3 323 324
235 8 0 1 0 20 17 16 18 26 19 13 20 -0.14418 -9 325 326
236 8 0 1 0 26 10 20 12 25 12 18 12 -0.588257 0 327 328
237 8 0 1 0 6 19 19 18 8 27 19 15 -0.229621 -21 329 330
238 8 1 0 2 1 4 0 0 0 2 363 
239 8 1 0 14 1 4 0 0 0 14 364 
240 8 1 0 2 1 4 0 0 1 1 365 
241 8 1 0 24 1 4 0 24 0 0 368 
242 8 1 0 3 1 4 3 0 0 0 369 
243 8 1 0 4 1 4 0 4 0 0 372 
244 8 1 0 14 1 4 14 0 0 0 373 
245 8 1 0 6 1 4 0 1 0 5 374 
246 8 0 1 0 15 29 14 20 16 30 15 18 -0.0661499 1 331 332
247 8 1 0 3 1 4 0 3 0 0 379 
248 8 0 1 0 14 3 18 18 20 19 16 17 -0.0338983 -61 333 334
249 8 0 1 0 29 22 14 14 28 19 16 12 -0.00568182 -17 335 336
250 8 1 0 3 1 4 0 2 1 0 385 
251 8 1 0 3 1 4 2 1 0 0 386 
252 8 1 0 9 1 4 0 8 1 0 387 
253 8 1 0 11 1 4 0 0 0 11 389 
254 8 0 1 0 17 26 16 12 15 13 20 19 -0.745518 19 337 338
255 8 0 1 0 33 35 12 14 22 31 14 15 -0.291333 -40 339 340
256 8 0 1 0 10 28 16 13 11 26 14 20 -0.183389 0 341 342
257 8 1 0 4 1 4 0 0 3 1 453 
258 8 1 0 7 1 4 3 4 0 0 454 
259 8 1 0 43 1 4 0 0 0 43 455 
260 8 0 1 0 11 26 19 18 22 9 17 13 -0.375 13 343 344
261 8 0 1 0 13 29 18 18 13 29 18 15 -0.726502 -2 345 346
262 8 0 1 0 26 30 13 15 25 32 13 19 -0.0597194 1 347 348
263 8 0 1 0 11 23 17 12 0 16 14 18 -0 92 349 350
264 8 0 1 0 7 28 19 12 3 29 17 20 -0.122392 11 351 352
265 8 0 1 0 34 9 18 13 22 26 15 20 -0.0384615 -136 353 354
266 8 0 1 0 26 22 16 17 11 23 19 16 -0.0615385 22 355 356
267 8 0 1 0 16 11 19 18 16 8 20 12 -0 16 357 358
268 8 1 0 3 1 4 0 0 1 2 496 
269 8 0 1 0 14 11 20 14 1 9 19 13 -0.12075 20 359 360
270 8 0 1 0 17 21 20 14 29 0 20 15 -0.0921053 73 361 362
271 8 0 1 0 4 28 19 16 23 28 14 19 -0 -46 363 364
272 8 0 1 0 22 9 12 18 28 10 14 15 -0.151478 0 365 366
273 8 1 0 2 1 4 0 0 1 1 518 
274 8 1 0 9 1 4 0 0 9 0 519 
275 8 1 0 22 1 4 0 22 0 0 520 
276 8 1 0 9 1 4 9 0 0 0 521 
277 8 1 0 7 1 4 0 0 0 7 522 
278 8 0 1 0 5 14 17 12 15 15 12 15 -0.1 -26 367 368
279 8 0 1 0 12 18 19 12 12 8 15 18 -0.0718475 23 369 370
280 8 1 0 2 1 4 0 0 0 2 558 
281 9 0 1 0 6 9 15 20 6 25 12 14 -0.466371 7 371 372
282 9 0 1 0 1 15 14 14 19 12 17 16 -0.758109 -49 373 374
283 9 0 1 0 2 19 19 15 5 29 16 12 -0.0764222 6 375 376
284 9 0 1 0 10 22 13 15 9 9 15 19 -0 49 377 378
285 9 0 1 0 33 29 17 12 28 8 19 12 -0.188776 -11 379 380
286 9 1 0 5 1 4 3 2 0 0 43 
287 9 0 1 0 12 20 13 17 0 17 12 19 -0 -1 381 382
288 9 0 1 0 4 27 19 20 26 2 18 15 -0.133333 -13 383 384
289 9 1 0 8 1 4 0 0 0 8 80 
290 9 1 0 2 1 4 2 0 0 0 81 
291 9 1 0 7 1 4 0 6 0 1 82 
292 9 1 0 9 1 4 8 1 0 0 83 
293 9 1 0 5 1 4 0 5 0 0 85 
294 9 0 1 0 16 16 19 15 12 14 18 14 -0.0027027 5 385 386
295 9 1 0 121 1 4 0 0 0 121 99 
296 9 1 0 2 1 4 0 0 2 0 100 
297 9 1 0 6 1 4 0 0 1 5 102 
298 9 1 0 24 1 4 0 0 24 0 103 
299 9 0 1 0 25 24 18 16 29 26 19 17 -0 12 387 388
300 9 0 1 0 15 7 20 14 2 4 13 17 -0 70 389 390
301 9 1 0 6 1 4 0 0 0 6 109 
302 9 0 1 0 0 27 17 19 3 24 17 16 -0.130858 -7 391 392
303 9 0 1 0 5 18 15 17 0 29 14 15 -0.335634 -28 393 394
304 9 0 1 0 8 34 12 12 24 27 15 14 -0.208025 -56 395 396
305 9 1 0 8 1 4 0 2 1 5 230 
306 9 0 1 0 3 14 20 17 5 16 15 20 -0.236842 -15 397 398
307 9 1 0 9 1 4 1 5 3 0 233 
308 9 1 0 18 1 4 0 0 0 18 234 
309 9 0 1 0 5 7 19 19 6 0 12 18 -0.271015 33 399 400
310 9 0 1 0 15 23 12 19 18 16 13 15 -0.307847 -2 401 402
311 9 0 1 0 12 5 16 16 10 14 19 14 -0.023183 -1 403 404
312 9 0 1 0 20 6 20 12 15 5 18 17 -0.0277778 8 405 406
313 9 1 0 78 1 4 0 0 0 78 277 
314 9 1 0 2 1 4 0 0 1 1 278 
315 9 1 0 26 1 4 0 0 26 0 281 
316 9 1 0 3 1 4 0 3 0 0 282 
317 9 1 0 2 1 4 1 1 0 0 285 
318 9 1 0 8 1 4 0 8 0 0 286 
319 9 1 0 2 1 4 0 0 1 1 289 
320 9 0 1 0 7 31 16 18 20 23 13 17 -0.0168173 -12 407 408
321 9 0 1 0 27 24 12 13 34 34 12 12 -0.0568182 -24 409 410
322 9 1 0 4 1 4 0 0 2 2 302 
323 9 1 0 5 1 4 0 4 1 0 303 
324 9 0 1 0 31 28 19 16 18 24 17 17 -0.0239348 -44 411 412
325 9 1 0 8 1 4 0 0 5 3 307 
326 9 0 1 0 2 6 13 19 11 0 16 14 -0.137142 -34 413 414
327 9 0 1 0 14 21 15 16 9 21 20 16 -0.14058 -17 415 416
328 9 0 1 0 12 19 20 16 5 27 20 16 -0.0683761 -4 417 418
329 9 1 0 2 1 4 0 0 0 2 357 
330 9 0 1 0 26 29 14 12 30 32 15 12 -0.0946746 4 419 420
331 9 0 1 0 21 2 12 15 20 4 15 19 -0.0116279 -22 421 422
332 9 1 0 2 1 4 0 1 0 1 377 
333 9 1 0 2 1 4 0 1 0 1 380 
334 9 1 0 57 1 4 0 0 0 57 381 
335 9 1 0 2 1 4 1 1 0 0 383 
336 9 1 0 86 1 4 86 0 0 0 384 
337 9 0 1 0 7 4 14 19 18 23 14 12 -0 -65 423 424
338 9 0 1 0 34 27 20 13 24 30 12 12 -0.478402 -49 425 426
339 9 0 1 0 19 30 13 15 28 1 20 15 -0.0759259 74 427 428
340 9 0 1 0 25 18 20 12 19 11 20 12 -0.149043 -11 429 430
341 9 0 1 0 6 16 12 12 1 14 18 12 -0.168406 -1 431 432
342 9 0 1 0 5 6 14 14 8 17 19 13 -0.1 -8 433 434
343 9 1 0 4 1 4 1 3 0 0 456 
344 9 0 1 0 6 10 12 20 15 8 19 15 -0.075 -12 435 436
345 9 0 1 0 14 14 16 15 20 12 12 12 -0.04 15 437 438
346 9 0 1 0 30 27 17 15 28 25 17 15 -0.565087 -16 439 440
347 9 0 1 0 18 3 12 12 18 1 12 20 -0.0150943 0 441 442
348 9 0 1 0 10 7 18 12 29 19 12 15 -0.02 -23 443 444
349 9 1 0 20 1 4 0 20 0 0 482 
350 9 1 0 2 1 4 2 0 0 0 483 
351 9 0 1 0 33 2 18 13 1 31 15 19 -0.0437136 -25 445 446
352 9 1 0 3 1 4 1 0 0 2 488 
353 9 1 0 2 1 4 0 0 1 1 489 
354 9 1 0 11 1 4 0 0 0 11 490 
355 9 0 1 0 15 22 20 19 4 1 16 19 -0.0384615 126 447 448
356 9 1 0 2 1 4 0 0 0 2 493 
357 9 1 0 11 1 4 0 11 0 0 494 
358 9 1 0 4 1 4 4 0 0 0 495 
359 9 1 0 3 1 4 0 0 1 2 499 
360 9 0 1 0 26 15 20 15 26 2 12 20 -0.0633395 78 449 450
361 9 1 0 3 1 4 0 0 0 3 506 
362 9 0 1 0 19 10 13 20 28 18 14 17 -0 50 451 452
363 9 1 0 7 1 4 0 7 0 0 509 
364 9 1 0 14 1 4 14 0 0 0 510 
365 9 1 0 2 1 4 0 0 0 2 511 
366 9 0 1 0 22 4 14 15 24 12 20 15 -0.119696 12 453 454
367 9 1 0 6 1 4 6 0 0 0 523 
368 9 1 0 4 1 4 0 2 2 0 524 
369 9 0 1 0 20 7 19 12 26 26 12 15 -0.0494305 -33 455 456
370 9 0 1 0 9 24 13 17 9 32 15 17 -0.37276 -25 457 458
371 10 0 1 0 12 22 18 15 1 20 13 15 -0.295752 25 459 460
372 10 0 1 0 29 16 15 16 24 25 14 17 -0.275304 -25 461 462
373 10 0 1 0 24 13 15 17 17 29 18 12 -0.190476 -56 463 464
374 10 1 0 9 1 4 1 0 1 7 14 
375 10 0 1 0 6 11 19 17 5 27 16 14 -0.071001 5 465 466
376 10 1 0 4 1 4 3 0 1 0 37 
377 10 1 0 6 1 4 6 0 0 0 38 
378 10 1 0 5 1 4 0 0 0 5 39 
379 10 0 1 0 7 23 13 18 10 16 16 16 -0.117647 -6 467 468
380 10 1 0 2 1 4 0 2 0 0 42 
381 10 1 0 2 1 4 2 0 0 0 44 
382 10 1 0 18 1 4 0 0 0 18 45 
383 10 1 0 5 1 4 0 4 0 1 46 
384 10 1 0 19 1 4 19 0 0 0 47 
385 10 1 0 2 1 4 1 1 0 0 86 
386 10 1 0 183 1 4 183 0 0 0 87 
387 10 1 0 4 1 4 0 0 4 0 105 
388 10 1 0 12 1 4 0 12 0 0 106 
389 10 1 0 20 1 4 20 0 0 0 107 
390 10 1 0 2 1 4 0 0 2 0 108 
391 10 0 1 0 15 7 20 14 2 4 13 17 -0.0928793 52 469 470
392 10 0 1 0 2 27 14 13 11 29 18 19 -0.0249288 -1 471 472
393 10 1 0 8 1 4 4 0 4 0 116 
394 10 0 1 0 21 35 12 14 25 28 19 16 -0.228541 7 473 474
395 10 0 1 0 9 22 16 12 30 17 12 12 -0.158607 -16 475 476
396 10 0 1 0 14 24 18 19 17 19 13 12 -0.196939 -2 477 478
397 10 1 0 2 1 4 1 0 0 1 231 
398 10 1 0 17 1 4 17 0 0 0 232 
399 10 0 1 0 15 10 18 14 25 33 14 20 -0.242547 4 479 480
400 10 0 1 0 19 4 20 15 12 33 12 18 -0.0208333 -68 481 482
401 10 0 1 0 8 5 15 13 20 26 13 13 -0 -18 483 484
402 10 0 1 0 33 31 14 13 26 2 14 17 -0.273793 63 485 486
403 10 0 1 0 16 25 16 12 8 2 14 20 -0.0131579 82 487 488
404 10 1 0 4 1 4 0 4 0 0 271 
405 10 1 0 16 1 4 0 16 0 0 272 
406 10 1 0 2 1 4 1 1 0 0 273 
407 10 1 0 6 1 4 1 5 0 0 290 
408 10 0 1 0 27 29 14 16 31 27 20 15 -0 27 489 490
409 10 1 0 5 1 4 5 0 0 0 299 
410 10 0 1 0 4 10 20 17 28 6 13 14 -0.0454545 122 491 492
411 10 1 0 6 1 4 1 5 0 0 304 
412 10 0 1 0 12 19 18 19 26 23 14 20 -0.00714286 -2 493 494
413 10 1 0 2 1 4 0 0 0 2 308 
414 10 0 1 0 2 27 20 14 1 27 12 13 -0.131048 21 495 496
415 10 1 0 8 1 4 0 6 2 0 352 
416 10 0 1 0 15 23 15 18 20 26 14 14 -0 0 497 498
417 10 1 0 9 1 4 0 8 1 0 355 
418 10 1 0 4 1 4 4 0 0 0 356 
419 10 0 1 0 6 3 13 18 3 26 16 17 -0 24 499 500
420 10 0 1 0 24 12 13 17 25 16 15 20 -0.0367893 -1 501 502
421 10 1 0 2 1 4 1 1 0 0 375 
422 10 1 0 41 1 4 0 41 0 0 376 
423 10 1 0 2 1 4 0 2 0 0 390 
424 10 1 0 12 1 4 12 0 0 0 391 
425 10 0 1 0 5 10 15 19 0 25 12 19 -0.172549 -1 503 504
426 10 0 1 0 29 12 13 17 24 12 16 19 -0.328571 -13 505 506
427 10 1 0 3 1 4 0 0 0 3 398 
428 10 0 1 0 32 24 14 14 17 14 12 19 -0 -82 507 508
429 10 0 1 0 5 16 14 19 25 32 15 18 -0.0843712 32 509 510
430 10 0 1 0 29 31 15 13 28 27 19 17 -0 9 511 512
431 10 0 1 0 0 13 16 19 0 12 18 14 -0.354113 1 513 514
432 10 0 1 0 19 16 19 15 24 27 17 14 -0.145919 18 515 516
433 10 1 0 6 1 4 0 0 0 6 448 
434 10 1 0 4 1 4 0 2 2 0 449 
435 10 1 0 6 1 4 0 0 0 6 457 
436 10 1 0 4 1 4 0 1 3 0 458 
437 10 1 0 15 1 4 0 0 0 15 459 
438 10 1 0 5 1 4 4 1 0 0 460 
439 10 1 0 5 1 4 0 0 0 5 461 
440 10 0 1 0 19 11 17 17 15 10 16 17 -0.49665 26 517 518
441 10 1 0 5 1 4 1 4 0 0 478 
442 10 1 0 48 1 4 48 0 0 0 479 
443 10 1 0 2 1 4 1 1 0 0 480 
444 10 1 0 23 1 4 0 23 0 0 481 
445 10 0 1 0 20 5 15 14 27 24 18 14 -0.0137704 -66 519 520
446 10 1 0 3 1 4 0 2 0 1 487 
447 10 1 0 2 1 4 0 1 1 0 491 
448 10 1 0 11 1 4 0 0 11 0 492 
449 10 0 1 0 4 13 19 18 16 21 17 20 -0.0344252 -4 521 522
450 10 1 0 9 1 4 0 9 0 0 505 
451 10 1 0 14 1 4 0 14 0 0 507 
452 10 1 0 2 1 4 2 0 0 0 508 
453 10 0 1 0 26 20 12 13 33 20 15 12 -0.0829839 70 523 524
454 10 1 0 3 1 4 0 1 0 2 517 
455 10 0 1 0 14 20 18 12 22 25 15 15 -0 -10 525 526
456 10 0 1 0 27 27 17 19 28 27 14 13 -0.0449815 -11 527 528
457 10 1 0 5 1 4 0 0 0 5 554 
458 10 0 1 0 5 24 16 19 17 33 12 16 -0.210445 -17 529 530
459 11 1 0 3 1 4 2 1 0 0 0 
460 11 0 1 0 21 6 15 13 9 19 18 19 -0.232155 -68 531 532
461 11 0 1 0 11 18 14 19 14 20 15 15 -0 -8 533 534
462 11 1 0 7 1 4 0 0 0 7 11 
463 11 1 0 3 1 4 0 2 0 1 12 
464 11 1 0 11 1 4 11 0 0 0 13 
465 11 0 1 0 31 32 12 13 25 20 13 19 -0.0475411 6 535 536
466 11 0 1 0 22 16 16 17 22 14 19 16 -0.320721 -3 537 538
467 11 1 0 7 1 4 1 2 0 4 40 
468 11 1 0 78 1 4 0 0 0 78 41 
469 11 1 0 2 1 4 2 0 0 0 110 
470 11 0 1 0 21 34 12 19 19 21 16 14 -0 1 539 540
471 11 0 1 0 15 3 15 14 6 6 12 16 -0.0138889 -35 541 542
472 11 1 0 3 1 4 0 3 0 0 115 
473 11 0 1 0 13 27 16 19 7 26 20 18 -0.457577 24 543 544
474 11 0 1 0 3 24 18 14 18 0 15 12 -0.023494 -2 545 546
475 11 0 1 0 10 19 12 18 25 28 13 14 -0.116883 -121 547 548
476 11 0 1 0 8 15 16 14 13 17 13 14 -0.0562264 3 549 550
477 11 0 1 0 27 23 15 17 23 5 13 13 -0.614454 28 551 552
478 11 0 1 0 1 32 15 15 11 34 12 12 -0.169888 -46 553 554
479 11 0 1 0 12 11 17 17 34 27 20 12 -0.142149 4 555 556
480 11 1 0 6 1 4 0 0 0 6 244 
481 11 1 0 22 1 4 0 22 0 0 245 
482 11 1 0 2 1 4 0 1 1 0 246 
483 11 1 0 12 1 4 12 0 0 0 247 
484 11 1 0 2 1 4 0 2 0 0 248 
485 11 0 1 0 2 12 17 20 11 31 15 12 -0.235944 -113 557 558
486 11 0 1 0 6 32 13 14 15 33 13 15 -0.101432 -9 559 560
487 11 1 0 36 1 4 36 0 0 0 269 
488 11 1 0 2 1 4 1 1 0 0 270 
489 11 1 0 159 1 4 159 0 0 0 291 
490 11 1 0 2 1 4 0 2 0 0 292 
491 11 1 0 9 1 4 0 9 0 0 300 
492 11 1 0 2 1 4 0 1 1 0 301 
493 11 1 0 2 1 4 1 1 0 0 305 
494 11 1 0 68 1 4 68 0 0 0 306 
495 11 0 1 0 18 9 12 20 21 9 13 15 -0.109199 -13 561 562
496 11 0 1 0 22 34 12 19 19 31 14 20 -0.156264 1 563 564
497 11 1 0 2 1 4 0 0 2 0 353 
498 11 1 0 13 1 4 0 0 0 13 354 
499 11 1 0 36 1 4 36 0 0 0 358 
500 11 1 0 3 1 4 0 3 0 0 359 
501 11 1 0 3 1 4 3 0 0 0 360 
502 11 0 1 0 11 0 15 17 31 0 12 14 -0.0217391 87 565 566
503 11 1 0 2 1 4 0 1 0 1 392 
504 11 0 1 0 28 30 17 16 20 12 19 17 -0.0333333 -13 567 568
505 11 1 0 11 1 4 0 0 0 11 395 
506 11 0 1 0 28 5 12 13 20 6 16 17 -0.15 -11 569 570
507 11 1 0 4 1 4 4 0 0 0 399 
508 11 1 0 41 1 4 0 41 0 0 400 
509 11 0 1 0 32 17 20 12 9 25 20 15 -0.00793651 -7 571 572
510 11 1 0 2 1 4 1 0 0 1 403 
511 11 1 0 5 1 4 5 0 0 0 404 
512 11 1 0 23 1 4 0 23 0 0 405 
513 11 0 1 0 13 15 15 17 24 7 19 20 -0.103704 14 573 574
514 11 1 0 7 1 4 1 6 0 0 408 
515 11 0 1 0 16 25 15 20 25 31 16 15 -0.132574 24 575 576
516 11 0 1 0 13 31 16 15 13 10 17 20 -0.0822727 -33 577 578
517 11 0 1 0 22 27 14 14 26 11 12 15 -0.442107 40 579 580
518 11 1 0 17 1 4 17 0 0 0 477 
519 11 1 0 6 1 4 2 4 0 0 484 
520 11 0 1 0 6 26 15 19 11 11 15 18 -0.00306748 -44 581 582
521 11 0 1 0 10 2 18 20 3 20 18 15 -0.0157398 46 583 584
522 11 1 0 2 1 4 0 1 1 0 504 
523 11 0 1 0 29 27 16 18 24 21 18 18 -0.0311899 5 585 586
524 11 1 0 5 1 4 0 3 0 2 516 
525 11 1 0 14 1 4 0 14 0 0 525 
526 11 1 0 5 1 4 5 0 0 0 526 
527 11 0 1 0 16 25 20 12 6 27 16 16 -0.226242 50 587 588
528 11 0 1 0 33 17 17 12 33 28 19 13 -0.0328873 -1 589 590
529 11 0 1 0 26 29 14 12 11 26 18 14 -0 24 591 592
530 11 1 0 3 1 4 1 0 1 1 557 
531 12 1 0 2 1 4 1 1 0 0 1 
532 12 0 1 0 1 18 13 19 2 22 16 18 -0.205282 -4 593 594
533 12 1 0 17 1 4 0 17 0 0 9 
534 12 1 0 2 1 4 0 0 0 2 10 
535 12 0 1 0 23 26 17 18 30 13 18 12 -0.0409366 49 595 596
536 12 1 0 5 1 4 3 0 0 2 33 
537 12 1 0 5 1 4 3 2 0 0 34 
538 12 0 1 0 26 16 15 12 27 28 14 15 -0.0900901 11 597 598
539 12 1 0 2 1 4 0 0 2 0 111 
540 12 1 0 15 1 4 0 15 0 0 112 
541 12 1 0 2 1 4 0 1 1 0 113 
542 12 1 0 34 1 4 0 0 34 0 114 
543 12 0 1 0 21 13 13 15 23 25 12 19 -0.203571 -23 599 600
544 12 0 1 0 20 12 19 14 22 12 14 12 -0.0294118 18 601 602
545 12 1 0 3 1 4 0 0 3 0 122 
546 12 0 1 0 0 27 20 12 0 28 17 13 -0 5 603 604
547 12 1 0 3 1 4 0 3 0 0 125 
548 12 0 1 0 24 33 12 14 19 9 17 15 -0 119 605 606
549 12 0 1 0 17 4 20 19 19 1 12 17 -0.0395652 -4 607 608
550 12 1 0 3 1 4 0 0 3 0 131 
551 12 0 1 0 10 25 18 12 0 22 16 17 -0.162319 23 609 610
552 12 0 1 0 14 35 12 18 11 22 19 15 -0.127413 1 611 612
553 12 0 1 0 25 17 19 18 21 14 12 16 -0.227245 3 613 614
554 12 0 1 0 21 6 15 12 16 7 15 18 -0.14216 14 615 616
555 12 0 1 0 19 12 14 13 25 12 12 16 -0.0656117 20 617 618
556 12 0 1 0 3 23 14 17 10 15 18 12 -0.111111 34 619 620
557 12 1 0 3 1 4 0 0 1 2 249 
558 12 0 1 0 19 28 19 17 15 12 16 18 -0.204484 13 621 622
559 12 1 0 22 1 4 0 22 0 0 264 
560 12 0 1 0 23 30 17 19 3 23 18 13 -0.0487805 -13 623 624
561 12 0 1 0 27 24 19 12 6 25 12 13 -0 45 625 626
562 12 0 1 0 6 10 12 12 8 2 19 20 -0.102844 -9 627 628
563 12 0 1 0 14 25 18 20 15 21 17 18 -0.0998708 -3 629 630
564 12 0 1 0 25 30 12 17 32 32 15 15 -0.0591716 5 631 632
565 12 1 0 21 1 4 0 21 0 0 361 
566 12 1 0 2 1 4 1 1 0 0 362 
567 12 1 0 2 1 4 1 1 0 0 393 
568 12 1 0 13 1 4 0 13 0 0 394 
569 12 1 0 4 1 4 0 4 0 0 396 
570 12 1 0 6 1 4 0 0 3 3 397 
571 12 1 0 61 1 4 61 0 0 0 401 
572 12 1 0 2 1 4 1 1 0 0 402 
573 12 1 0 9 1 4 0 2 7 0 406 
574 12 1 0 6 1 4 0 0 0 6 407 
575 12 0 1 0 34 27 12 12 28 19 16 15 -0.124795 -37 633 634
576 12 1 0 3 1 4 0 0 0 3 444 
577 12 1 0 8 1 4 0 7 1 0 445 
578 12 0 1 0 24 9 14 12 31 28 13 12 -0 8 635 636
579 12 1 0 5 1 4 0 0 0 5 462 
580 12 0 1 0 30 27 19 17 17 6 18 15 -0.391321 -42 637 638
581 12 1 0 2 1 4 1 1 0 0 485 
582 12 1 0 161 1 4 161 0 0 0 486 
583 12 0 1 0 0 31 12 17 1 22 19 20 -0.0121279 30 639 640
584 12 1 0 2 1 4 0 2 0 0 503 
585 12 0 1 0 27 12 15 19 26 21 16 19 -0.013066 -6 641 642
586 12 1 0 4 1 4 4 0 0 0 515 
587 12 0 1 0 5 28 14 20 9 15 16 17 -0.0393116 -5 643 644
588 12 0 1 0 25 29 18 13 25 11 15 13 -0.0654762 42 645 646
589 12 0 1 0 34 32 13 12 27 18 19 15 -0.0290513 -11 647 648
590 12 1 0 2 1 4 1 0 0 1 553 
591 12 1 0 26 1 4 26 0 0 0 555 
592 12 1 0 2 1 4 0 2 0 0 556 
593 13 0 1 0 5 16 15 13 5 16 17 13 -0.169293 -11 649 650
594 13 1 0 3 1 4 0 2 0 1 8 
595 13 0 1 0 25 8 17 20 26 11 15 15 -0.0335132 6 651 652
596 13 1 0 4 1 4 0 2 0 2 32 
597 13 1 0 6 1 4 0 3 2 1 35 
598 13 1 0 31 1 4 0 0 0 31 36 
599 13 0 1 0 8 29 13 14 28 18 19 19 -0 -23 653 654
600 13 1 0 4 1 4 1 3 0 0 119 
601 13 1 0 15 1 4 0 0 0 15 120 
602 13 1 0 2 1 4 0 1 1 0 121 
603 13 1 0 78 1 4 0 0 0 78 123 
604 13 1 0 2 1 4 0 0 2 0 124 
605 13 1 0 9 1 4 0 0 9 0 126 
606 13 1 0 2 1 4 0 0 0 2 127 
607 13 1 0 4 1 4 0 2 2 0 128 
608 13 0 1 0 30 22 12 12 25 30 15 20 -0.0108696 4 655 656
609 13 0 1 0 9 15 17 14 18 0 12 15 -0.133333 22 657 658
610 13 1 0 8 1 4 0 0 0 8 134 
611 13 1 0 9 1 4 0 0 9 0 135 
612 13 0 1 0 15 27 15 15 19 35 12 15 -0 -15 659 660
613 13 0 1 0 27 27 16 12 22 27 12 13 -0.147917 4 661 662
614 13 0 1 0 24 15 18 13 23 19 17 19 -0.183256 -1 663 664
615 13 0 1 0 25 25 14 18 29 29 18 14 -0.121917 -63 665 666
616 13 0 1 0 4 0 17 16 9 27 18 16 -0.495942 -128 667 668
617 13 0 1 0 18 10 12 13 0 2 19 20 -0.05677 1 669 670
618 13 1 0 2 1 4 0 2 0 0 239 
619 13 0 1 0 21 12 20 13 33 25 13 12 -0.0689223 46 671 672
620 13 1 0 3 1 4 0 0 2 1 243 
621 13 1 0 7 1 4 0 1 5 1 250 
622 13 0 1 0 6 1 12 19 20 8 14 19 -0.171612 22 673 674
623 13 1 0 5 1 4 0 5 0 0 265 
624 13 0 1 0 7 18 14 18 20 25 14 17 -0.0408497 7 675 676
625 13 1 0 11 1 4 11 0 0 0 309 
626 13 1 0 3 1 4 0 3 0 0 310 
627 13 0 1 0 4 10 20 12 1 25 16 14 -0 1 677 678
628 13 0 1 0 24 6 18 12 22 7 16 17 -0.0903618 11 679 680
629 13 1 0 4 1 4 4 0 0 0 344 
630 13 0 1 0 18 4 15 19 19 1 19 14 -0.0501107 -5 681 682
631 13 1 0 26 1 4 26 0 0 0 349 
632 13 0 1 0 6 13 19 20 2 24 19 13 -0 33 683 684
633 13 0 1 0 12 30 17 16 13 26 17 15 -0 1 685 686
634 13 0 1 0 7 10 12 13 0 26 14 12 -0.113887 -2 687 688
635 13 1 0 2 1 4 0 2 0 0 446 
636 13 1 0 23 1 4 23 0 0 0 447 
637 13 1 0 3 1 4 0 0 0 3 463 
638 13 0 1 0 20 30 15 15 19 12 15 14 -0.326443 23 689 690
639 13 0 1 0 16 11 18 15 13 21 19 19 -0.00661157 -13 691 692
640 13 1 0 2 1 4 1 1 0 0 502 
641 13 0 1 0 21 20 18 20 21 16 17 17 -0.00675676 -10 693 694
642 13 1 0 3 1 4 3 0 0 0 514 
643 13 1 0 6 1 4 1 5 0 0 527 
644 13 0 1 0 24 1 20 20 35 25 15 12 -0.0125 -33 695 696
645 13 1 0 2 1 4 0 0 0 2 530 
646 13 0 1 0 6 25 15 12 10 32 12 16 -0.0416667 -58 697 698
647 13 1 0 2 1 4 1 0 0 1 533 
648 13 0 1 0 20 16 14 17 19 14 18 18 -0.025435 -12 699 700
649 14 1 0 2 1 4 1 0 0 1 2 
650 14 0 1 0 29 25 15 17 30 9 16 16 -0.123222 46 701 702
651 14 0 1 0 28 34 12 12 20 34 13 14 -0.0318949 -7 703 704
652 14 1 0 2 1 4 1 1 0 0 31 
653 14 1 0 3 1 4 0 0 0 3 117 
654 14 1 0 7 1 4 0 0 7 0 118 
655 14 1 0 44 1 4 0 44 0 0 129 
656 14 1 0 2 1 4 1 1 0 0 130 
657 14 1 0 13 1 4 0 0 13 0 132 
658 14 1 0 2 1 4 1 0 1 0 133 
659 14 1 0 6 1 4 0 6 0 0 136 
660 14 1 0 22 1 4 22 0 0 0 137 
661 14 0 1 0 12 3 13 13 14 16 15 17 -0.0247126 3 705 706
662 14 0 1 0 16 15 16 16 10 20 19 18 -0.12963 -4 707 708
663 14 0 1 0 7 18 17 18 11 23 19 16 -0.141291 -30 709 710
664 14 0 1 0 14 21 17 14 18 18 18 14 -0.0969697 9 711 712
665 14 1 0 14 1 4 0 14 0 0 160 
666 14 0 1 0 15 5 15 19 12 8 20 12 -0.116819 18 713 714
667 14 0 1 0 24 20 20 17 30 21 16 12 -0 16 715 716
668 14 0 1 0 21 15 14 18 6 34 13 14 -0.166667 -45 717 718
669 14 0 1 0 19 29 15 13 21 32 12 14 -0.0144831 7 719 720
670 14 1 0 6 1 4 0 0 4 2 238 
671 14 0 1 0 21 12 20 13 33 25 13 12 -0.0263158 39 721 722
672 14 1 0 2 1 4 0 1 1 0 242 
673 14 0 1 0 16 31 16 17 13 16 16 15 -0.148264 13 723 724
674 14 1 0 6 1 4 0 0 6 0 263 
675 14 0 1 0 0 26 19 19 21 24 15 16 -0.0147059 -22 725 726
676 14 1 0 2 1 4 0 0 1 1 268 
677 14 1 0 4 1 4 0 0 0 4 311 
678 14 1 0 6 1 4 0 6 0 0 312 
679 14 0 1 0 27 3 16 13 26 5 14 18 -0.0832879 -9 727 728
680 14 1 0 3 1 4 0 1 0 2 343 
681 14 1 0 2 1 4 0 0 1 1 345 
682 14 0 1 0 34 31 15 13 32 28 15 13 -0.0117578 6 729 730
683 14 1 0 3 1 4 3 0 0 0 350 
684 14 1 0 10 1 4 0 10 0 0 351 
685 14 1 0 5 1 4 0 5 0 0 409 
686 14 1 0 5 1 4 0 0 0 5 410 
687 14 1 0 2 1 4 0 0 1 1 411 
688 14 0 1 0 24 26 18 15 25 7 14 15 -0.109139 23 731 732
689 14 0 1 0 26 21 18 12 24 10 14 12 -0.0364372 21 733 734
690 14 0 1 0 27 1 14 14 14 2 16 12 -0.227509 -3 735 736
691 14 1 0 5 1 4 4 1 0 0 500 
692 14 1 0 116 1 4 116 0 0 0 501 
693 14 1 0 4 1 4 2 2 0 0 512 
694 14 1 0 144 1 4 0 144 0 0 513 
695 14 1 0 2 1 4 1 1 0 0 528 
696 14 1 0 38 1 4 38 0 0 0 529 
697 14 1 0 10 1 4 0 10 0 0 531 
698 14 1 0 2 1 4 1 1 0 0 532 
699 14 1 0 4 1 4 2 0 2 0 534 
700 14 0 1 0 27 27 13 16 5 24 17 19 -0.0226235 92 737 738
701 15 0 1 0 20 7 14 14 12 23 16 14 -0.0905224 19 739 740
702 15 1 0 4 1 4 0 2 0 2 7 
703 15 0 1 0 8 6 14 19 9 25 17 15 -0.022414 -2 741 742
704 15 0 1 0 29 24 14 14 18 29 17 18 -0.0615385 -34 743 744
705 15 0 1 0 2 27 19 17 3 30 15 12 -0.00862069 17 745 746
706 15 1 0 2 1 4 0 1 1 0 140 
707 15 1 0 9 1 4 0 2 7 0 141 
708 15 1 0 3 1 4 0 0 0 3 142 
709 15 0 1 0 10 9 18 14 5 4 16 18 -0.0986612 -3 747 748
710 15 0 1 0 29 25 20 15 17 28 14 18 -0.109375 -17 749 750
711 15 0 1 0 31 19 15 12 2 18 19 17 -0 44 751 752
712 15 1 0 5 1 4 0 1 4 0 159 
713 15 0 1 0 20 5 18 20 35 32 15 12 -0.109751 0 753 754
714 15 1 0 9 1 4 6 0 3 0 225 
715 15 1 0 6 1 4 0 0 6 0 226 
716 15 1 0 5 1 4 0 0 0 5 227 
717 15 1 0 6 1 4 0 4 1 1 228 
718 15 1 0 15 1 4 15 0 0 0 229 
719 15 0 1 0 33 3 14 13 20 8 18 20 -0.00757576 12 755 756
720 15 1 0 2 1 4 0 2 0 0 237 
721 15 1 0 17 1 4 0 17 0 0 240 
722 15 1 0 2 1 4 1 1 0 0 241 
723 15 0 1 0 7 23 13 16 11 15 13 16 -0 16 757 758
724 15 0 1 0 31 32 13 12 25 15 16 17 -0.114689 -9 759 760
725 15 1 0 2 1 4 0 1 1 0 266 
726 15 1 0 32 1 4 0 0 32 0 267 
727 15 1 0 9 1 4 7 2 0 0 313 
728 15 0 1 0 5 6 17 16 3 2 19 18 -0.0784903 -1 761 762
729 15 0 1 0 25 22 14 16 31 27 12 13 -0.00617284 -22 763 764
730 15 1 0 3 1 4 3 0 0 0 348 
731 15 0 1 0 11 25 16 20 4 28 14 18 -0.177496 28 765 766
732 15 0 1 0 22 7 14 18 24 28 12 17 -0.0806463 -9 767 768
733 15 0 1 0 16 0 14 17 27 13 16 15 -0.0263158 -4 769 770
734 15 1 0 7 1 4 0 7 0 0 466 
735 15 0 1 0 13 8 20 12 14 17 17 16 -0.109322 -49 771 772
736 15 0 1 0 16 13 12 12 11 28 15 20 -0.0606061 -46 773 774
737 15 0 1 0 0 32 15 14 20 0 12 13 -0.0208226 -84 775 776
738 15 1 0 6 1 4 2 4 0 0 552 
739 16 0 1 0 19 24 20 15 19 16 19 14 -0.0662018 -5 777 778
740 16 1 0 2 1 4 0 1 0 1 6 
741 16 0 1 0 28 16 12 12 26 26 18 19 -0.0205004 -9 779 780
742 16 1 0 3 1 4 0 2 0 1 27 
743 16 1 0 2 1 4 2 0 0 0 28 
744 16 0 1 0 13 11 19 17 3 30 14 20 -0.0384615 3 781 782
745 16 1 0 56 1 4 0 0 0 56 138 
746 16 1 0 2 1 4 0 0 1 1 139 
747 16 1 0 8 1 4 0 0 0 8 143 
748 16 0 1 0 22 19 15 15 33 29 17 12 -0.0740763 4 783 784
749 16 0 1 0 13 34 13 19 7 15 19 20 -0 87 785 786
750 16 0 1 0 0 5 18 16 26 10 19 13 -0 -29 787 788
751 16 1 0 20 1 4 0 0 0 20 157 
752 16 1 0 2 1 4 0 0 2 0 158 
753 16 0 1 0 13 31 14 20 17 25 17 13 -0.0963152 -6 789 790
754 16 0 1 0 0 14 14 13 8 7 12 16 -0.308974 0 791 792
755 16 1 0 64 1 4 0 0 64 0 235 
756 16 1 0 2 1 4 0 1 1 0 236 
757 16 1 0 8 1 4 8 0 0 0 251 
758 16 1 0 4 1 4 0 4 0 0 252 
759 16 1 0 3 1 4 0 1 0 2 253 
760 16 0 1 0 19 22 12 18 1 14 19 19 -0.083934 54 793 794
761 16 1 0 2 1 4 0 0 1 1 314 
762 16 0 1 0 1 25 16 14 13 35 12 17 -0.0734932 -9 795 796
763 16 1 0 2 1 4 1 1 0 0 346 
764 16 1 0 79 1 4 0 79 0 0 347 
765 16 0 1 0 0 32 12 14 11 27 18 13 -0.058651 -11 797 798
766 16 0 1 0 21 28 14 13 5 1 18 12 -0.0803089 46 799 800
767 16 0 1 0 8 20 20 13 6 15 20 19 -0.0711142 5 801 802
768 16 1 0 7 1 4 0 1 0 6 443 
769 16 1 0 17 1 4 17 0 0 0 464 
770 16 1 0 2 1 4 1 1 0 0 465 
771 16 1 0 2 1 4 0 0 0 2 467 
772 16 0 1 0 21 30 14 12 10 20 14 13 -0.0789474 29 803 804
773 16 1 0 3 1 4 1 2 0 0 475 
774 16 1 0 8 1 4 0 0 0 8 476 
775 16 1 0 3 1 4 0 3 0 0 535 
776 16 0 1 0 3 7 17 15 2 5 17 18 -0.0199948 13 805 806
777 17 1 0 4 1 4 1 0 0 3 3 
778 17 0 1 0 16 14 12 19 19 9 20 15 -0.0189873 -20 807 808
779 17 0 1 0 19 12 18 14 13 27 18 18 -0 -30 809 810
780 17 0 1 0 10 30 17 15 18 19 16 12 -0.0171726 -30 811 812
781 17 1 0 11 1 4 0 0 0 11 29 
782 17 1 0 2 1 4 0 0 1 1 30 
783 17 0 1 0 6 21 18 13 3 29 17 16 -0.0562205 -16 813 814
784 17 1 0 4 1 4 1 3 0 0 152 
785 17 1 0 14 1 4 0 14 0 0 153 
786 17 1 0 2 1 4 0 0 2 0 154 
787 17 1 0 2 1 4 0 2 0 0 155 
788 17 1 0 14 1 4 0 0 14 0 156 
789 17 0 1 0 25 20 17 14 19 26 15 16 -0.242424 -18 815 816
790 17 0 1 0 26 20 13 17 24 9 15 12 -0.0878374 -25 817 818
791 17 0 1 0 21 23 15 19 20 25 18 14 -0.130037 -17 819 820
792 17 0 1 0 26 31 15 13 14 30 15 14 -0.0238095 0 821 822
793 17 0 1 0 0 1 14 12 6 8 17 14 -0.0688311 12 823 824
794 17 1 0 3 1 4 3 0 0 0 262 
795 17 0 1 0 17 30 13 13 8 34 12 12 -0.0689916 -1 825 826
796 17 1 0 7 1 4 0 1 6 0 342 
797 17 0 1 0 29 27 17 16 27 25 18 20 -0 -1 827 828
798 17 1 0 9 1 4 0 9 0 0 414 
799 17 1 0 2 1 4 0 1 0 1 415 
800 17 0 1 0 0 31 13 12 27 29 17 15 -0.0142857 -52 829 830
801 17 0 1 0 29 26 19 16 23 9 14 18 -0.0673128 5 831 832
802 17 1 0 2 1 4 0 0 0 2 442 
803 17 1 0 5 1 4 5 0 0 0 468 
804 17 0 1 0 17 20 20 18 18 23 19 13 -0.0723734 -1 833 834
805 17 0 1 0 1 27 20 15 3 25 13 12 -0.01828 68 835 836
806 17 1 0 2 1 4 1 0 1 0 551 
807 18 1 0 4 1 4 0 1 0 3 4 
808 18 1 0 154 1 4 0 0 0 154 5 
809 18 1 0 8 1 4 0 0 0 8 15 
810 18 1 0 2 1 4 0 2 0 0 16 
811 18 1 0 9 1 4 1 0 0 8 17 
812 18 0 1 0 8 25 18 15 1 28 14 18 -0.0130516 -14 837 838
813 18 0 1 0 19 29 16 16 26 29 15 16 -0.0307773 44 839 840
814 18 0 1 0 16 28 16 13 7 20 13 13 -0.104895 70 841 842
815 18 1 0 8 1 4 4 4 0 0 161 
816 18 1 0 3 1 4 0 0 2 1 162 
817 18 1 0 12 1 4 0 0 0 12 163 
818 18 0 1 0 19 11 19 12 23 23 17 20 -0.0843746 2 843 844
819 18 1 0 6 1 4 1 5 0 0 221 
820 18 1 0 7 1 4 0 0 6 1 222 
821 18 1 0 29 1 4 0 0 0 29 223 
822 18 1 0 6 1 4 0 1 5 0 224 
823 18 0 1 0 10 29 14 20 24 14 19 14 -0.0584795 13 845 846
824 18 1 0 3 1 4 0 0 3 0 261 
825 18 1 0 8 1 4 1 3 1 3 315 
826 18 0 1 0 16 5 16 18 22 35 12 13 -0.055086 -20 847 848
827 18 1 0 2 1 4 0 2 0 0 412 
828 18 1 0 20 1 4 20 0 0 0 413 
829 18 1 0 33 1 4 0 33 0 0 416 
830 18 1 0 2 1 4 1 1 0 0 417 
831 18 0 1 0 26 13 15 15 25 16 17 15 -0.437747 -9 849 850
832 18 0 1 0 9 28 13 18 13 27 20 19 -0.0350283 -12 851 852
833 18 0 1 0 16 6 17 14 21 33 12 12 -0.0478175 -98 853 854
834 18 1 0 3 1 4 0 2 0 1 474 
835 18 0 1 0 6 32 15 13 3 18 12 16 -0.0177282 -12 855 856
836 18 1 0 2 1 4 0 2 0 0 550 
837 19 1 0 4 1 4 0 0 2 2 18 
838 19 0 1 0 6 14 20 18 12 7 12 15 -0.0121488 -37 857 858
839 19 0 1 0 16 12 16 19 11 4 13 12 -0.0219092 56 859 860
840 19 1 0 3 1 4 0 0 1 2 148 
841 19 1 0 9 1 4 0 0 9 0 149 
842 19 0 1 0 3 3 14 12 0 17 12 12 -0 -3 861 862
843 19 0 1 0 20 16 12 12 16 20 13 15 -0.0724332 12 863 864
844 19 0 1 0 3 31 12 20 28 34 12 13 -0.464214 -4 865 866
845 19 1 0 2 1 4 0 0 2 0 254 
846 19 0 1 0 16 29 12 13 31 32 13 12 -0.0489592 22 867 868
847 19 0 1 0 17 11 12 19 23 23 15 15 -0.0485445 16 869 870
848 19 0 1 0 30 31 12 16 16 0 15 12 -0 2 871 872
849 19 0 1 0 16 9 16 12 15 18 12 20 -0 -15 873 874
850 19 0 1 0 16 14 17 12 10 12 15 14 -0.44335 28 875 876
851 19 0 1 0 27 14 18 19 24 16 13 13 -0.0293059 20 877 878
852 19 0 1 0 2 2 19 20 7 35 12 15 -0.0473684 -1 879 880
853 19 1 0 4 1 4 0 2 2 0 469 
854 19 0 1 0 16 34 12 17 14 10 14 18 -0.0320896 42 881 882
855 19 1 0 3 1 4 1 2 0 0 536 
856 19 0 1 0 3 26 12 18 16 9 15 15 -0.016597 20 883 884
857 20 1 0 4 1 4 0 1 0 3 19 
858 20 0 1 0 6 15 18 17 8 24 15 12 -0.0104364 6 885 886
859 20 0 1 0 1 2 16 14 12 16 17 12 -0.0151452 -1 887 888
860 20 1 0 3 1 4 0 0 1 2 147 
861 20 1 0 3 1 4 0 0 3 0 150 
862 20 1 0 10 1 4 0 0 0 10 151 
863 20 0 1 0 26 8 18 18 32 20 16 14 -0.0672427 18 889 890
864 20 1 0 8 1 4 3 2 3 0 216 
865 20 0 1 0 33 35 12 12 20 4 18 12 -0.0923077 43 891 892
866 20 0 1 0 22 0 14 12 1 15 14 18 -0 0 893 894
867 20 0 1 0 17 30 17 15 10 29 17 13 -0 3 895 896
868 20 0 1 0 29 28 12 18 10 4 14 13 -0.0192183 48 897 898
869 20 0 1 0 31 16 16 13 31 28 18 16 -0.0384988 11 899 900
870 20 0 1 0 4 28 19 20 4 25 14 20 -0.075 6 901 902
871 20 1 0 4 1 4 0 4 0 0 340 
872 20 1 0 9 1 4 9 0 0 0 341 
873 20 1 0 2 1 4 2 0 0 0 418 
874 20 1 0 30 1 4 0 30 0 0 419 
875 20 1 0 15 1 4 0 15 0 0 420 
876 20 0 1 0 3 8 17 20 18 25 13 14 -0 -64 903 904
877 20 0 1 0 22 10 15 13 26 24 19 14 -0.0279585 8 905 906
878 20 1 0 2 1 4 2 0 0 0 438 
879 20 1 0 9 1 4 9 0 0 0 439 
880 20 0 1 0 2 23 13 19 31 1 14 13 -0.05 14 907 908
881 20 1 0 6 1 4 3 3 0 0 470 
882 20 0 1 0 17 18 20 18 17 23 18 19 -0.0173546 -2 909 910
883 20 0 1 0 5 17 19 17 31 35 12 12 -0.015358 11 911 912
884 20 1 0 2 1 4 1 0 1 0 549 
885 21 0 1 0 0 28 14 17 7 22 19 12 -0.00582936 20 913 914
886 21 0 1 0 32 8 17 14 22 0 13 12 -0.212121 10 915 916
887 21 0 1 0 33 9 16 13 17 20 14 14 -0.00487805 -7 917 918
888 21 1 0 5 1 4 0 2 3 0 146 
889 21 0 1 0 13 30 13 13 1 33 14 20 -0.0638701 43 919 920
890 21 1 0 2 1 4 2 0 0 0 215 
891 21 1 0 8 1 4 8 0 0 0 217 
892 21 1 0 5 1 4 0 2 3 0 218 
893 21 1 0 8 1 4 0 0 8 0 219 
894 21 1 0 2 1 4 0 0 0 2 220 
895 21 1 0 5 1 4 5 0 0 0 255 
896 21 1 0 11 1 4 0 11 0 0 256 
897 21 0 1 0 28 31 12 19 17 31 13 14 -0.0132 -36 921 922
898 21 1 0 2 1 4 0 0 2 0 260 
899 21 0 1 0 23 26 14 13 24 24 20 12 -0.0354925 -21 923 924
900 21 1 0 3 1 4 0 0 3 0 337 
901 21 1 0 6 1 4 0 6 0 0 338 
902 21 1 0 4 1 4 0 0 1 3 339 
903 21 1 0 5 1 4 0 5 0 0 421 
904 21 1 0 9 1 4 0 0 0 9 422 
905 21 0 1 0 8 29 13 20 10 27 18 14 -0.0254065 23 925 926
906 21 1 0 6 1 4 3 3 0 0 437 
907 21 1 0 2 1 4 1 1 0 0 440 
908 21 1 0 8 1 4 0 8 0 0 441 
909 21 0 1 0 26 29 17 17 27 31 14 20 -0.00625 2 927 928
910 21 1 0 6 1 4 2 4 0 0 473 
911 21 0 1 0 17 34 12 14 12 6 12 20 -0.0115728 82 929 930
912 21 0 1 0 28 18 17 16 13 13 15 20 -0.45 -44 931 932
913 22 0 1 0 25 26 15 20 27 16 18 16 -0.00187371 6 933 934
914 22 0 1 0 13 22 12 16 2 33 14 18 -0.346154 -20 935 936
915 22 1 0 19 1 4 0 0 0 19 25 
916 22 1 0 3 1 4 1 0 1 1 26 
917 22 1 0 201 1 4 0 0 201 0 144 
918 22 1 0 4 1 4 0 0 2 2 145 
919 22 0 1 0 24 15 18 12 8 27 16 12 -0.0611245 21 937 938
920 22 1 0 7 1 4 1 6 0 0 214 
921 22 0 1 0 3 25 19 20 3 20 20 20 -0.00340136 21 939 940
922 22 1 0 4 1 4 0 2 2 0 259 
923 22 1 0 5 1 4 0 1 4 0 316 
924 22 0 1 0 20 34 13 12 2 30 17 18 -0.0325292 29 941 942
925 22 0 1 0 3 18 15 13 3 31 12 15 -0.0209995 -26 943 944
926 22 1 0 3 1 4 0 2 0 1 436 
927 22 1 0 5 1 4 0 4 1 0 471 
928 22 1 0 123 1 4 0 123 0 0 472 
929 22 0 1 0 29 29 16 18 29 24 16 12 -0.0107099 -1 945 946
930 22 1 0 6 1 4 4 2 0 0 546 
931 22 1 0 8 1 4 8 0 0 0 547 
932 22 1 0 2 1 4 1 0 0 1 548 
933 23 1 0 2040 1 4 0 0 0 2040 20 
934 23 0 1 0 17 23 18 19 18 26 12 15 -0.0517241 -5 947 948
935 23 1 0 11 1 4 0 0 0 11 23 
936 23 1 0 2 1 4 1 0 0 1 24 
937 23 0 1 0 32 0 19 15 20 15 16 19 -0.0585706 10 949 950
938 23 1 0 8 1 4 0 0 1 7 213 
939 23 1 0 145 1 4 0 145 0 0 257 
940 23 1 0 2 1 4 0 1 1 0 258 
941 23 0 1 0 2 7 15 13 23 27 14 19 -0.0761905 -2 951 952
942 23 0 1 0 27 20 18 18 26 19 16 19 -0.024014 -5 953 954
943 23 1 0 2 1 4 0 1 0 1 423 
944 23 0 1 0 6 20 16 17 9 26 16 12 -0.0185506 -13 955 956
945 23 0 1 0 24 33 14 14 23 21 14 19 -0.0909091 43 957 958
946 23 0 1 0 17 35 12 17 15 10 14 20 -0.00646053 56 959 960
947 24 1 0 54 1 4 0 0 0 54 21 
948 24 1 0 4 1 4 0 1 0 3 22 
949 24 0 1 0 2 0 17 18 31 33 14 16 -0.0462361 2 961 962
950 24 0 1 0 27 29 17 16 24 27 20 15 -0.0654751 -3 963 964
951 24 0 1 0 10 14 17 18 2 1 20 20 -0.05 49 965 966
952 24 0 1 0 26 1 12 18 24 20 15 17 -0.0357143 -11 967 968
953 24 1 0 4 1 4 3 1 0 0 321 
954 24 0 1 0 19 0 16 20 14 12 18 17 -0.0214082 10 969 970
955 24 1 0 7 1 4 0 6 0 1 424 
956 24 0 1 0 32 27 13 13 25 18 13 20 -0.0144312 -30 971 972
957 24 1 0 20 1 4 20 0 0 0 537 
958 24 1 0 2 1 4 0 1 0 1 538 
959 24 0 1 0 15 31 15 14 27 35 12 15 -0.00566526 -53 973 974
960 24 1 0 8 1 4 6 2 0 0 545 
961 25 0 1 0 19 20 19 12 16 26 14 20 -0.0425659 11 975 976
962 25 1 0 7 1 4 0 0 1 6 206 
963 25 0 1 0 19 20 17 20 35 28 17 12 -0.040371 -13 977 978
964 25 0 1 0 0 20 13 16 6 17 12 18 -0.0213158 -1 979 980
965 25 1 0 8 1 4 8 0 0 0 317 
966 25 1 0 2 1 4 1 1 0 0 318 
967 25 1 0 2 1 4 0 1 1 0 319 
968 25 1 0 12 1 4 0 12 0 0 320 
969 25 0 1 0 31 8 17 12 23 11 15 12 -0.019516 48 981 982
970 25 1 0 2 1 4 0 0 2 0 336 
971 25 1 0 4 1 4 2 2 0 0 425 
972 25 0 1 0 21 28 16 15 31 35 12 14 -0.0130227 -86 983 984
973 25 1 0 3 1 4 2 1 0 0 539 
974 25 0 1 0 25 25 16 15 17 4 20 18 -0.00531206 53 985 986
975 26 0 1 0 35 30 12 12 17 11 12 12 -0.0393899 -3 987 988
976 26 1 0 2 1 4 2 0 0 0 205 
977 26 1 0 8 1 4 0 0 8 0 207 
978 26 0 1 0 28 15 13 15 2 0 12 13 -0 4 989 990
979 26 1 0 5 1 4 1 2 2 0 210 
980 26 0 1 0 22 28 18 18 28 17 17 12 -0.00289017 -1 991 992
981 26 0 1 0 31 28 12 16 27 30 14 19 -0.018261 4 993 994
982 26 1 0 2 1 4 2 0 0 0 335 
983 26 1 0 2 1 4 0 1 1 0 426 
984 26 0 1 0 30 22 18 12 31 24 17 15 -0.0120864 2 995 996
985 26 0 1 0 3 29 18 12 8 29 13 13 -0.00485048 -27 997 998
986 26 1 0 7 1 4 6 1 0 0 544 
987 27 0 1 0 31 17 13 14 27 16 20 17 -0.0909091 -6 999 1000
988 27 0 1 0 23 21 12 16 20 14 14 16 -0.0351881 -16 1001 1002
989 27 1 0 37 1 4 0 37 0 0 208 
990 27 1 0 2 1 4 0 0 2 0 209 
991 27 1 0 2 1 4 0 1 1 0 211 
992 27 1 0 171 1 4 0 0 171 0 212 
993 27 0 1 0 6 12 19 18 9 15 20 13 -0.0157017 -39 1003 1004
994 27 1 0 3 1 4 2 1 0 0 334 
995 27 0 1 0 28 8 20 19 15 9 14 13 -0.0455246 -87 1005 1006
996 27 0 1 0 18 16 13 20 25 26 18 15 -0.00525832 7 1007 1008
997 27 0 1 0 4 27 16 14 18 9 14 12 -0.0562139 -24 1009 1010
998 27 1 0 2108 1 4 2108 0 0 0 543 
999 28 0 1 0 1 10 19 12 7 5 14 20 -0.108392 8 1011 1012
1000 28 1 0 9 1 4 0 0 9 0 167 
1001 28 1 0 3 1 4 0 0 0 3 168 
1002 28 0 1 0 10 22 18 17 12 27 14 19 -0.0339371 8 1013 1014
1003 28 1 0 2 1 4 2 0 0 0 322 
1004 28 0 1 0 31 27 17 15 25 35 12 20 -0.013834 -4 1015 1016
1005 28 0 1 0 13 28 19 12 19 17 12 17 -0 -21 1017 1018
1006 28 0 1 0 25 26 18 15 21 6 20 13 -0.015204 13 1019 1020
1007 28 0 1 0 4 27 20 15 2 31 12 20 -0.00429095 -12 1021 1022
1008 28 1 0 5 1 4 1 4 0 0 435 
1009 28 0 1 0 24 0 13 17 27 12 18 20 -0.00589971 24 1023 1024
1010 28 1 0 2 1 4 1 0 0 1 542 
1011 29 0 1 0 15 34 13 12 6 13 17 16 -0.0454545 38 1025 1026
1012 29 1 0 2 1 4 0 1 1 0 166 
1013 29 0 1 0 25 21 18 12 19 19 14 17 -0.0328345 -6 1027 1028
1014 29 1 0 3 1 4 0 3 0 0 204 
1015 29 0 1 0 14 1 20 12 4 25 12 14 -0.00946974 -125 1029 1030
1016 29 0 1 0 21 19 12 20 5 2 12 13 -0 65 1031 1032
1017 29 1 0 5 1 4 0 5 0 0 427 
1018 29 1 0 5 1 4 5 0 0 0 428 
1019 29 1 0 3 1 4 2 1 0 0 429 
1020 29 0 1 0 0 25 13 18 1 27 13 17 -0.00471698 -3 1033 1034
1021 29 0 1 0 4 28 15 19 17 19 15 12 -0.0540541 -46 1035 1036
1022 29 1 0 870 1 4 0 870 0 0 434 
1023 29 1 0 110 1 4 110 0 0 0 540 
1024 29 1 0 3 1 4 1 2 0 0 541 
1025 30 1 0 2 1 4 1 1 0 0 164 
1026 30 1 0 9 1 4 0 9 0 0 165 
1027 30 1 0 6 1 4 2 0 4 0 169 
1028 30 0 1 0 12 16 12 19 5 32 12 17 -0.0292438 8 1037 1038
1029 30 1 0 2 1 4 0 1 1 0 323 
1030 30 0 1 0 32 28 18 12 14 22 17 19 -0.00846949 69 1039 1040
1031 30 1 0 6 1 4 0 0 6 0 332 
1032 30 1 0 13 1 4 0 13 0 0 333 
1033 30 1 0 2 1 4 1 1 0 0 430 
1034 30 1 0 104 1 4 0 104 0 0 431 
1035 30 1 0 35 1 4 0 35 0 0 432 
1036 30 1 0 2 1 4 0 1 0 1 433 
1037 31 0 1 0 4 31 13 13 26 16 20 13 -0.0283804 -37 1041 1042
1038 31 1 0 3 1 4 0 3 0 0 203 
1039 31 0 1 0 28 22 12 12 34 29 12 13 -0.00726815 -41 1043 1044
1040 31 1 0 2 1 4 0 1 1 0 331 
1041 32 1 0 2 1 4 0 0 0 2 170 
1042 32 0 1 0 29 35 12 18 11 25 14 12 -0.0275294 144 1045 1046
1043 32 0 1 0 26 27 19 14 19 21 18 18 -0 16 1047 1048
1044 32 0 1 0 8 13 14 13 4 15 13 19 -0.00456586 -20 1049 1050
1045 33 0 1 0 23 23 18 20 22 16 16 16 -0.0266499 -7 1051 1052
1046 33 1 0 2 1 4 0 2 0 0 202 
1047 33 1 0 3 1 4 3 0 0 0 324 
1048 33 1 0 9 1 4 0 9 0 0 325 
1049 33 1 0 2 1 4 1 1 0 0 326 
1050 33 0 1 0 2 4 15 16 5 1 20 12 -0.00356204 18 1053 1054
1051 34 1 0 2 1 4 0 0 0 2 171 
1052 34 0 1 0 21 24 12 19 26 16 20 12 -0.0257958 -8 1055 1056
1053 34 0 1 0 23 21 14 16 24 23 15 15 -0.00264919 3 1057 1058
1054 34 1 0 2 1 4 1 1 0 0 330 
1055 35 1 0 2 1 4 1 0 1 0 172 
1056 35 0 1 0 13 1 18 13 17 18 15 18 -0.0240211 14 1059 1060
1057 35 1 0 956 1 4 0 956 0 0 327 
1058 35 0 1 0 8 27 18 20 11 25 14 14 -0 -6 1061 1062
1059 36 0 1 0 12 12 18 12 3 26 20 13 -0.0230578 6 1063 1064
1060 36 1 0 2 1 4 0 0 0 2 201 
1061 36 1 0 19 1 4 0 19 0 0 328 
1062 36 1 0 3 1 4 3 0 0 0 329 
1063 37 0 1 0 26 16 20 19 0 26 19 19 -0.0209858 -110 1065 1066
1064 37 1 0 4 1 4 1 1 2 0 200 
1065 38 1 0 2 1 4 0 2 0 0 173 
1066 38 0 1 0 24 27 13 18 29 28 18 12 -0.0196755 -45 1067 1068
1067 39 1 0 3 1 4 0 3 0 0 174 
1068 39 0 1 0 35 29 18 12 11 1 13 13 -0.0190955 0 1069 1070
1069 40 1 0 3 1 4 0 0 1 2 175 
1070 40 0 1 0 20 7 20 13 18 9 18 19 -0.0182324 14 1071 1072
1071 41 0 1 0 8 25 16 14 15 20 12 16 -0.0161668 -20 1073 1074
1072 41 1 0 3 1 4 1 0 2 0 199 
1073 42 1 0 2 1 4 1 0 1 0 176 
1074 42 0 1 0 22 30 17 13 1 34 13 12 -0.0148202 74 1075 1076
1075 43 0 1 0 28 30 12 17 12 18 12 12 -0.013064 -12 1077 1078
1076 43 1 0 9 1 4 0 0 6 3 198 
1077 44 1 0 2 1 4 0 0 0 2 177 
1078 44 0 1 0 21 23 16 18 35 30 15 12 -0.0127293 30 1079 1080
1079 45 0 1 0 22 9 19 18 11 0 18 20 -0.0094952 -7 1081 1082
1080 45 0 1 0 3 2 12 16 21 0 17 12 -0.0605476 9 1083 1084
1081 46 0 1 0 18 32 15 19 29 21 12 17 -0 74 1085 1086
1082 46 0 1 0 17 20 18 12 27 31 14 14 -0.00741419 8 1087 1088
1083 46 0 1 0 17 10 12 18 11 28 16 19 -0.0388514 -56 1089 1090
1084 46 1 0 3 1 4 0 3 0 0 197 
1085 47 1 0 18 1 4 0 0 18 0 178 
1086 47 1 0 4 1 4 0 4 0 0 179 
1087 47 0 1 0 17 13 16 14 11 16 18 15 -0.00592327 23 1091 1092
1088 47 1 0 3 1 4 1 0 2 0 192 
1089 47 0 1 0 18 16 19 12 21 11 17 18 -0.0229469 62 1093 1094
1090 47 1 0 2 1 4 0 2 0 0 196 
1091 48 0 1 0 17 8 15 12 21 12 16 13 -0.00531309 9 1095 1096
1092 48 1 0 2 1 4 0 1 1 0 191 
1093 48 0 1 0 26 20 16 15 29 6 14 17 -0.00724638 15 1097 1098
1094 48 1 0 3 1 4 0 2 1 0 195 
1095 49 0 1 0 1 28 17 20 8 27 17 13 -0.00451713 -32 1099 1100
1096 49 1 0 5 1 4 0 0 3 2 190 
1097 49 1 0 2 1 4 0 1 1 0 193 
1098 49 1 0 67 1 4 0 0 67 0 194 
1099 50 1 0 2 1 4 0 0 1 1 180 
1100 50 0 1 0 21 9 19 14 9 2 15 18 -0.00412411 -12 1101 1102
1101 51 1 0 3 1 4 0 0 2 1 181 
1102 51 0 1 0 13 22 13 13 14 16 14 19 -0.00374301 -8 1103 1104
1103 52 1 0 7 1 4 0 0 6 1 182 
1104 52 0 1 0 24 34 13 18 23 33 14 13 -0.00326706 -19 1105 1106
1105 53 1 0 6 1 4 0 1 5 0 183 
1106 53 0 1 0 26 28 14 20 28 27 19 15 -0.00263766 -26 1107 1108
1107 54 1 0 2 1 4 0 1 1 0 184 
1108 54 0 1 0 17 12 16 13 20 12 20 17 -0.00237191 9 1109 1110
1109 55 0 1 0 32 27 19 12 29 26 20 16 -0.000451162 -6 1111 1112
1110 55 0 1 0 7 5 19 19 7 23 18 12 -0.0294118 -49 1113 1114
1111 56 0 1 0 16 13 13 17 27 27 13 14 -0.0454545 -23 1115 1116
1112 56 1 0 2004 1 4 0 0 2004 0 187 
1113 56 1 0 66 1 4 0 0 66 0 188 
1114 56 1 0 2 1 4 1 0 1 0 189 
1115 57 1 0 9 1 4 0 0 9 0 185 
1116 57 1 0 2 1 4 0 0 1 1 186 
