-2147483648 -2147483648 data/trees_headpose/tree_001.txt
100 10 5000 30 30000 1 48 1 data/trees_headpose ./data/Cropped_HBO_Data_4view.txt
1 0
0 0 0 1 0 32 28 17 15 30 17 13 17 -0.966162 3 1 2
1 1 0 1 0 7 12 19 18 8 26 20 14 -0.88632 -11 3 4
2 1 0 1 0 7 19 14 14 12 9 17 14 -0.622425 -6 5 6
3 2 0 1 0 28 29 17 12 26 19 12 20 -0.653298 6 7 8
4 2 0 1 0 9 32 13 14 12 10 19 17 -1.2731 -12 9 10
5 2 0 1 0 0 32 15 13 1 23 20 16 -0.473077 9 11 12
6 2 0 1 0 3 20 14 18 1 28 13 17 -0.519673 10 13 14
7 3 0 1 0 17 7 13 19 12 25 20 14 -0.292358 -1 15 16
8 3 0 1 0 8 32 13 12 2 32 15 12 -1.09175 28 17 18
9 3 0 1 0 32 21 19 14 27 34 13 13 -0.792635 -4 19 20
10 3 0 1 0 30 20 14 16 29 31 16 13 -1.29065 -6 21 22
11 3 0 1 0 10 11 20 18 11 28 13 16 -0.576624 -27 23 24
12 3 0 1 0 15 27 15 15 10 32 13 14 -0.235438 -19 25 26
13 3 0 1 0 14 16 13 17 18 9 19 12 -0.490284 -7 27 28
14 3 0 1 0 10 5 16 20 2 9 15 19 -0.24948 21 29 30
15 4 0 1 0 2 9 12 19 16 0 18 12 -0.199829 11 31 32
16 4 0 1 0 31 31 14 16 26 21 19 14 -1.11946 -32 33 34
17 4 0 1 0 16 27 20 14 18 13 19 17 -1.15858 18 35 36
18 4 0 1 0 10 0 20 19 6 13 13 16 -0.510934 -10 37 38
19 4 0 1 0 15 30 17 19 17 12 17 12 -0.678429 -1 39 40
20 4 0 1 0 21 12 14 17 35 28 19 12 -0.151515 44 41 42
21 4 0 1 0 13 9 13 12 20 31 16 19 -1.13251 20 43 44
22 4 0 1 0 10 24 16 13 5 33 13 13 -1.11576 12 45 46
23 4 0 1 0 26 16 12 20 29 27 14 18 -1.03899 -11 47 48
24 4 0 1 0 26 32 14 20 33 34 13 14 -0.422938 6 49 50
25 4 0 1 0 16 30 17 17 9 34 12 20 -0.808631 -16 51 52
26 4 0 1 0 27 17 14 15 21 9 15 16 -0.165458 -11 53 54
27 4 0 1 0 20 19 18 15 15 28 17 14 -0.47654 -24 55 56
28 4 0 1 0 6 15 20 19 8 27 20 15 -0.395844 -27 57 58
29 4 0 1 0 19 7 14 13 8 18 13 17 -0.201424 -13 59 60
30 4 0 1 0 25 20 19 18 26 20 12 16 -0.155556 4 61 62
31 5 0 1 0 4 25 18 15 0 26 16 15 -0.152101 0 63 64
32 5 0 1 0 24 29 17 15 21 22 19 19 -0.671062 -5 65 66
33 5 0 1 0 12 9 18 19 4 10 14 18 -0.220408 61 67 68
34 5 0 1 0 6 33 13 16 21 15 20 14 -0.313185 23 69 70
35 5 0 1 0 5 3 18 19 8 19 15 13 -0.555673 -59 71 72
36 5 0 1 0 31 28 16 15 5 31 16 14 -1.08718 -69 73 74
37 5 0 1 0 5 31 14 14 2 7 18 14 -0.662076 52 75 76
38 5 0 1 0 26 24 17 15 25 13 18 15 -0.357524 2 77 78
39 5 0 1 0 4 20 17 15 1 13 14 19 -0.477878 7 79 80
40 5 0 1 0 31 28 18 13 27 11 19 14 -0.573973 -45 81 82
41 5 0 1 0 6 26 19 13 30 7 15 16 -0 -45 83 84
42 5 1 0 7 1 4 0 0 0 7 118 
43 5 0 1 0 9 0 17 12 2 34 13 12 -0.974181 -7 85 86
44 5 0 1 0 5 17 15 17 11 10 14 13 -0.0263158 -34 87 88
45 5 0 1 0 22 10 18 19 22 7 16 19 -0.763454 3 89 90
46 5 0 1 0 9 27 19 18 1 6 16 12 -1.11249 49 91 92
47 5 0 1 0 13 22 20 16 12 9 16 20 -0.83918 29 93 94
48 5 0 1 0 17 26 17 13 24 6 16 18 -0.443725 14 95 96
49 5 0 1 0 14 29 14 20 33 31 14 12 -0.451639 -15 97 98
50 5 0 1 0 26 23 12 18 20 1 15 13 -0.319616 -43 99 100
51 5 0 1 0 19 22 20 17 32 10 20 13 -0.0946691 82 101 102
52 5 0 1 0 0 31 16 20 13 27 12 19 -0.56734 2 103 104
53 5 0 1 0 29 32 15 16 26 25 20 15 -0.0787381 -5 105 106
54 5 0 1 0 4 12 12 20 11 5 20 15 -0.503247 -4 107 108
55 5 0 1 0 18 12 12 13 1 23 15 17 -0.316217 9 109 110
56 5 0 1 0 17 13 12 14 1 9 14 20 -0.270886 5 111 112
57 5 0 1 0 13 13 14 19 0 26 20 12 -0.272979 21 113 114
58 5 0 1 0 26 10 20 16 12 11 12 20 -0.569843 -2 115 116
59 5 0 1 0 30 19 19 15 12 16 12 12 -0.180175 -1 117 118
60 5 0 1 0 19 24 19 15 21 20 19 13 -0.0596756 14 119 120
61 5 1 0 6 1 4 1 5 0 0 568 
62 5 0 1 0 29 5 16 14 25 23 18 20 -0.0833333 -78 121 122
63 6 0 1 0 25 28 15 13 28 23 15 16 -0.405897 1 123 124
64 6 0 1 0 0 13 13 12 0 6 20 18 -0.124743 12 125 126
65 6 0 1 0 9 13 18 14 2 14 20 12 -0.148148 -19 127 128
66 6 0 1 0 10 27 15 12 6 18 18 15 -0.385308 11 129 130
67 6 1 0 28 1 4 0 0 0 28 39 
68 6 1 0 7 1 4 5 1 0 1 40 
69 6 0 1 0 12 8 19 17 10 15 14 18 -0.0689655 -1 131 132
70 6 1 0 5 1 4 0 0 2 3 43 
71 6 1 0 7 1 4 0 0 1 6 44 
72 6 0 1 0 32 2 12 15 19 13 18 12 -0.313752 -16 133 134
73 6 0 1 0 2 25 16 16 0 23 20 14 -0.204506 11 135 136
74 6 0 1 0 1 8 14 16 6 20 17 14 -0.967608 -7 137 138
75 6 0 1 0 18 19 17 17 24 22 16 17 -0.237385 -5 139 140
76 6 0 1 0 12 12 14 12 12 7 16 15 -0.590237 25 141 142
77 6 0 1 0 10 24 13 15 17 13 15 12 -0.108044 -48 143 144
78 6 0 1 0 25 13 19 15 15 3 19 14 -0.670641 17 145 146
79 6 0 1 0 13 26 15 18 12 16 15 20 -0.309964 -33 147 148
80 6 0 1 0 11 33 14 14 15 15 17 20 -0.12 -28 149 150
81 6 1 0 4 1 4 0 0 0 4 110 
82 6 0 1 0 12 9 16 20 20 25 19 15 -0.409302 -50 151 152
83 6 1 0 6 1 4 0 6 0 0 116 
84 6 1 0 5 1 4 0 0 5 0 117 
85 6 0 1 0 27 4 17 20 23 13 12 18 -0.442733 -19 153 154
86 6 0 1 0 5 12 20 20 14 7 12 20 -0.749228 5 155 156
87 6 1 0 2 1 4 1 1 0 0 142 
88 6 1 0 17 1 4 0 0 0 17 143 
89 6 0 1 0 13 23 17 16 18 23 14 12 -0.736244 -5 157 158
90 6 0 1 0 0 3 19 12 13 2 16 16 -0.309957 12 159 160
91 6 0 1 0 3 16 12 14 11 24 20 14 -0.483281 -32 161 162
92 6 0 1 0 11 3 18 15 14 19 16 20 -0.780405 -90 163 164
93 6 0 1 0 5 12 16 14 16 10 15 17 -0.351774 -29 165 166
94 6 0 1 0 22 8 14 18 12 6 15 12 -0.549412 -5 167 168
95 6 1 0 4 1 4 4 0 0 0 185 
96 6 0 1 0 20 15 12 17 22 24 12 14 -0.320061 -23 169 170
97 6 0 1 0 11 13 17 18 4 25 18 19 -0.167976 14 171 172
98 6 0 1 0 24 30 12 16 7 33 13 14 -0.441657 -33 173 174
99 6 0 1 0 9 8 15 17 13 10 12 13 -0.298309 -11 175 176
100 6 0 1 0 2 15 13 15 1 28 19 13 -0.29118 -10 177 178
101 6 0 1 0 1 19 12 14 15 18 17 15 -0 -17 179 180
102 6 1 0 2 1 4 1 1 0 0 283 
103 6 1 0 9 1 4 0 2 0 7 284 
104 6 0 1 0 28 1 15 18 17 12 17 17 -0.208333 -28 181 182
105 6 0 1 0 10 14 19 20 13 21 19 13 -0.376274 -26 183 184
106 6 0 1 0 22 19 19 18 20 16 18 19 -0.0531386 12 185 186
107 6 0 1 0 29 25 12 13 33 27 18 14 -0.294607 13 187 188
108 6 0 1 0 16 12 16 19 23 0 12 15 -0.516241 17 189 190
109 6 0 1 0 24 5 15 18 20 20 12 19 -0.166667 -18 191 192
110 6 0 1 0 23 27 20 20 13 30 12 17 -0.0131579 -16 193 194
111 6 1 0 12 1 4 0 0 12 0 353 
112 6 0 1 0 12 17 18 12 1 23 18 12 -0.168273 43 195 196
113 6 0 1 0 9 28 17 16 19 13 19 12 -0.21247 14 197 198
114 6 0 1 0 9 2 13 18 4 2 20 15 -0.57754 -6 199 200
115 6 0 1 0 18 1 20 18 26 26 18 18 -0.759926 5 201 202
116 6 0 1 0 22 34 12 15 21 21 16 20 -0.324771 63 203 204
117 6 0 1 0 17 0 15 19 31 33 14 15 -0.145176 -1 205 206
118 6 0 1 0 13 22 20 19 23 14 13 13 -0.355664 7 207 208
119 6 0 1 0 35 29 16 12 27 28 17 14 -0.0185185 -39 209 210
120 6 1 0 7 1 4 0 4 3 0 567 
121 6 1 0 2 1 4 0 1 0 1 569 
122 6 1 0 22 1 4 0 0 0 22 570 
123 7 0 1 0 20 28 18 14 30 18 20 17 -0 2 211 212
124 7 0 1 0 21 13 13 20 16 21 16 19 -0.0555556 -9 213 214
125 7 0 1 0 8 32 15 16 16 28 13 13 -0.111809 -65 215 216
126 7 1 0 8 1 4 2 3 2 1 30 
127 7 1 0 3 1 4 1 0 2 0 31 
128 7 1 0 15 1 4 0 0 0 15 32 
129 7 0 1 0 35 18 17 12 32 7 19 14 -0.123077 -5 217 218
130 7 0 1 0 6 5 17 20 23 12 12 15 -0.157407 -19 219 220
131 7 1 0 2 1 4 0 1 0 1 41 
132 7 1 0 27 1 4 27 0 0 0 42 
133 7 0 1 0 10 24 20 12 16 34 13 15 -0.107205 -6 221 222
134 7 1 0 9 1 4 2 0 3 4 49 
135 7 1 0 6 1 4 2 2 1 1 50 
136 7 0 1 0 9 2 15 12 4 17 18 16 -0.0584234 -15 223 224
137 7 0 1 0 18 11 20 20 9 33 12 16 -0.776292 -39 225 226
138 7 0 1 0 20 5 16 18 20 16 12 19 -0.376712 1 227 228
139 7 1 0 8 1 4 0 0 7 1 73 
140 7 0 1 0 25 18 16 20 25 3 16 16 -0.1385 20 229 230
141 7 0 1 0 18 1 19 15 2 27 15 12 -0.267619 24 231 232
142 7 0 1 0 23 29 17 16 24 23 14 18 -0.261905 20 233 234
143 7 1 0 6 1 4 3 0 0 3 83 
144 7 0 1 0 16 28 17 17 23 24 14 20 -0.0551237 16 235 236
145 7 0 1 0 2 31 13 18 30 13 18 15 -0.628397 27 237 238
146 7 0 1 0 1 34 12 12 0 23 16 20 -0.263736 27 239 240
147 7 1 0 2 1 4 0 0 0 2 100 
148 7 0 1 0 17 23 13 15 17 16 12 14 -0.210623 -32 241 242
149 7 1 0 5 1 4 2 3 0 0 108 
150 7 1 0 5 1 4 0 0 0 5 109 
151 7 1 0 8 1 4 8 0 0 0 111 
152 7 0 1 0 0 14 20 17 18 24 12 16 -0.199107 -101 243 244
153 7 0 1 0 13 12 19 20 13 35 12 18 -0.0497122 -32 245 246
154 7 0 1 0 19 22 20 20 22 20 17 13 -0.246212 6 247 248
155 7 0 1 0 7 11 18 18 4 29 12 20 -0.817581 -5 249 250
156 7 0 1 0 25 21 12 15 9 19 20 15 -0.287215 24 251 252
157 7 0 1 0 1 2 20 15 14 18 18 19 -0 -55 253 254
158 7 0 1 0 27 11 12 20 25 16 17 14 -0.416357 -1 255 256
159 7 0 1 0 27 7 16 20 20 32 13 18 -0.188401 6 257 258
160 7 1 0 3 1 4 2 0 1 0 158 
161 7 0 1 0 28 9 18 15 7 21 20 15 -0.0384615 -33 259 260
162 7 0 1 0 17 1 20 15 9 3 20 15 -0.107895 0 261 262
163 7 1 0 5 1 4 5 0 0 0 164 
164 7 0 1 0 25 22 12 13 26 27 14 13 -0.327083 9 263 264
165 7 0 1 0 3 20 20 14 11 21 17 14 -0.209526 -49 265 266
166 7 0 1 0 12 28 18 19 14 6 14 12 -0.075 36 267 268
167 7 0 1 0 31 26 20 15 32 29 15 15 -0.0661499 -9 269 270
168 7 0 1 0 8 21 16 14 21 12 19 16 -0.475 -72 271 272
169 7 1 0 5 1 4 0 4 1 0 186 
170 7 0 1 0 8 10 12 20 4 0 15 20 -0.196705 62 273 274
171 7 0 1 0 1 25 19 19 30 1 19 12 -0.2 -16 275 276
172 7 0 1 0 13 34 13 18 27 30 13 15 -0.0741186 -14 277 278
173 7 0 1 0 0 3 12 18 28 27 14 13 -0.0512821 22 279 280
174 7 0 1 0 7 30 17 17 27 26 14 12 -0.326842 -32 281 282
175 7 0 1 0 17 12 20 20 26 27 13 16 -0 4 283 284
176 7 1 0 4 1 4 3 1 0 0 228 
177 7 0 1 0 15 15 14 13 23 30 15 19 -0.585924 37 285 286
178 7 0 1 0 25 18 20 17 30 26 12 14 -0.23328 37 287 288
179 7 1 0 29 1 4 0 0 0 29 281 
180 7 1 0 3 1 4 0 0 3 0 282 
181 7 0 1 0 25 25 20 14 22 12 16 20 -0 33 289 290
182 7 1 0 4 1 4 0 0 4 0 287 
183 7 1 0 8 1 4 0 4 0 4 288 
184 7 0 1 0 19 31 12 14 13 16 16 19 -0.202876 19 291 292
185 7 0 1 0 17 10 14 14 21 16 18 14 -0.0448609 -49 293 294
186 7 0 1 0 28 20 14 14 32 29 16 15 -0.130952 -81 295 296
187 7 0 1 0 20 30 16 17 15 26 20 15 -0.193209 22 297 298
188 7 0 1 0 33 20 16 13 0 23 19 19 -0.119531 71 299 300
189 7 0 1 0 21 29 18 18 16 27 20 16 -0 -2 301 302
190 7 0 1 0 5 9 20 18 17 25 19 15 -0.414895 -89 303 304
191 7 1 0 7 1 4 2 5 0 0 348 
192 7 0 1 0 3 5 16 13 19 17 13 12 -0 -27 305 306
193 7 1 0 36 1 4 0 0 0 36 351 
194 7 1 0 2 1 4 0 1 1 0 352 
195 7 0 1 0 21 13 19 12 25 34 13 13 -0.0858973 -25 307 308
196 7 1 0 5 1 4 1 0 0 4 360 
197 7 0 1 0 30 26 17 14 19 1 20 15 -0.695409 62 309 310
198 7 0 1 0 23 8 14 13 9 22 20 17 -0.166859 12 311 312
199 7 1 0 9 1 4 2 7 0 0 449 
200 7 0 1 0 13 1 13 19 23 5 12 13 -0.459397 -1 313 314
201 7 0 1 0 17 6 15 20 25 21 12 17 -0.62983 -34 315 316
202 7 0 1 0 27 11 20 19 19 14 16 14 -0.0833333 -20 317 318
203 7 0 1 0 16 15 12 19 21 10 18 15 -0.279922 -10 319 320
204 7 0 1 0 3 7 20 18 8 25 14 14 -0.180395 3 321 322
205 7 0 1 0 18 15 14 15 22 30 16 15 -0.116644 1 323 324
206 7 0 1 0 2 16 18 14 3 24 12 13 -0 0 325 326
207 7 0 1 0 11 21 12 16 7 25 17 15 -0 38 327 328
208 7 0 1 0 7 30 15 15 4 17 16 18 -0.224896 4 329 330
209 7 1 0 4 1 4 2 2 0 0 565 
210 7 1 0 50 1 4 50 0 0 0 566 
211 8 1 0 6 1 4 0 0 6 0 0 
212 8 1 0 7 1 4 0 0 0 7 1 
213 8 1 0 3 1 4 0 1 2 0 2 
214 8 1 0 9 1 4 9 0 0 0 3 
215 8 1 0 3 1 4 2 1 0 0 4 
216 8 0 1 0 31 27 19 16 25 16 16 15 -0.102839 1 331 332
217 8 1 0 3 1 4 0 0 0 3 33 
218 8 0 1 0 9 8 18 15 2 25 12 19 -0 -18 333 334
219 8 1 0 6 1 4 6 0 0 0 36 
220 8 0 1 0 24 30 17 16 2 20 13 13 -0.111111 19 335 336
221 8 0 1 0 2 31 16 19 0 29 12 14 -0.0111068 -5 337 338
222 8 1 0 8 1 4 2 3 2 1 48 
223 8 0 1 0 24 20 12 20 4 14 20 17 -0.0102041 33 339 340
224 8 1 0 2 1 4 0 1 0 1 53 
225 8 0 1 0 25 20 12 17 12 8 16 16 -0.248413 0 341 342
226 8 0 1 0 20 30 17 17 27 20 16 12 -0.727361 8 343 344
227 8 0 1 0 16 13 20 18 26 11 19 16 -0.219753 3 345 346
228 8 0 1 0 10 6 20 17 16 17 12 16 -0.0634921 5 347 348
229 8 0 1 0 0 21 16 15 4 1 18 19 -0 -10 349 350
230 8 1 0 9 1 4 8 1 0 0 76 
231 8 0 1 0 4 28 15 20 18 5 19 17 -0.025 63 351 352
232 8 1 0 5 1 4 0 4 0 1 79 
233 8 1 0 4 1 4 0 1 0 3 80 
234 8 0 1 0 7 27 14 18 16 32 14 19 -0 -33 353 354
235 8 1 0 4 1 4 1 1 0 2 84 
236 8 0 1 0 31 3 12 12 13 25 18 20 -0.0310888 25 355 356
237 8 0 1 0 28 22 19 19 25 30 17 14 -0.191288 -40 357 358
238 8 0 1 0 24 15 14 17 22 21 15 17 -0.274359 -20 359 360
239 8 0 1 0 7 22 17 13 9 35 12 20 -0.0428192 -26 361 362
240 8 1 0 8 1 4 3 1 1 3 99 
241 8 1 0 2 1 4 0 0 0 2 101 
242 8 0 1 0 24 14 19 17 27 30 16 12 -0.162757 -14 363 364
243 8 1 0 3 1 4 0 0 0 3 112 
244 8 0 1 0 31 28 18 13 27 11 19 14 -0.146875 -34 365 366
245 8 1 0 3 1 4 0 2 1 0 119 
246 8 0 1 0 26 25 15 13 25 20 19 17 -0.0136054 12 367 368
247 8 0 1 0 0 17 14 12 13 32 15 13 -0 -36 369 370
248 8 0 1 0 21 28 15 17 3 27 19 16 -0 3 371 372
249 8 0 1 0 21 23 20 12 24 16 14 13 -0.121212 31 373 374
250 8 0 1 0 7 15 13 17 9 5 19 12 -0.640306 17 375 376
251 8 0 1 0 25 5 16 20 29 4 16 14 -0.178736 4 377 378
252 8 1 0 3 1 4 0 0 1 2 141 
253 8 1 0 2 1 4 0 0 0 2 144 
254 8 1 0 10 1 4 10 0 0 0 145 
255 8 0 1 0 9 0 20 20 12 33 14 12 -0 -11 379 380
256 8 0 1 0 30 11 20 17 21 33 14 17 -0.306154 -5 381 382
257 8 0 1 0 9 15 19 15 7 32 14 17 -0.0905414 3 383 384
258 8 1 0 4 1 4 1 0 3 0 157 
259 8 1 0 2 1 4 1 1 0 0 159 
260 8 1 0 11 1 4 11 0 0 0 160 
261 8 0 1 0 10 5 20 12 8 11 19 20 -0 -11 385 386
262 8 1 0 5 1 4 0 0 1 4 163 
263 8 0 1 0 10 5 20 12 8 11 19 20 -0 10 387 388
264 8 0 1 0 5 27 13 16 11 15 18 13 -0.1 -12 389 390
265 8 0 1 0 20 5 17 16 6 10 19 20 -0.142857 82 391 392
266 8 0 1 0 15 31 12 20 14 10 18 20 -0.121196 49 393 394
267 8 0 1 0 28 22 15 13 15 31 14 17 -0.05 -44 395 396
268 8 1 0 2 1 4 0 2 0 0 176 
269 8 1 0 2 1 4 0 0 0 2 177 
270 8 0 1 0 29 0 20 13 21 3 13 15 -0.0226886 -63 397 398
271 8 1 0 4 1 4 2 2 0 0 181 
272 8 0 1 0 13 23 16 14 28 27 20 19 -0.144444 29 399 400
273 8 0 1 0 13 23 15 15 7 25 19 20 -0.146487 -10 401 402
274 8 1 0 2 1 4 1 1 0 0 191 
275 8 1 0 2 1 4 2 0 0 0 192 
276 8 0 1 0 32 12 17 12 22 11 15 15 -0 -23 403 404
277 8 0 1 0 6 30 15 20 12 15 16 16 -0.0478567 -2 405 406
278 8 0 1 0 27 17 20 17 19 7 12 15 -0 17 407 408
279 8 0 1 0 2 7 14 14 9 4 12 20 -0.0384615 -3 409 410
280 8 1 0 5 1 4 5 0 0 0 207 
281 8 0 1 0 5 23 15 19 7 15 13 18 -0.22754 2 411 412
282 8 0 1 0 11 6 14 13 6 1 17 15 -0.25261 1 413 414
283 8 1 0 2 1 4 0 2 0 0 226 
284 8 1 0 21 1 4 0 0 0 21 227 
285 8 0 1 0 15 32 12 18 18 27 20 12 -0.420577 9 415 416
286 8 1 0 8 1 4 1 1 0 6 238 
287 8 0 1 0 10 3 13 13 15 1 13 13 -0.221204 -2 417 418
288 8 0 1 0 26 26 20 18 24 29 14 16 -0 -17 419 420
289 8 1 0 10 1 4 10 0 0 0 285 
290 8 1 0 10 1 4 0 10 0 0 286 
291 8 1 0 21 1 4 21 0 0 0 289 
292 8 0 1 0 21 12 17 18 20 31 15 15 -0.166369 -33 421 422
293 8 1 0 2 1 4 0 0 1 1 295 
294 8 0 1 0 20 25 16 18 24 30 17 12 -0.0403665 -37 423 424
295 8 1 0 4 1 4 4 0 0 0 318 
296 8 0 1 0 22 18 17 18 7 1 12 20 -0 35 425 426
297 8 0 1 0 15 14 19 16 14 18 17 18 -0.11109 -12 427 428
298 8 0 1 0 3 13 15 15 26 2 18 16 -0.0921053 -25 429 430
299 8 0 1 0 33 2 12 14 5 2 20 12 -0.043 7 431 432
300 8 1 0 4 1 4 0 0 0 4 335 
301 8 1 0 2 1 4 0 0 0 2 336 
302 8 1 0 13 1 4 0 0 13 0 337 
303 8 0 1 0 22 19 18 12 26 0 16 18 -0.309244 119 433 434
304 8 0 1 0 28 33 12 18 27 28 12 12 -0.222879 3 435 436
305 8 1 0 4 1 4 0 0 0 4 349 
306 8 1 0 17 1 4 0 0 17 0 350 
307 8 0 1 0 15 27 13 20 0 30 13 19 -0.240896 15 437 438
308 8 0 1 0 6 26 13 16 6 30 17 13 -0.023648 9 439 440
309 8 0 1 0 20 13 19 18 5 12 15 13 -0.402282 41 441 442
310 8 0 1 0 16 27 18 18 18 20 18 15 -0.0486777 1 443 444
311 8 0 1 0 24 10 15 12 26 21 14 12 -0.155733 14 445 446
312 8 1 0 10 1 4 10 0 0 0 448 
313 8 0 1 0 7 15 16 14 8 8 17 16 -0.307498 0 447 448
314 8 0 1 0 23 21 13 18 26 27 16 14 -0.279915 -9 449 450
315 8 0 1 0 17 27 16 19 6 26 12 16 -0.116344 11 451 452
316 8 0 1 0 23 2 19 18 23 21 18 15 -0.605797 -8 453 454
317 8 1 0 22 1 4 0 0 0 22 481 
318 8 1 0 2 1 4 1 0 1 0 482 
319 8 0 1 0 31 27 18 13 2 20 14 15 -0.0514706 15 455 456
320 8 0 1 0 1 24 14 16 27 9 18 16 -0.246975 -10 457 458
321 8 0 1 0 6 19 20 15 35 7 13 12 -0.137982 0 459 460
322 8 0 1 0 29 33 12 16 18 1 17 16 -0.0294118 55 461 462
323 8 0 1 0 24 10 19 20 25 9 14 12 -0.106275 -31 463 464
324 8 0 1 0 25 22 18 16 23 4 14 18 -0.0222222 63 465 466
325 8 1 0 6 1 4 0 0 0 6 555 
326 8 1 0 4 1 4 0 4 0 0 556 
327 8 1 0 3 1 4 3 0 0 0 557 
328 8 1 0 9 1 4 0 9 0 0 558 
329 8 0 1 0 14 26 12 18 17 8 16 17 -0.0515873 46 467 468
330 8 0 1 0 11 21 12 16 7 25 17 15 -0.0815047 21 469 470
331 9 0 1 0 0 32 14 12 1 27 12 16 -0.0887909 36 471 472
332 9 0 1 0 29 22 17 14 32 0 13 12 -0.193223 1 473 474
333 9 1 0 8 1 4 0 0 8 0 34 
334 9 1 0 2 1 4 0 2 0 0 35 
335 9 1 0 16 1 4 0 16 0 0 37 
336 9 1 0 2 1 4 0 1 0 1 38 
337 9 1 0 2 1 4 0 2 0 0 45 
338 9 0 1 0 18 1 17 16 13 22 20 20 -0.00574713 4 475 476
339 9 1 0 47 1 4 0 0 0 47 51 
340 9 1 0 2 1 4 0 0 1 1 52 
341 9 0 1 0 21 23 15 12 5 4 17 15 -0.126263 42 477 478
342 9 0 1 0 27 12 15 14 24 10 12 20 -0.154986 28 479 480
343 9 0 1 0 21 32 13 12 6 8 19 14 -0.203463 114 481 482
344 9 0 1 0 20 34 13 14 10 33 13 14 -0.394832 -14 483 484
345 9 0 1 0 23 27 20 13 0 16 18 17 -0.0111111 27 485 486
346 9 1 0 9 1 4 1 3 1 4 70 
347 9 1 0 9 1 4 1 8 0 0 71 
348 9 1 0 5 1 4 0 0 5 0 72 
349 9 1 0 2 1 4 0 0 0 2 74 
350 9 1 0 51 1 4 0 51 0 0 75 
351 9 1 0 26 1 4 0 0 0 26 77 
352 9 1 0 4 1 4 0 1 3 0 78 
353 9 1 0 2 1 4 2 0 0 0 81 
354 9 1 0 12 1 4 0 12 0 0 82 
355 9 0 1 0 10 19 16 20 14 29 12 12 -0.021978 -8 487 488
356 9 1 0 2 1 4 0 1 0 1 87 
357 9 1 0 2 1 4 0 0 0 2 88 
358 9 0 1 0 0 13 19 20 5 15 19 14 -0.0791444 -6 489 490
359 9 1 0 6 1 4 0 5 0 1 92 
360 9 0 1 0 16 24 13 13 14 29 17 19 -0.1 -1 491 492
361 9 0 1 0 2 12 13 15 9 0 17 12 -0.011359 -11 493 494
362 9 1 0 4 1 4 0 2 2 0 98 
363 9 0 1 0 34 18 17 13 17 12 16 15 -0.0416667 -48 495 496
364 9 0 1 0 15 30 14 15 19 20 20 12 -0.115547 3 497 498
365 9 1 0 2 1 4 2 0 0 0 113 
366 9 0 1 0 12 14 16 20 17 17 15 16 -0.0916667 -18 499 500
367 9 1 0 46 1 4 46 0 0 0 120 
368 9 1 0 3 1 4 1 2 0 0 121 
369 9 1 0 5 1 4 0 0 0 5 122 
370 9 1 0 7 1 4 0 0 7 0 123 
371 9 1 0 5 1 4 0 5 0 0 124 
372 9 1 0 5 1 4 5 0 0 0 125 
373 9 1 0 19 1 4 0 0 0 19 126 
374 9 1 0 3 1 4 0 2 0 1 127 
375 9 0 1 0 25 32 14 12 2 8 13 13 -0.431766 25 501 502
376 9 1 0 9 1 4 0 0 0 9 134 
377 9 0 1 0 17 10 16 18 19 28 19 16 -0.112069 -12 503 504
378 9 0 1 0 23 14 12 15 25 19 14 18 -0 13 505 506
379 9 1 0 18 1 4 0 0 0 18 146 
380 9 1 0 4 1 4 0 0 4 0 147 
381 9 0 1 0 12 27 16 14 14 20 17 12 -0.163377 11 507 508
382 9 0 1 0 12 0 14 20 16 21 19 15 -0.0276498 0 509 510
383 9 0 1 0 9 3 19 15 0 29 17 15 -0 -17 511 512
384 9 1 0 3 1 4 1 0 1 1 156 
385 9 1 0 2 1 4 2 0 0 0 161 
386 9 1 0 17 1 4 0 17 0 0 162 
387 9 1 0 10 1 4 0 10 0 0 165 
388 9 1 0 2 1 4 0 0 0 2 166 
389 9 1 0 18 1 4 0 0 0 18 167 
390 9 1 0 2 1 4 0 1 0 1 168 
391 9 1 0 12 1 4 0 12 0 0 169 
392 9 1 0 2 1 4 0 1 0 1 170 
393 9 0 1 0 31 31 16 15 26 31 15 15 -0 -28 513 514
394 9 1 0 3 1 4 1 1 0 1 173 
395 9 1 0 2 1 4 0 0 1 1 174 
396 9 1 0 8 1 4 0 0 8 0 175 
397 9 1 0 2 1 4 2 0 0 0 178 
398 9 0 1 0 5 25 20 18 14 25 13 13 -0.0121951 -8 515 516
399 9 0 1 0 21 7 18 18 24 0 14 17 -0 11 517 518
400 9 1 0 6 1 4 0 5 0 1 184 
401 9 1 0 2 1 4 1 0 0 1 187 
402 9 0 1 0 19 29 13 17 19 26 19 17 -0.072561 8 519 520
403 9 1 0 6 1 4 0 0 0 6 193 
404 9 1 0 12 1 4 0 0 12 0 194 
405 9 0 1 0 23 25 19 14 5 8 19 17 -0.028729 22 521 522
406 9 1 0 3 1 4 0 1 0 2 202 
407 9 1 0 18 1 4 18 0 0 0 203 
408 9 1 0 3 1 4 0 3 0 0 204 
409 9 1 0 11 1 4 0 0 0 11 205 
410 9 1 0 2 1 4 0 0 1 1 206 
411 9 0 1 0 15 1 16 19 23 7 16 17 -0.0972337 -23 523 524
412 9 1 0 4 1 4 0 1 0 3 213 
413 9 1 0 3 1 4 0 0 0 3 214 
414 9 0 1 0 6 5 19 12 8 2 18 14 -0.189785 -28 525 526
415 9 0 1 0 20 33 13 15 9 14 18 20 -0.249623 50 527 528
416 9 1 0 6 1 4 1 1 1 3 237 
417 9 0 1 0 10 24 16 15 18 23 17 16 -0.401424 -4 529 530
418 9 0 1 0 26 29 13 12 21 14 16 14 -0.116771 -5 531 532
419 9 1 0 4 1 4 0 4 0 0 279 
420 9 1 0 21 1 4 21 0 0 0 280 
421 9 0 1 0 29 27 18 16 25 17 12 13 -0.0831272 32 533 534
422 9 0 1 0 4 4 17 18 12 17 19 13 -0 -29 535 536
423 9 1 0 10 1 4 0 10 0 0 296 
424 9 0 1 0 26 5 15 20 26 17 17 15 -0.0365379 -66 537 538
425 9 1 0 3 1 4 0 0 3 0 319 
426 9 1 0 11 1 4 0 11 0 0 320 
427 9 1 0 2 1 4 0 0 1 1 321 
428 9 0 1 0 35 8 19 12 27 13 16 15 -0.061031 -76 539 540
429 9 1 0 3 1 4 3 0 0 0 328 
430 9 0 1 0 7 26 18 16 19 13 13 17 -0 5 541 542
431 9 0 1 0 15 24 15 15 23 22 19 18 -0.01 33 543 544
432 9 0 1 0 12 25 18 14 26 14 17 17 -0 -43 545 546
433 9 0 1 0 7 24 19 19 23 16 13 19 -0 25 547 548
434 9 1 0 7 1 4 2 4 1 0 340 
435 9 0 1 0 15 4 18 20 7 10 13 13 -0.0944015 20 549 550
436 9 0 1 0 22 12 14 12 23 3 18 14 -0.0926407 17 551 552
437 9 0 1 0 20 4 13 17 7 13 20 16 -0 13 553 554
438 9 1 0 3 1 4 0 0 2 1 356 
439 9 0 1 0 27 21 18 19 6 2 13 14 -0.0102041 132 555 556
440 9 1 0 4 1 4 1 3 0 0 359 
441 9 1 0 6 1 4 1 0 2 3 361 
442 9 0 1 0 29 26 12 18 30 31 15 15 -0.0993565 -49 557 558
443 9 1 0 6 1 4 5 1 0 0 365 
444 9 0 1 0 30 8 14 13 27 27 20 19 -0.016129 -69 559 560
445 9 0 1 0 10 11 12 14 34 23 15 13 -0.136536 9 561 562
446 9 0 1 0 0 13 16 13 27 15 19 16 -0.0237649 -55 563 564
447 9 1 0 6 1 4 3 0 1 2 450 
448 9 0 1 0 7 12 19 14 16 0 13 16 -0.180839 55 565 566
449 9 1 0 9 1 4 2 6 1 0 458 
450 9 1 0 4 1 4 0 0 1 3 459 
451 9 0 1 0 3 33 13 13 3 24 18 14 -0 -14 567 568
452 9 0 1 0 19 24 18 14 11 22 15 15 -0 17 569 570
453 9 0 1 0 0 29 16 12 14 16 18 13 -0.519358 -50 571 572
454 9 0 1 0 25 17 16 13 18 0 19 16 -0.130133 -3 573 574
455 9 1 0 9 1 4 9 0 0 0 483 
456 9 1 0 8 1 4 0 7 1 0 484 
457 9 0 1 0 11 23 15 14 15 14 16 16 -0.315886 -9 575 576
458 9 0 1 0 17 6 12 14 12 10 16 12 -0.176741 16 577 578
459 9 0 1 0 3 21 13 15 4 29 12 16 -0.0146922 -8 579 580
460 9 0 1 0 4 11 17 20 11 11 18 12 -0.0861244 -3 581 582
461 9 1 0 2 1 4 0 1 1 0 519 
462 9 1 0 15 1 4 0 0 15 0 520 
463 9 1 0 2 1 4 0 0 0 2 521 
464 9 0 1 0 2 25 16 14 2 33 14 13 -0.0964573 -2 583 584
465 9 1 0 27 1 4 27 0 0 0 553 
466 9 1 0 3 1 4 0 2 1 0 554 
467 9 1 0 4 1 4 0 0 4 0 559 
468 9 0 1 0 21 26 13 16 4 1 19 17 -0.0357143 67 585 586
469 9 0 1 0 22 21 14 20 3 13 20 13 -0 42 587 588
470 9 1 0 4 1 4 0 0 0 4 564 
471 10 0 1 0 28 22 13 14 28 22 16 19 -0.0563588 -4 589 590
472 10 0 1 0 28 22 16 17 28 28 19 14 -0.347965 1 591 592
473 10 0 1 0 12 25 18 20 1 23 16 18 -0 8 593 594
474 10 0 1 0 10 24 14 13 3 11 12 13 -0 7 595 596
475 10 1 0 85 1 4 85 0 0 0 46 
476 10 1 0 2 1 4 1 1 0 0 47 
477 10 1 0 9 1 4 0 8 1 0 54 
478 10 1 0 2 1 4 1 1 0 0 55 
479 10 0 1 0 20 8 17 13 27 23 18 16 -0.0997151 -9 597 598
480 10 1 0 6 1 4 0 0 0 6 59 
481 10 0 1 0 15 18 20 20 14 27 17 13 -0 2 599 600
482 10 1 0 3 1 4 2 1 0 0 62 
483 10 1 0 2 1 4 0 0 0 2 63 
484 10 0 1 0 3 29 14 18 5 6 12 15 -0.227575 26 601 602
485 10 1 0 2 1 4 0 0 1 1 68 
486 10 1 0 43 1 4 0 0 0 43 69 
487 10 1 0 344 1 4 0 0 0 344 85 
488 10 1 0 7 1 4 1 0 0 6 86 
489 10 1 0 5 1 4 4 1 0 0 89 
490 10 0 1 0 25 0 17 13 11 11 19 14 -0.0294118 14 603 604
491 10 1 0 18 1 4 0 0 0 18 93 
492 10 1 0 2 1 4 0 1 0 1 94 
493 10 1 0 2 1 4 0 0 2 0 95 
494 10 0 1 0 13 23 15 12 13 27 17 18 -0.00588235 -57 605 606
495 10 1 0 10 1 4 0 10 0 0 102 
496 10 1 0 2 1 4 1 1 0 0 103 
497 10 0 1 0 1 11 17 18 16 14 18 17 -0.0678727 -22 607 608
498 10 1 0 3 1 4 0 2 0 1 107 
499 10 1 0 4 1 4 0 2 1 1 114 
500 10 1 0 26 1 4 0 26 0 0 115 
501 10 0 1 0 3 30 15 17 0 22 19 12 -0 6 609 610
502 10 0 1 0 16 34 13 18 29 0 13 15 -0.222222 80 611 612
503 10 0 1 0 20 7 20 13 33 26 19 13 -0.0701058 32 613 614
504 10 1 0 2 1 4 0 0 1 1 138 
505 10 1 0 10 1 4 10 0 0 0 139 
506 10 1 0 2 1 4 0 2 0 0 140 
507 10 0 1 0 30 24 12 13 4 28 13 12 -0 -25 615 616
508 10 1 0 3 1 4 0 0 1 2 150 
509 10 1 0 4 1 4 0 0 0 4 151 
510 10 0 1 0 22 32 15 13 8 5 16 13 -0.016129 7 617 618
511 10 1 0 2 1 4 0 0 2 0 154 
512 10 1 0 68 1 4 0 0 0 68 155 
513 10 1 0 3 1 4 0 3 0 0 171 
514 10 1 0 56 1 4 56 0 0 0 172 
515 10 1 0 39 1 4 0 39 0 0 179 
516 10 1 0 2 1 4 0 1 1 0 180 
517 10 1 0 2 1 4 0 0 2 0 182 
518 10 1 0 28 1 4 0 0 0 28 183 
519 10 0 1 0 8 12 20 20 18 9 16 12 -0.025 -11 619 620
520 10 1 0 2 1 4 0 1 0 1 190 
521 10 1 0 2 1 4 0 0 2 0 195 
522 10 0 1 0 27 34 12 20 9 24 12 19 -0.0208482 23 621 622
523 10 0 1 0 21 30 13 18 29 30 15 17 -0.0357143 22 623 624
524 10 0 1 0 20 31 16 20 14 30 15 15 -0.0702072 8 625 626
525 10 1 0 3 1 4 0 0 0 3 215 
526 10 0 1 0 19 19 13 15 19 3 17 20 -0.151864 -6 627 628
527 10 0 1 0 12 32 13 15 11 17 15 19 -0.150579 4 629 630
528 10 0 1 0 15 22 14 20 11 19 19 14 -0.0803922 13 631 632
529 10 0 1 0 29 21 17 17 29 14 12 16 -0.312275 3 633 634
530 10 0 1 0 14 13 17 18 18 26 15 18 -0.031746 -8 635 636
531 10 0 1 0 22 6 13 16 32 21 12 15 -0.44709 8 637 638
532 10 0 1 0 18 23 17 13 12 20 19 13 -0.0791404 -14 639 640
533 10 0 1 0 18 20 15 20 20 23 12 20 -0.0465116 14 641 642
534 10 1 0 4 1 4 4 0 0 0 292 
535 10 1 0 12 1 4 12 0 0 0 293 
536 10 1 0 3 1 4 0 3 0 0 294 
537 10 1 0 7 1 4 2 2 3 0 297 
538 10 0 1 0 0 17 18 13 3 21 12 13 -0.0323983 -26 643 644
539 10 1 0 2 1 4 0 0 2 0 322 
540 10 0 1 0 5 30 16 14 32 18 20 14 -0.0374895 63 645 646
541 10 1 0 14 1 4 0 14 0 0 329 
542 10 1 0 2 1 4 0 0 2 0 330 
543 10 1 0 48 1 4 0 48 0 0 331 
544 10 1 0 2 1 4 1 1 0 0 332 
545 10 1 0 2 1 4 0 2 0 0 333 
546 10 1 0 8 1 4 8 0 0 0 334 
547 10 1 0 6 1 4 0 0 0 6 338 
548 10 1 0 4 1 4 0 0 4 0 339 
549 10 0 1 0 24 12 12 19 23 20 19 14 -0.0409091 -17 647 648
550 10 1 0 4 1 4 4 0 0 0 344 
551 10 1 0 5 1 4 0 2 3 0 345 
552 10 0 1 0 5 31 12 16 20 28 19 20 -0 -52 649 650
553 10 1 0 8 1 4 0 8 0 0 354 
554 10 1 0 6 1 4 6 0 0 0 355 
555 10 1 0 194 1 4 194 0 0 0 357 
556 10 1 0 2 1 4 1 0 1 0 358 
557 10 1 0 5 1 4 1 1 3 0 362 
558 10 0 1 0 21 0 16 19 17 5 20 12 -0.0135135 -60 651 652
559 10 1 0 29 1 4 0 0 29 0 366 
560 10 1 0 2 1 4 0 0 1 1 367 
561 10 0 1 0 25 28 12 17 23 32 15 20 -0.111618 8 653 654
562 10 0 1 0 27 27 16 15 30 25 19 17 -0.31864 6 655 656
563 10 1 0 2 1 4 2 0 0 0 445 
564 10 0 1 0 13 18 19 20 7 3 18 18 -0.0128205 17 657 658
565 10 0 1 0 12 28 19 18 26 20 16 13 -0.118063 12 659 660
566 10 1 0 2 1 4 1 0 1 0 457 
567 10 1 0 8 1 4 0 8 0 0 460 
568 10 1 0 64 1 4 0 0 64 0 461 
569 10 1 0 4 1 4 4 0 0 0 462 
570 10 1 0 7 1 4 0 7 0 0 463 
571 10 0 1 0 4 29 15 16 5 14 20 16 -0.246914 12 661 662
572 10 0 1 0 12 14 20 20 22 27 20 13 -0.364375 -23 663 664
573 10 0 1 0 27 11 20 19 19 14 16 14 -0 -14 665 666
574 10 1 0 7 1 4 0 6 1 0 480 
575 10 0 1 0 6 0 14 12 21 19 18 20 -0.102564 -33 667 668
576 10 0 1 0 3 22 13 18 21 13 16 18 -0.123457 -12 669 670
577 10 0 1 0 10 23 14 15 14 18 18 12 -0.137 -8 671 672
578 10 0 1 0 28 30 16 19 22 16 18 20 -0.0666667 18 673 674
579 10 1 0 3 1 4 0 0 3 0 513 
580 10 0 1 0 19 11 19 13 11 4 20 13 -0.0078125 3 675 676
581 10 1 0 8 1 4 0 8 0 0 516 
582 10 0 1 0 33 13 18 14 17 25 14 20 -0 -17 677 678
583 10 0 1 0 32 33 14 14 30 25 19 14 -0.181027 17 679 680
584 10 0 1 0 34 30 12 13 29 31 13 12 -0.0620423 -13 681 682
585 10 1 0 2 1 4 1 1 0 0 560 
586 10 1 0 12 1 4 0 12 0 0 561 
587 10 1 0 26 1 4 0 0 26 0 562 
588 10 1 0 3 1 4 0 3 0 0 563 
589 11 1 0 2 1 4 1 0 1 0 5 
590 11 0 1 0 31 30 17 12 18 28 17 13 -0.0519225 -5 683 684
591 11 0 1 0 26 14 20 15 33 4 18 14 -0.227273 10 685 686
592 11 0 1 0 4 26 13 15 0 33 14 12 -0.0434783 -71 687 688
593 11 1 0 4 1 4 0 0 4 0 26 
594 11 1 0 8 1 4 0 8 0 0 27 
595 11 1 0 3 1 4 0 0 3 0 28 
596 11 1 0 11 1 4 0 0 0 11 29 
597 11 0 1 0 5 22 18 19 10 30 16 18 -0.0555556 -49 689 690
598 11 1 0 3 1 4 0 0 0 3 58 
599 11 1 0 8 1 4 0 0 8 0 60 
600 11 1 0 3 1 4 0 0 0 3 61 
601 11 1 0 8 1 4 0 7 0 1 64 
602 11 0 1 0 9 29 12 20 10 27 19 12 -0.0847926 12 691 692
603 11 1 0 15 1 4 0 15 0 0 90 
604 11 1 0 2 1 4 0 1 1 0 91 
605 11 1 0 2 1 4 0 0 1 1 96 
606 11 1 0 83 1 4 0 0 0 83 97 
607 11 0 1 0 16 16 19 20 13 31 15 13 -0.0574818 -11 693 694
608 11 1 0 2 1 4 0 1 1 0 106 
609 11 1 0 10 1 4 0 0 10 0 128 
610 11 1 0 3 1 4 0 0 0 3 129 
611 11 0 1 0 21 32 14 16 19 14 20 13 -0.0720635 -4 695 696
612 11 1 0 2 1 4 0 0 0 2 133 
613 11 0 1 0 5 31 14 12 12 35 12 19 -0.0123457 -19 697 698
614 11 1 0 2 1 4 0 1 0 1 137 
615 11 1 0 3 1 4 3 0 0 0 148 
616 11 1 0 13 1 4 0 13 0 0 149 
617 11 1 0 29 1 4 0 0 29 0 152 
618 11 1 0 2 1 4 0 1 1 0 153 
619 11 1 0 78 1 4 0 0 0 78 188 
620 11 1 0 2 1 4 0 1 0 1 189 
621 11 1 0 2 1 4 2 0 0 0 196 
622 11 0 1 0 10 35 12 16 28 29 15 19 -0.0183432 -29 699 700
623 11 1 0 12 1 4 12 0 0 0 208 
624 11 1 0 2 1 4 1 1 0 0 209 
625 11 1 0 9 1 4 5 4 0 0 210 
626 11 0 1 0 15 15 15 12 4 29 13 14 -0 32 701 702
627 11 1 0 3 1 4 0 0 2 1 216 
628 11 0 1 0 30 35 12 17 8 26 17 15 -0.129825 -25 703 704
629 11 1 0 6 1 4 0 5 0 1 229 
630 11 0 1 0 28 32 14 16 24 30 13 16 -0.0404484 -15 705 706
631 11 1 0 3 1 4 0 0 2 1 234 
632 11 0 1 0 17 3 19 13 0 2 18 18 -0.0294118 28 707 708
633 11 0 1 0 25 11 18 19 21 26 18 15 -0.792632 -25 709 710
634 11 0 1 0 10 10 14 16 11 27 17 19 -0.112093 -46 711 712
635 11 1 0 3 1 4 1 2 0 0 251 
636 11 1 0 18 1 4 0 0 0 18 252 
637 11 1 0 2 1 4 0 0 0 2 253 
638 11 0 1 0 19 26 17 20 35 35 12 12 -0.23578 43 713 714
639 11 0 1 0 12 31 13 13 6 10 16 19 -0 35 715 716
640 11 0 1 0 11 28 15 12 15 26 17 16 -0.0667381 2 717 718
641 11 1 0 41 1 4 0 41 0 0 290 
642 11 1 0 2 1 4 0 1 0 1 291 
643 11 0 1 0 12 2 14 15 5 24 18 14 -0.141176 -52 719 720
644 11 0 1 0 6 34 13 18 17 26 19 16 -0.0223212 32 721 722
645 11 0 1 0 6 26 12 18 4 24 16 17 -0.0202556 20 723 724
646 11 1 0 6 1 4 1 5 0 0 327 
647 11 0 1 0 7 11 14 17 22 33 12 13 -0 -20 725 726
648 11 1 0 4 1 4 0 0 4 0 343 
649 11 1 0 2 1 4 0 2 0 0 346 
650 11 1 0 26 1 4 26 0 0 0 347 
651 11 1 0 2 1 4 1 1 0 0 363 
652 11 1 0 35 1 4 35 0 0 0 364 
653 11 0 1 0 13 18 13 16 22 29 16 12 -0.102433 -123 727 728
654 11 0 1 0 13 27 19 20 3 20 12 19 -0.0809295 62 729 730
655 11 0 1 0 2 5 17 20 9 19 17 14 -0.0546875 -40 731 732
656 11 0 1 0 19 20 19 18 23 31 12 20 -0.220465 -21 733 734
657 11 1 0 2 1 4 0 0 1 1 446 
658 11 1 0 37 1 4 0 0 0 37 447 
659 11 0 1 0 32 25 12 15 30 26 14 13 -0.248252 -7 735 736
660 11 0 1 0 22 26 18 17 20 24 13 16 -0.0257864 24 737 738
661 11 1 0 9 1 4 1 8 0 0 464 
662 11 1 0 9 1 4 0 1 0 8 465 
663 11 0 1 0 1 8 14 18 35 15 20 12 -0.172705 -7 739 740
664 11 0 1 0 19 29 18 13 6 25 15 14 -0.221773 -15 741 742
665 11 1 0 3 1 4 0 0 0 3 478 
666 11 1 0 16 1 4 0 0 16 0 479 
667 11 1 0 7 1 4 0 7 0 0 485 
668 11 1 0 6 1 4 0 0 4 2 486 
669 11 0 1 0 4 27 19 13 19 2 18 12 -0.0222222 11 743 744
670 11 1 0 9 1 4 0 1 7 1 489 
671 11 0 1 0 7 14 15 19 22 29 12 17 -0.12 -34 745 746
672 11 0 1 0 2 31 16 13 20 27 15 16 -0.108827 -70 747 748
673 11 1 0 7 1 4 7 0 0 0 511 
674 11 1 0 3 1 4 0 1 2 0 512 
675 11 1 0 62 1 4 0 62 0 0 514 
676 11 1 0 2 1 4 0 1 1 0 515 
677 11 1 0 9 1 4 0 0 9 0 517 
678 11 1 0 2 1 4 0 0 0 2 518 
679 11 0 1 0 30 13 17 17 0 16 17 18 -0.0959894 -2 749 750
680 11 0 1 0 23 34 12 14 15 17 20 16 -0.104497 44 751 752
681 11 0 1 0 24 17 16 17 23 18 18 20 -0.0402238 5 753 754
682 11 0 1 0 1 28 15 13 14 1 12 12 -0.217412 34 755 756
683 12 0 1 0 20 7 13 15 12 33 13 16 -0.0460144 -8 757 758
684 12 0 1 0 33 4 15 13 29 29 12 12 -0.247475 -21 759 760
685 12 1 0 2 1 4 0 0 1 1 22 
686 12 1 0 9 1 4 6 3 0 0 23 
687 12 1 0 2 1 4 1 0 1 0 24 
688 12 1 0 44 1 4 0 0 0 44 25 
689 12 1 0 2 1 4 1 0 1 0 56 
690 12 1 0 34 1 4 0 0 34 0 57 
691 12 0 1 0 1 22 17 13 13 7 17 17 -0.016129 44 761 762
692 12 1 0 4 1 4 1 2 1 0 67 
693 12 1 0 8 1 4 7 0 0 1 104 
694 12 1 0 129 1 4 129 0 0 0 105 
695 12 1 0 7 1 4 6 1 0 0 130 
696 12 0 1 0 22 29 14 14 8 6 17 18 -0.0277778 12 763 764
697 12 1 0 51 1 4 0 51 0 0 135 
698 12 1 0 3 1 4 2 1 0 0 136 
699 12 0 1 0 14 18 13 12 11 11 20 13 -0.0107933 -10 765 766
700 12 1 0 6 1 4 2 4 0 0 201 
701 12 1 0 2 1 4 2 0 0 0 211 
702 12 1 0 48 1 4 0 48 0 0 212 
703 12 1 0 4 1 4 2 0 0 2 217 
704 12 0 1 0 13 10 20 16 13 27 20 13 -0.0868022 -29 767 768
705 12 0 1 0 10 10 20 13 10 1 13 13 -0 42 769 770
706 12 0 1 0 6 27 19 13 6 27 14 16 -0 -9 771 772
707 12 1 0 2 1 4 1 1 0 0 235 
708 12 1 0 15 1 4 0 15 0 0 236 
709 12 0 1 0 27 19 18 17 23 27 12 20 -0.306905 -21 773 774
710 12 0 1 0 25 15 18 15 23 6 14 17 -0 2 775 776
711 12 1 0 2 1 4 0 0 0 2 244 
712 12 0 1 0 24 22 20 13 8 3 18 16 -0.0822134 10 777 778
713 12 0 1 0 16 27 20 13 22 35 12 12 -0 -14 779 780
714 12 0 1 0 24 30 15 14 22 22 18 14 -0.0654762 -5 781 782
715 12 1 0 10 1 4 10 0 0 0 259 
716 12 1 0 2 1 4 0 2 0 0 260 
717 12 0 1 0 24 26 18 19 22 14 19 18 -0.0585522 0 783 784
718 12 1 0 4 1 4 0 0 1 3 278 
719 12 1 0 2 1 4 0 0 0 2 298 
720 12 0 1 0 31 5 14 14 6 26 16 19 -0 -96 785 786
721 12 0 1 0 29 26 20 12 32 34 12 13 -0.0172568 9 787 788
722 12 1 0 4 1 4 2 0 1 1 317 
723 12 0 1 0 23 35 12 13 10 24 19 20 -0.00694341 50 789 790
724 12 1 0 2 1 4 0 2 0 0 326 
725 12 1 0 63 1 4 0 63 0 0 341 
726 12 1 0 3 1 4 3 0 0 0 342 
727 12 0 1 0 25 20 18 17 7 16 19 12 -0.0263158 48 791 792
728 12 0 1 0 8 35 12 18 17 9 14 16 -0.0976834 36 793 794
729 12 0 1 0 3 5 18 15 4 7 17 14 -0 -3 795 796
730 12 0 1 0 25 5 12 16 6 19 19 13 -0.0192308 -65 797 798
731 12 1 0 8 1 4 0 0 0 8 433 
732 12 1 0 8 1 4 0 1 7 0 434 
733 12 0 1 0 0 29 12 12 5 28 12 14 -0.117647 5 799 800
734 12 0 1 0 32 25 18 15 19 1 15 16 -0.125506 -13 801 802
735 12 1 0 2 1 4 1 1 0 0 451 
736 12 0 1 0 27 25 20 17 5 22 16 14 -0 83 803 804
737 12 0 1 0 16 9 16 14 3 26 13 19 -0.00438596 -35 805 806
738 12 1 0 2 1 4 0 1 0 1 456 
739 12 1 0 3 1 4 0 0 2 1 466 
740 12 0 1 0 19 30 17 16 6 8 14 17 -0.101223 31 807 808
741 12 1 0 5 1 4 0 0 2 3 472 
742 12 0 1 0 31 32 15 12 11 27 19 20 -0.113112 -33 809 810
743 12 1 0 31 1 4 0 0 0 31 487 
744 12 1 0 5 1 4 0 0 4 1 488 
745 12 1 0 5 1 4 0 3 2 0 490 
746 12 1 0 5 1 4 5 0 0 0 491 
747 12 1 0 10 1 4 0 10 0 0 492 
748 12 0 1 0 28 27 19 12 21 29 13 14 -0.0972429 53 811 812
749 12 0 1 0 23 24 16 14 28 18 20 17 -0.030609 15 813 814
750 12 1 0 9 1 4 7 2 0 0 525 
751 12 0 1 0 18 27 13 17 23 26 18 12 -0.0222222 -1 815 816
752 12 1 0 6 1 4 0 5 1 0 528 
753 12 0 1 0 20 23 20 15 30 21 13 13 -0.0353449 19 817 818
754 12 1 0 2 1 4 0 0 1 1 547 
755 12 0 1 0 0 21 19 13 13 1 13 20 -0.0606061 0 819 820
756 12 1 0 9 1 4 0 1 6 2 552 
757 13 0 1 0 7 17 14 20 6 10 13 19 -0.0281752 -8 821 822
758 13 0 1 0 32 34 13 14 32 28 17 12 -0.153191 6 823 824
759 13 1 0 9 1 4 0 0 4 5 20 
760 13 1 0 2 1 4 1 1 0 0 21 
761 13 1 0 29 1 4 29 0 0 0 65 
762 13 1 0 2 1 4 1 1 0 0 66 
763 13 1 0 2 1 4 0 1 1 0 131 
764 13 1 0 16 1 4 0 16 0 0 132 
765 13 1 0 2 1 4 0 1 1 0 197 
766 13 0 1 0 12 21 15 13 16 6 17 19 -0.00655954 -83 825 826
767 13 1 0 3 1 4 0 2 0 1 218 
768 13 0 1 0 10 30 17 13 10 30 13 14 -0.0599684 -8 827 828
769 13 1 0 11 1 4 0 11 0 0 230 
770 13 1 0 2 1 4 2 0 0 0 231 
771 13 1 0 2 1 4 0 2 0 0 232 
772 13 1 0 75 1 4 75 0 0 0 233 
773 13 1 0 11 1 4 0 11 0 0 239 
774 13 0 1 0 27 31 16 20 31 26 17 12 -0.130435 15 829 830
775 13 1 0 5 1 4 5 0 0 0 242 
776 13 1 0 6 1 4 0 6 0 0 243 
777 13 1 0 2 1 4 0 0 0 2 245 
778 13 0 1 0 2 3 20 14 0 3 17 13 -0.0670479 0 831 832
779 13 1 0 5 1 4 0 5 0 0 254 
780 13 1 0 35 1 4 35 0 0 0 255 
781 13 1 0 2 1 4 0 0 0 2 256 
782 13 0 1 0 6 29 18 14 17 18 19 12 -0.0416667 -76 833 834
783 13 1 0 2 1 4 0 0 0 2 261 
784 13 0 1 0 8 25 18 18 14 25 19 15 -0.0529346 -6 835 836
785 13 1 0 12 1 4 12 0 0 0 299 
786 13 1 0 3 1 4 0 3 0 0 300 
787 13 0 1 0 4 16 17 13 1 0 14 15 -0.0119127 68 837 838
788 13 0 1 0 14 25 18 19 3 26 13 12 -0.290909 40 839 840
789 13 0 1 0 26 16 18 19 3 1 12 18 -0.0035461 -14 841 842
790 13 1 0 2 1 4 0 2 0 0 325 
791 13 1 0 2 1 4 0 1 1 0 368 
792 13 1 0 17 1 4 0 17 0 0 369 
793 13 1 0 3 1 4 3 0 0 0 370 
794 13 0 1 0 28 6 20 14 0 31 16 13 -0.0920705 14 843 844
795 13 1 0 3 1 4 0 0 0 3 429 
796 13 1 0 13 1 4 0 0 13 0 430 
797 13 1 0 2 1 4 0 0 1 1 431 
798 13 1 0 24 1 4 0 0 0 24 432 
799 13 0 1 0 30 8 16 12 0 12 14 17 -0.0948718 -44 845 846
800 13 1 0 2 1 4 0 2 0 0 438 
801 13 1 0 2 1 4 0 0 0 2 439 
802 13 0 1 0 19 2 17 14 0 12 17 20 -0.0832733 18 847 848
803 13 1 0 5 1 4 0 0 5 0 452 
804 13 1 0 6 1 4 0 0 0 6 453 
805 13 1 0 2 1 4 0 0 1 1 454 
806 13 1 0 112 1 4 0 0 0 112 455 
807 13 1 0 5 1 4 5 0 0 0 467 
808 13 0 1 0 6 28 17 14 1 14 17 19 -0.0848997 47 849 850
809 13 0 1 0 26 18 19 15 34 32 15 12 -0.0285714 -7 851 852
810 13 0 1 0 30 27 14 13 31 2 12 12 -0.0305603 125 853 854
811 13 0 1 0 0 22 20 16 3 19 13 20 -0.0861778 -14 855 856
812 13 1 0 9 1 4 0 8 1 0 510 
813 13 1 0 2 1 4 0 0 1 1 522 
814 13 0 1 0 16 29 17 18 31 29 18 14 -0.00854701 5 857 858
815 13 1 0 5 1 4 1 4 0 0 526 
816 13 1 0 31 1 4 31 0 0 0 527 
817 13 1 0 7 1 4 5 2 0 0 529 
818 13 0 1 0 9 4 12 18 16 26 16 15 -0.028174 -15 859 860
819 13 1 0 5 1 4 0 0 5 0 548 
820 13 0 1 0 17 9 19 17 31 15 20 12 -0.0521978 24 861 862
821 14 1 0 4 1 4 0 2 0 2 6 
822 14 0 1 0 12 0 19 20 12 3 13 16 -0.0238829 -19 863 864
823 14 1 0 42 1 4 0 0 0 42 18 
824 14 1 0 5 1 4 4 0 0 1 19 
825 14 1 0 2 1 4 1 1 0 0 198 
826 14 0 1 0 5 8 18 12 1 8 19 16 -0.00294985 0 865 866
827 14 1 0 2 1 4 0 1 0 1 219 
828 14 0 1 0 0 0 15 18 14 26 14 20 -0.0341772 -121 867 868
829 14 1 0 4 1 4 0 3 0 1 240 
830 14 1 0 19 1 4 0 0 0 19 241 
831 14 1 0 9 1 4 0 6 0 3 246 
832 14 0 1 0 5 31 14 13 22 29 17 12 -0.0259391 -39 869 870
833 14 1 0 2 1 4 1 1 0 0 257 
834 14 1 0 10 1 4 0 10 0 0 258 
835 14 0 1 0 8 29 12 17 12 8 20 13 -0.0502152 12 871 872
836 14 1 0 6 1 4 6 0 0 0 277 
837 14 0 1 0 15 26 18 17 24 33 14 16 -0.0097167 -52 873 874
838 14 1 0 5 1 4 2 2 1 0 314 
839 14 1 0 6 1 4 6 0 0 0 315 
840 14 1 0 5 1 4 0 4 0 1 316 
841 14 1 0 2 1 4 1 1 0 0 323 
842 14 1 0 139 1 4 139 0 0 0 324 
843 14 0 1 0 17 17 14 16 21 14 17 13 -0.0830019 -10 875 876
844 14 0 1 0 18 10 19 12 33 25 12 14 -0.090873 -61 877 878
845 14 1 0 2 1 4 0 1 1 0 435 
846 14 0 1 0 0 29 12 12 5 28 12 14 -0.0384615 -46 879 880
847 14 0 1 0 9 28 18 18 12 30 16 13 -0.0564061 -1 881 882
848 14 1 0 3 1 4 3 0 0 0 444 
849 14 0 1 0 18 22 17 20 21 26 20 13 -0.0303707 -15 883 884
850 14 1 0 7 1 4 3 4 0 0 471 
851 14 1 0 5 1 4 4 1 0 0 473 
852 14 1 0 23 1 4 0 23 0 0 474 
853 14 0 1 0 6 19 13 13 6 34 13 14 -0.00806452 7 885 886
854 14 1 0 2 1 4 0 0 2 0 477 
855 14 1 0 3 1 4 1 2 0 0 493 
856 14 0 1 0 12 11 13 16 32 31 12 14 -0.076103 -7 887 888
857 14 1 0 3 1 4 2 1 0 0 523 
858 14 1 0 75 1 4 0 75 0 0 524 
859 14 0 1 0 7 31 15 12 4 24 18 20 -0.0237707 13 889 890
860 14 1 0 2 1 4 0 0 1 1 546 
861 14 0 1 0 33 18 20 12 27 17 16 13 -0.0192308 21 891 892
862 14 1 0 2 1 4 1 1 0 0 551 
863 15 1 0 2 1 4 1 0 0 1 7 
864 15 0 1 0 16 4 19 17 2 14 12 14 -0.0205716 -17 893 894
865 15 1 0 3 1 4 1 2 0 0 199 
866 15 1 0 223 1 4 0 223 0 0 200 
867 15 1 0 2 1 4 0 1 0 1 220 
868 15 0 1 0 22 6 20 12 28 19 12 14 -0.0150508 -16 895 896
869 15 0 1 0 22 14 13 17 8 24 13 20 -0.0125872 -39 897 898
870 15 1 0 6 1 4 4 2 0 0 250 
871 15 0 1 0 6 35 12 16 12 27 19 20 -0.0344193 -12 899 900
872 15 0 1 0 20 12 12 18 23 11 19 16 -0.152381 6 901 902
873 15 1 0 2 1 4 0 2 0 0 301 
874 15 0 1 0 28 29 14 17 33 32 14 14 -0.00833322 13 903 904
875 15 0 1 0 21 29 18 18 16 13 19 12 -0.225155 72 905 906
876 15 0 1 0 28 19 18 15 23 21 13 19 -0.071087 -23 907 908
877 15 0 1 0 3 35 12 13 25 13 16 20 -0 -17 909 910
878 15 0 1 0 27 17 19 20 20 1 13 12 -0.0277778 79 911 912
879 15 1 0 2 1 4 0 0 1 1 436 
880 15 1 0 11 1 4 0 0 11 0 437 
881 15 1 0 56 1 4 0 56 0 0 440 
882 15 0 1 0 16 19 19 12 11 18 13 19 -0.0534759 21 913 914
883 15 0 1 0 20 5 12 13 28 13 20 16 -0.00943396 11 915 916
884 15 1 0 4 1 4 0 1 3 0 470 
885 15 1 0 89 1 4 89 0 0 0 475 
886 15 1 0 4 1 4 1 3 0 0 476 
887 15 0 1 0 16 19 13 20 23 14 17 15 -0.0514363 -8 917 918
888 15 0 1 0 12 31 14 15 6 25 19 20 -0.0792642 1 919 920
889 15 0 1 0 3 29 16 14 1 29 16 18 -0.0174463 11 921 922
890 15 1 0 3 1 4 0 1 1 1 545 
891 15 1 0 24 1 4 0 24 0 0 549 
892 15 1 0 2 1 4 0 1 1 0 550 
893 16 1 0 2 1 4 0 1 0 1 8 
894 16 0 1 0 19 12 16 13 11 31 14 15 -0.0188081 23 923 924
895 16 1 0 3 1 4 0 2 1 0 221 
896 16 0 1 0 19 18 16 16 19 17 12 14 -0.00806362 13 925 926
897 16 1 0 2 1 4 0 1 0 1 247 
898 16 0 1 0 5 23 19 19 17 30 16 18 -0.00282486 -33 927 928
899 16 0 1 0 8 29 12 14 14 31 16 17 -0.0252944 -16 929 930
900 16 0 1 0 32 32 14 14 29 26 13 13 -0.109259 13 931 932
901 16 1 0 16 1 4 0 16 0 0 275 
902 16 1 0 5 1 4 0 1 0 4 276 
903 16 0 1 0 2 29 17 15 2 28 14 17 -0.00459467 23 933 934
904 16 0 1 0 7 23 14 13 5 13 18 17 -0.0346154 3 935 936
905 16 0 1 0 11 22 16 20 24 12 15 12 -0 -8 937 938
906 16 1 0 7 1 4 0 0 5 2 373 
907 16 1 0 8 1 4 3 3 2 0 374 
908 16 0 1 0 1 29 18 18 4 25 15 18 -0.0655311 -27 939 940
909 16 1 0 2 1 4 0 0 0 2 425 
910 16 1 0 8 1 4 0 0 8 0 426 
911 16 1 0 16 1 4 0 0 0 16 427 
912 16 1 0 2 1 4 0 0 1 1 428 
913 16 0 1 0 9 29 13 12 4 22 12 15 -0.0454545 11 941 942
914 16 1 0 6 1 4 0 0 6 0 443 
915 16 1 0 51 1 4 0 51 0 0 468 
916 16 1 0 2 1 4 0 1 1 0 469 
917 16 1 0 3 1 4 1 1 1 0 494 
918 16 0 1 0 25 7 15 20 13 2 15 18 -0.0402249 -5 943 944
919 16 0 1 0 27 29 18 16 14 30 17 17 -0.0384615 -7 945 946
920 16 0 1 0 13 2 17 13 4 13 18 17 -0.05 -14 947 948
921 16 0 1 0 5 32 14 14 2 23 18 20 -0.0147615 8 949 950
922 16 1 0 3 1 4 0 0 3 0 544 
923 17 0 1 0 3 25 20 14 6 25 16 14 -0.0145458 7 951 952
924 17 1 0 6 1 4 1 0 0 5 17 
925 17 0 1 0 13 8 20 18 21 28 17 13 -0.00673185 -38 953 954
926 17 1 0 2 1 4 0 2 0 0 225 
927 17 1 0 233 1 4 0 233 0 0 248 
928 17 1 0 3 1 4 1 2 0 0 249 
929 17 0 1 0 9 27 13 18 17 28 15 18 -0.0189676 -8 955 956
930 17 1 0 4 1 4 0 2 0 2 271 
931 17 0 1 0 31 31 16 16 10 9 17 20 -0 -2 957 958
932 17 1 0 9 1 4 8 1 0 0 274 
933 17 0 1 0 1 30 12 18 3 15 15 13 -0.00285011 -18 959 960
934 17 0 1 0 23 19 18 18 29 25 20 15 -0 0 961 962
935 17 0 1 0 7 26 17 18 5 34 12 18 -0.05 -10 963 964
936 17 1 0 16 1 4 16 0 0 0 313 
937 17 1 0 6 1 4 6 0 0 0 371 
938 17 1 0 10 1 4 0 10 0 0 372 
939 17 0 1 0 10 20 20 15 20 9 13 16 -0.05 81 965 966
940 17 0 1 0 29 32 15 15 27 30 13 19 -0.0608443 -3 967 968
941 17 1 0 2 1 4 0 1 1 0 441 
942 17 1 0 9 1 4 0 9 0 0 442 
943 17 1 0 5 1 4 0 0 1 4 495 
944 17 0 1 0 17 35 12 14 1 27 12 20 -0.0331296 54 969 970
945 17 1 0 2 1 4 0 0 1 1 506 
946 17 1 0 11 1 4 0 0 11 0 507 
947 17 1 0 2 1 4 1 1 0 0 508 
948 17 1 0 8 1 4 0 8 0 0 509 
949 17 0 1 0 34 32 14 13 27 21 14 16 -0.0125156 74 971 972
950 17 1 0 4 1 4 3 1 0 0 543 
951 18 0 1 0 2 7 16 12 17 27 16 19 -0.00505685 1 973 974
952 18 0 1 0 15 20 15 17 27 5 17 17 -0.0181624 47 975 976
953 18 0 1 0 33 6 14 13 23 13 14 14 -0.0441176 -36 977 978
954 18 1 0 350 1 4 350 0 0 0 224 
955 18 0 1 0 5 28 18 18 12 4 18 13 -0.0112327 24 979 980
956 18 1 0 7 1 4 0 5 0 2 270 
957 18 1 0 13 1 4 0 13 0 0 272 
958 18 1 0 2 1 4 2 0 0 0 273 
959 18 1 0 4 1 4 2 2 0 0 302 
960 18 0 1 0 2 31 15 14 2 29 12 12 -0.00214228 53 981 982
961 18 1 0 5 1 4 0 5 0 0 309 
962 18 1 0 6 1 4 6 0 0 0 310 
963 18 1 0 8 1 4 0 8 0 0 311 
964 18 1 0 2 1 4 1 1 0 0 312 
965 18 1 0 2 1 4 0 1 1 0 375 
966 18 1 0 8 1 4 0 8 0 0 376 
967 18 0 1 0 2 30 16 12 6 32 14 20 -0.036 -24 983 984
968 18 0 1 0 6 26 19 15 25 10 13 15 -0.0553029 4 985 986
969 18 0 1 0 28 25 17 17 28 24 20 16 -0.0121119 -10 987 988
970 18 0 1 0 17 29 15 16 15 25 18 17 -0.146154 11 989 990
971 18 0 1 0 7 9 14 19 15 25 16 13 -0.00840362 -127 991 992
972 18 0 1 0 12 1 19 18 9 10 15 12 -0 -57 993 994
973 19 0 1 0 29 19 20 15 26 27 16 19 -0.00465506 -9 995 996
974 19 1 0 2 1 4 0 0 1 1 13 
975 19 0 1 0 16 32 14 12 20 9 19 16 -0.00961538 -4 997 998
976 19 1 0 2 1 4 2 0 0 0 16 
977 19 1 0 13 1 4 13 0 0 0 222 
978 19 1 0 4 1 4 1 3 0 0 223 
979 19 0 1 0 27 30 15 20 35 25 14 12 -0.00943167 6 999 1000
980 19 1 0 2 1 4 2 0 0 0 269 
981 19 0 1 0 35 32 15 12 24 24 13 19 -0.00166859 -15 1001 1002
982 19 1 0 2 1 4 1 1 0 0 308 
983 19 1 0 15 1 4 0 0 0 15 377 
984 19 0 1 0 15 3 16 14 29 18 16 14 -0.05 -5 1003 1004
985 19 1 0 2 1 4 2 0 0 0 380 
986 19 0 1 0 20 20 16 12 17 26 20 14 -0.0517233 4 1005 1006
987 19 1 0 2 1 4 0 2 0 0 496 
988 19 0 1 0 22 9 20 16 30 14 19 14 -0.0109063 20 1007 1008
989 19 1 0 6 1 4 0 0 0 6 502 
990 19 0 1 0 28 21 17 18 30 28 19 15 -0.084375 -16 1009 1010
991 19 1 0 2 1 4 1 1 0 0 530 
992 19 0 1 0 17 21 13 12 18 15 15 20 -0.00713689 86 1011 1012
993 19 1 0 4 1 4 4 0 0 0 541 
994 19 1 0 10 1 4 0 10 0 0 542 
995 20 0 1 0 1 3 12 13 16 24 17 13 -0.0985222 -89 1013 1014
996 20 0 1 0 24 34 12 20 18 27 20 18 -0.00027533 -6 1015 1016
997 20 1 0 2 1 4 0 0 1 1 14 
998 20 1 0 50 1 4 0 0 0 50 15 
999 20 1 0 5 1 4 3 2 0 0 262 
1000 20 0 1 0 16 7 19 19 16 8 15 18 -0.00756014 -9 1017 1018
1001 20 1 0 2 1 4 1 1 0 0 303 
1002 20 0 1 0 23 3 15 15 20 7 12 20 -0.00119354 16 1019 1020
1003 20 1 0 8 1 4 0 0 8 0 378 
1004 20 1 0 2 1 4 0 0 1 1 379 
1005 20 0 1 0 20 15 16 17 24 26 12 17 -0.0470793 3 1021 1022
1006 20 1 0 2 1 4 2 0 0 0 424 
1007 20 0 1 0 6 32 15 13 11 17 16 12 -0.00734662 -3 1023 1024
1008 20 1 0 2 1 4 0 0 1 1 501 
1009 20 0 1 0 18 10 18 20 3 13 20 15 -0.03125 -8 1025 1026
1010 20 1 0 4 1 4 0 0 1 3 505 
1011 20 0 1 0 18 6 19 12 16 29 18 19 -0.0058602 -14 1027 1028
1012 20 1 0 2 1 4 1 1 0 0 540 
1013 21 1 0 51 1 4 0 0 0 51 9 
1014 21 1 0 7 1 4 0 2 0 5 10 
1015 21 1 0 1814 1 4 0 0 0 1814 11 
1016 21 1 0 2 1 4 0 0 1 1 12 
1017 21 1 0 6 1 4 2 4 0 0 263 
1018 21 0 1 0 24 27 17 13 21 5 15 20 -0.00570432 25 1029 1030
1019 21 0 1 0 3 0 17 17 13 4 16 18 -0.000836691 -3 1031 1032
1020 21 1 0 2 1 4 1 1 0 0 307 
1021 21 0 1 0 1 32 15 12 11 33 14 14 -0.0447216 -91 1033 1034
1022 21 0 1 0 27 17 19 20 20 1 13 12 -0 -6 1035 1036
1023 21 1 0 4 1 4 0 2 2 0 497 
1024 21 0 1 0 25 20 12 17 22 26 13 18 -0.00406046 4 1037 1038
1025 21 1 0 2 1 4 0 1 1 0 503 
1026 21 1 0 14 1 4 0 0 14 0 504 
1027 21 0 1 0 23 23 18 15 22 18 19 15 -0.00457345 -2 1039 1040
1028 21 1 0 2 1 4 1 1 0 0 539 
1029 22 1 0 2 1 4 1 1 0 0 264 
1030 22 0 1 0 21 9 19 19 33 13 15 12 -0.00467342 -11 1041 1042
1031 22 0 1 0 28 20 16 12 31 8 12 15 -0.000399297 100 1043 1044
1032 22 1 0 4 1 4 3 1 0 0 306 
1033 22 0 1 0 11 25 14 20 18 26 16 20 -0.0555556 -17 1045 1046
1034 22 0 1 0 26 31 13 14 29 32 14 12 -0.0407204 9 1047 1048
1035 22 1 0 2 1 4 0 0 2 0 422 
1036 22 1 0 12 1 4 0 0 0 12 423 
1037 22 1 0 392 1 4 0 0 392 0 498 
1038 22 0 1 0 1 31 14 13 18 7 13 12 -0 4 1049 1050
1039 22 1 0 2 1 4 1 1 0 0 531 
1040 22 0 1 0 17 14 15 13 23 14 20 14 -0.00379382 -7 1051 1052
1041 23 1 0 2 1 4 1 1 0 0 265 
1042 23 0 1 0 28 14 18 18 30 23 18 15 -0.00386905 -2 1053 1054
1043 23 1 0 2081 1 4 2081 0 0 0 304 
1044 23 1 0 6 1 4 5 1 0 0 305 
1045 23 1 0 9 1 4 0 0 8 1 381 
1046 23 1 0 7 1 4 0 0 0 7 382 
1047 23 0 1 0 22 25 20 20 4 27 14 16 -0.0350259 95 1055 1056
1048 23 0 1 0 12 5 16 18 9 9 12 14 -0.147894 -1 1057 1058
1049 23 1 0 2 1 4 0 2 0 0 499 
1050 23 1 0 9 1 4 0 0 9 0 500 
1051 23 0 1 0 19 30 16 17 10 6 16 18 -0.05 67 1059 1060
1052 23 0 1 0 25 28 17 13 23 30 15 20 -0.00259386 -1 1061 1062
1053 24 1 0 946 1 4 0 946 0 0 266 
1054 24 0 1 0 33 29 14 13 31 22 20 13 -0.142857 -1 1063 1064
1055 24 0 1 0 31 19 15 13 23 11 18 18 -0.0330642 -23 1065 1066
1056 24 1 0 9 1 4 0 0 4 5 416 
1057 24 0 1 0 3 2 14 17 4 22 17 13 -0.0357143 -69 1067 1068
1058 24 0 1 0 27 9 13 14 5 10 16 20 -0.075 8 1069 1070
1059 24 1 0 2 1 4 0 1 1 0 532 
1060 24 1 0 8 1 4 0 8 0 0 533 
1061 24 0 1 0 13 2 16 19 24 7 19 15 -0.0227273 4 1071 1072
1062 24 0 1 0 30 25 15 13 29 23 18 18 -0.00132999 -2 1073 1074
1063 25 1 0 12 1 4 0 12 0 0 267 
1064 25 1 0 2 1 4 0 1 0 1 268 
1065 25 1 0 4 1 4 0 0 1 3 383 
1066 25 0 1 0 26 3 20 12 10 8 18 12 -0.0313845 55 1075 1076
1067 25 1 0 2 1 4 0 1 1 0 417 
1068 25 1 0 12 1 4 0 12 0 0 418 
1069 25 0 1 0 27 9 13 14 5 10 16 20 -0.05 -6 1077 1078
1070 25 1 0 2 1 4 0 0 0 2 421 
1071 25 1 0 20 1 4 0 20 0 0 534 
1072 25 1 0 2 1 4 1 1 0 0 535 
1073 25 0 1 0 0 33 14 18 8 10 13 18 -0.0185185 0 1079 1080
1074 25 1 0 695 1 4 0 695 0 0 538 
1075 26 0 1 0 7 10 15 13 2 27 19 16 -0.029446 -9 1081 1082
1076 26 1 0 3 1 4 1 1 1 0 415 
1077 26 1 0 2 1 4 0 1 1 0 419 
1078 26 1 0 8 1 4 0 0 8 0 420 
1079 26 1 0 33 1 4 0 33 0 0 536 
1080 26 1 0 3 1 4 1 2 0 0 537 
1081 27 0 1 0 24 19 12 20 28 12 19 13 -0.028123 -5 1083 1084
1082 27 1 0 4 1 4 0 3 1 0 414 
1083 28 0 1 0 17 1 15 13 3 1 17 17 -0 0 1085 1086
1084 28 0 1 0 7 29 16 19 14 33 14 13 -0.0254425 -45 1087 1088
1085 29 1 0 6 1 4 0 0 0 6 384 
1086 29 1 0 11 1 4 0 0 11 0 385 
1087 29 0 1 0 20 19 15 20 16 2 13 13 -0.0380435 12 1089 1090
1088 29 0 1 0 28 34 13 15 17 31 16 19 -0.0222833 -21 1091 1092
1089 30 1 0 8 1 4 0 0 1 7 386 
1090 30 1 0 15 1 4 0 0 15 0 387 
1091 30 0 1 0 31 3 17 16 20 8 15 18 -0.13838 7 1093 1094
1092 30 0 1 0 20 17 18 12 21 27 20 19 -0.0148416 5 1095 1096
1093 31 0 1 0 4 29 16 15 5 23 15 19 -0.0876632 1 1097 1098
1094 31 1 0 7 1 4 0 7 0 0 393 
1095 31 0 1 0 2 35 12 20 14 26 12 12 -0.0138534 -36 1099 1100
1096 31 1 0 2 1 4 0 0 0 2 413 
1097 32 1 0 2 1 4 1 1 0 0 388 
1098 32 0 1 0 12 34 12 16 6 35 12 14 -0.0338983 -5 1101 1102
1099 32 1 0 2 1 4 0 0 0 2 394 
1100 32 0 1 0 2 33 12 15 29 7 15 15 -0.012885 172 1103 1104
1101 33 1 0 3 1 4 0 3 0 0 389 
1102 33 0 1 0 10 16 15 17 11 31 16 18 -0.026455 -53 1105 1106
1103 33 0 1 0 28 26 20 18 19 14 19 18 -0.0125677 9 1107 1108
1104 33 1 0 2 1 4 0 2 0 0 412 
1105 34 0 1 0 8 22 19 16 17 22 14 12 -0.00925926 -22 1109 1110
1106 34 1 0 2 1 4 0 1 1 0 392 
1107 34 0 1 0 3 35 12 17 17 7 16 12 -0 54 1111 1112
1108 34 0 1 0 26 17 14 13 28 23 18 16 -0.00878599 6 1113 1114
1109 35 1 0 2 1 4 0 0 1 1 390 
1110 35 1 0 52 1 4 0 0 52 0 391 
1111 35 1 0 2 1 4 2 0 0 0 395 
1112 35 1 0 21 1 4 0 0 21 0 396 
1113 35 0 1 0 20 12 18 18 12 12 15 17 -0.00828775 -36 1115 1116
1114 35 1 0 2 1 4 0 0 1 1 411 
1115 36 1 0 2 1 4 0 0 1 1 397 
1116 36 0 1 0 17 16 20 17 22 18 20 20 -0.00778799 27 1117 1118
1117 37 0 1 0 19 14 14 18 7 31 16 13 -0.0072867 -17 1119 1120
1118 37 1 0 2 1 4 0 0 1 1 410 
1119 38 0 1 0 0 14 19 14 8 3 15 19 -0.00679408 -15 1121 1122
1120 38 1 0 2 1 4 0 0 1 1 409 
1121 39 1 0 2 1 4 0 1 1 0 398 
1122 39 0 1 0 8 26 19 12 34 25 17 13 -0.00626767 88 1123 1124
1123 40 0 1 0 12 32 15 15 21 13 18 13 -0.00523358 19 1125 1126
1124 40 1 0 7 1 4 0 2 5 0 408 
1125 41 1 0 6 1 4 1 0 5 0 399 
1126 41 0 1 0 24 22 16 16 29 26 20 16 -0.00338683 12 1127 1128
1127 42 0 1 0 6 20 12 13 10 12 14 12 -0.0027995 -17 1129 1130
1128 42 1 0 3 1 4 0 1 2 0 407 
1129 43 1 0 2 1 4 0 1 1 0 400 
1130 43 0 1 0 6 16 15 18 4 19 16 20 -0.00229371 3 1131 1132
1131 44 0 1 0 30 32 14 16 8 23 16 14 -0.0019395 -23 1133 1134
1132 44 1 0 2 1 4 0 1 1 0 406 
1133 45 1 0 5 1 4 0 1 4 0 401 
1134 45 0 1 0 19 13 13 19 12 3 20 15 -0.00148387 -8 1135 1136
1135 46 0 1 0 26 26 18 13 30 30 16 16 -0.0166667 3 1137 1138
1136 46 0 1 0 34 27 14 12 31 15 16 16 -0.000348311 -4 1139 1140
1137 47 1 0 37 1 4 0 0 37 0 402 
1138 47 1 0 3 1 4 0 2 1 0 403 
1139 47 1 0 3 1 4 0 0 2 1 404 
1140 47 1 0 1911 1 4 0 0 1911 0 405 
