-2147483648 -2147483648 data/trees_headpose/tree_005.txt
100 10 5000 30 30000 1 48 1 data/trees_headpose ./data/Cropped_HBO_Data_4view.txt
1 0
0 0 0 1 0 29 35 12 14 25 19 16 18 -0.987031 0 1 2
1 1 0 1 0 11 31 15 14 17 11 17 14 -0.643955 0 3 4
2 1 0 1 0 9 18 14 13 12 13 14 13 -0.727235 -6 5 6
3 2 0 1 0 12 2 15 14 9 33 12 12 -1.36985 -19 7 8
4 2 0 1 0 27 29 12 14 26 20 16 14 -0.37726 -4 9 10
5 2 0 1 0 0 34 12 13 1 26 17 16 -0.541091 3 11 12
6 2 0 1 0 1 27 16 13 4 14 13 17 -0.61202 -7 13 14
7 3 0 1 0 35 28 19 12 35 17 16 12 -1.42334 8 15 16
8 3 0 1 0 27 25 14 12 18 12 19 16 -0.802951 27 17 18
9 3 0 1 0 6 27 19 13 0 29 16 19 -0.197561 -2 19 20
10 3 0 1 0 12 6 16 12 2 32 15 17 -0.724014 -10 21 22
11 3 0 1 0 34 30 17 12 23 8 12 18 -0.585054 -11 23 24
12 3 0 1 0 13 27 14 17 10 31 15 17 -0.338543 -21 25 26
13 3 0 1 0 20 2 16 17 30 27 17 16 -0.301362 15 27 28
14 3 0 1 0 19 9 20 14 14 29 18 12 -0.593621 -22 29 30
15 4 0 1 0 19 29 15 20 33 28 15 12 -1.23532 78 31 32
16 4 0 1 0 2 33 14 12 21 4 19 15 -0.397727 -45 33 34
17 4 0 1 0 5 12 16 17 9 21 20 14 -0.697928 -21 35 36
18 4 1 0 6 1 4 0 0 0 6 34 
19 4 0 1 0 20 27 18 20 10 24 19 12 -0.231742 -10 37 38
20 4 0 1 0 6 12 15 17 0 15 12 12 -0.152417 -13 39 40
21 4 0 1 0 14 3 13 20 5 12 17 17 -0.533968 29 41 42
22 4 0 1 0 17 11 17 13 18 32 15 18 -0.628991 9 43 44
23 4 0 1 0 2 16 13 18 4 21 17 19 -0.823974 -17 45 46
24 4 0 1 0 2 24 12 13 5 13 14 19 -0.419647 8 47 48
25 4 0 1 0 17 30 13 15 12 31 14 19 -0.58906 -11 49 50
26 4 0 1 0 26 24 14 18 35 33 14 12 -0.263311 2 51 52
27 4 0 1 0 15 23 18 20 21 9 12 12 -0.26473 7 53 54
28 4 0 1 0 4 26 15 14 1 11 14 14 -0.183658 17 55 56
29 4 0 1 0 29 27 15 12 19 7 19 20 -0.388893 -8 57 58
30 4 0 1 0 14 7 17 12 11 8 20 13 -0.774819 6 59 60
31 5 0 1 0 17 9 13 17 1 34 13 12 -0.89837 34 61 62
32 5 0 1 0 0 32 13 12 13 2 14 17 -0.89011 -35 63 64
33 5 0 1 0 25 30 16 16 24 17 12 15 -0 -6 65 66
34 5 0 1 0 6 7 14 17 20 11 16 18 -0.0208333 -20 67 68
35 5 0 1 0 31 20 20 13 28 11 17 17 -0.0915033 -7 69 70
36 5 0 1 0 18 14 19 16 24 30 13 15 -0.542594 14 71 72
37 5 0 1 0 18 14 18 18 33 29 16 14 -0.05 56 73 74
38 5 0 1 0 26 23 18 13 25 16 15 17 -0.0229885 7 75 76
39 5 0 1 0 0 5 20 12 13 27 17 12 -0.46875 -24 77 78
40 5 0 1 0 4 22 19 17 3 29 18 12 -0.126581 42 79 80
41 5 0 1 0 8 0 12 15 2 4 13 18 -0.343176 -9 81 82
42 5 0 1 0 14 24 16 19 12 26 17 18 -0.421875 -3 83 84
43 5 0 1 0 23 0 20 12 11 8 15 13 -0.424165 -2 85 86
44 5 1 0 12 1 4 0 0 0 12 97 
45 5 0 1 0 23 9 18 15 26 25 15 17 -0.376864 1 87 88
46 5 0 1 0 11 22 18 13 12 28 15 14 -0.818026 -21 89 90
47 5 0 1 0 12 24 20 12 13 12 12 12 -0.36735 23 91 92
48 5 0 1 0 29 10 12 13 22 18 14 15 -0.203766 3 93 94
49 5 0 1 0 28 17 16 14 29 9 15 18 -0.0214286 -5 95 96
50 5 0 1 0 23 21 14 19 25 17 13 19 -0.509126 0 97 98
51 5 0 1 0 17 5 15 18 26 30 15 12 -0.157772 -96 99 100
52 5 0 1 0 25 31 15 18 12 28 16 13 -0.641854 -37 101 102
53 5 0 1 0 2 9 12 20 27 0 16 16 -0.230523 -1 103 104
54 5 0 1 0 13 7 18 17 7 11 19 15 -0.235717 18 105 106
55 5 1 0 6 1 4 3 3 0 0 357 
56 5 0 1 0 19 27 15 18 0 5 15 17 -0.0869565 120 107 108
57 5 0 1 0 8 26 18 16 2 29 12 14 -0.16004 -4 109 110
58 5 0 1 0 5 16 13 17 33 25 19 13 -0.363523 2 111 112
59 5 0 1 0 17 7 17 20 27 18 17 19 -0.436937 32 113 114
60 5 0 1 0 33 27 18 13 19 1 17 20 -0.64832 -28 115 116
61 6 0 1 0 6 29 17 14 20 11 13 18 -1.024 -3 117 118
62 6 0 1 0 3 33 12 18 19 22 13 16 -0.207705 -108 119 120
63 6 1 0 5 1 4 0 0 0 5 10 
64 6 0 1 0 22 20 13 15 23 29 15 13 -0.273214 1 121 122
65 6 1 0 6 1 4 0 0 0 6 14 
66 6 1 0 6 1 4 0 6 0 0 15 
67 6 1 0 29 1 4 29 0 0 0 16 
68 6 1 0 3 1 4 0 2 1 0 17 
69 6 1 0 8 1 4 0 0 0 8 18 
70 6 1 0 9 1 4 2 7 0 0 19 
71 6 0 1 0 26 6 16 18 28 30 13 16 -0.452774 9 123 124
72 6 0 1 0 15 11 18 15 18 28 18 14 -0.42712 44 125 126
73 6 1 0 2 1 4 0 0 1 1 35 
74 6 1 0 8 1 4 0 0 0 8 36 
75 6 1 0 26 1 4 26 0 0 0 37 
76 6 1 0 3 1 4 0 1 2 0 38 
77 6 1 0 8 1 4 0 1 2 5 39 
78 6 1 0 8 1 4 7 0 1 0 40 
79 6 0 1 0 32 10 13 13 14 34 13 12 -0.118175 26 127 128
80 6 1 0 4 1 4 3 1 0 0 66 
81 6 0 1 0 18 21 19 17 17 31 13 20 -0.314141 -3 129 130
82 6 0 1 0 5 30 17 15 4 23 20 12 -0.222712 14 131 132
83 6 1 0 4 1 4 0 0 0 4 84 
84 6 0 1 0 3 17 16 15 9 27 19 17 -0.307292 -58 133 134
85 6 0 1 0 30 30 15 17 30 26 15 15 -0.197861 -21 135 136
86 6 0 1 0 16 4 16 20 8 23 12 18 -0.139683 9 137 138
87 6 1 0 11 1 4 0 11 0 0 98 
88 6 0 1 0 32 30 12 12 16 35 12 17 -0.283546 -36 139 140
89 6 0 1 0 25 29 12 20 30 11 13 13 -0.242424 31 141 142
90 6 0 1 0 15 35 12 20 19 19 16 12 -0.68017 -7 143 144
91 6 0 1 0 18 28 12 20 6 31 14 13 -0.281155 -24 145 146
92 6 0 1 0 15 13 12 17 12 7 17 20 -1.00557 18 147 148
93 6 0 1 0 17 4 19 17 24 25 16 15 -0.124712 -32 149 150
94 6 1 0 6 1 4 0 0 6 0 206 
95 6 1 0 4 1 4 0 1 3 0 207 
96 6 1 0 31 1 4 0 0 0 31 208 
97 6 1 0 7 1 4 0 0 2 5 209 
98 6 0 1 0 21 20 15 15 21 25 16 13 -0.345546 -2 151 152
99 6 0 1 0 9 25 20 19 10 8 19 15 -0.190892 49 153 154
100 6 0 1 0 10 23 16 13 7 7 13 18 -0.134941 75 155 156
101 6 0 1 0 23 10 17 20 1 19 17 16 -0.837353 11 157 158
102 6 0 1 0 20 18 16 15 24 25 19 13 -0.412873 -3 159 160
103 6 1 0 9 1 4 0 6 1 2 293 
104 6 0 1 0 17 15 13 19 23 26 15 17 -0.0357263 16 161 162
105 6 0 1 0 29 18 18 17 12 14 15 18 -0.208254 17 163 164
106 6 0 1 0 2 23 19 16 7 19 19 20 -0.310714 -51 165 166
107 6 1 0 21 1 4 0 0 0 21 358 
108 6 1 0 2 1 4 0 1 0 1 359 
109 6 1 0 2 1 4 2 0 0 0 360 
110 6 0 1 0 2 30 16 15 5 27 16 19 -0.121937 4 167 168
111 6 0 1 0 17 32 14 18 24 12 13 14 -0.290661 11 169 170
112 6 0 1 0 3 14 15 12 25 5 13 16 -0.607885 -3 171 172
113 6 0 1 0 8 16 19 20 29 6 20 14 -0.366324 14 173 174
114 6 1 0 30 1 4 0 0 0 30 538 
115 6 0 1 0 7 12 18 18 4 14 19 20 -0 -4 175 176
116 6 0 1 0 29 30 16 15 24 28 12 18 -0.502994 15 177 178
117 7 0 1 0 11 6 17 17 7 25 20 16 -0.704 1 179 180
118 7 0 1 0 0 16 12 19 10 10 12 17 -0.12 7 181 182
119 7 1 0 2 1 4 2 0 0 0 6 
120 7 0 1 0 5 0 20 17 6 4 20 14 -0.0876627 -13 183 184
121 7 1 0 5 1 4 0 2 0 3 11 
122 7 0 1 0 17 29 15 18 28 4 14 14 -0.03125 133 185 186
123 7 0 1 0 16 13 19 19 10 0 20 13 -0.408854 90 187 188
124 7 1 0 11 1 4 11 0 0 0 27 
125 7 0 1 0 10 32 13 15 8 7 12 16 -0.341944 23 189 190
126 7 1 0 3 1 4 0 1 0 2 33 
127 7 0 1 0 12 3 13 18 1 25 20 19 -0.1109 15 191 192
128 7 1 0 2 1 4 2 0 0 0 65 
129 7 0 1 0 15 7 17 13 13 27 19 18 -0 -22 193 194
130 7 1 0 9 1 4 0 1 5 3 69 
131 7 0 1 0 31 14 20 12 14 17 18 14 -0.0761461 -47 195 196
132 7 0 1 0 4 2 18 13 21 18 19 19 -0.178248 -1 197 198
133 7 0 1 0 5 34 12 18 5 12 12 13 -0.241667 69 199 200
134 7 1 0 4 1 4 4 0 0 0 88 
135 7 1 0 2 1 4 0 0 0 2 89 
136 7 0 1 0 32 15 13 14 25 11 15 14 -0.121212 9 201 202
137 7 0 1 0 11 15 14 14 9 27 20 15 -0 -4 203 204
138 7 1 0 6 1 4 0 6 0 0 96 
139 7 0 1 0 19 26 14 13 20 28 19 15 -0.177769 10 205 206
140 7 1 0 3 1 4 2 1 0 0 104 
141 7 0 1 0 13 29 16 16 13 0 14 15 -0 39 207 208
142 7 1 0 8 1 4 0 8 0 0 107 
143 7 0 1 0 27 1 20 13 32 29 13 12 -0.0266204 -1 209 210
144 7 0 1 0 30 11 16 17 30 33 13 17 -0.691169 -10 211 212
145 7 1 0 10 1 4 0 0 0 10 123 
146 7 0 1 0 29 21 17 12 34 27 17 13 -0.265791 -5 213 214
147 7 0 1 0 22 1 14 14 21 22 18 20 -0.510329 -17 215 216
148 7 0 1 0 16 0 15 14 9 4 20 14 -0.43029 -9 217 218
149 7 0 1 0 4 1 20 17 33 6 13 14 -0.230769 -18 219 220
150 7 0 1 0 2 23 20 17 2 24 13 15 -0.0105227 -13 221 222
151 7 0 1 0 26 27 13 15 26 26 18 19 -0.0846561 -1 223 224
152 7 0 1 0 12 2 14 20 29 14 12 16 -0 -38 225 226
153 7 0 1 0 30 24 20 16 32 35 12 15 -0.0590813 -49 227 228
154 7 0 1 0 17 16 20 13 13 28 14 18 -0.0470588 -5 229 230
155 7 0 1 0 16 26 18 16 26 34 13 18 -0.110325 -32 231 232
156 7 0 1 0 25 8 14 19 0 8 17 17 -0.111111 70 233 234
157 7 0 1 0 29 11 18 13 27 9 15 19 -0.168831 -3 235 236
158 7 0 1 0 16 8 15 15 10 32 14 14 -0.388889 -4 237 238
159 7 0 1 0 1 2 13 12 34 10 12 13 -0.3411 -46 239 240
160 7 0 1 0 18 28 13 12 15 17 20 20 -0.273695 31 241 242
161 7 0 1 0 25 22 18 18 8 31 14 14 -0.0116279 54 243 244
162 7 1 0 3 1 4 0 2 1 0 296 
163 7 0 1 0 22 19 18 18 29 29 17 17 -0.192736 38 245 246
164 7 0 1 0 2 32 14 18 8 18 17 18 -0.127451 -32 247 248
165 7 1 0 4 1 4 1 3 0 0 354 
166 7 0 1 0 14 7 18 17 1 18 12 18 -0.2 34 249 250
167 7 0 1 0 20 22 16 15 18 26 12 19 -0.0518 -8 251 252
168 7 1 0 4 1 4 2 0 0 2 364 
169 7 0 1 0 21 28 17 13 6 32 15 17 -0.606466 22 253 254
170 7 0 1 0 29 22 15 18 29 14 14 16 -0.242136 -7 255 256
171 7 0 1 0 12 28 15 15 26 28 14 18 -0.26875 45 257 258
172 7 0 1 0 22 27 15 19 5 27 20 13 -0.442182 -45 259 260
173 7 0 1 0 10 16 16 20 22 12 14 13 -0.188138 -31 261 262
174 7 0 1 0 30 20 15 16 1 21 12 13 -0.706495 3 263 264
175 7 1 0 3 1 4 3 0 0 0 539 
176 7 1 0 34 1 4 0 0 0 34 540 
177 7 0 1 0 17 27 20 14 5 33 14 18 -0.328566 31 265 266
178 7 0 1 0 3 9 20 13 29 17 19 17 -0.212963 -28 267 268
179 8 0 1 0 5 22 15 13 0 9 20 17 -0.0888889 2 269 270
180 8 1 0 5 1 4 0 0 1 4 3 
181 8 1 0 21 1 4 0 0 0 21 4 
182 8 1 0 4 1 4 1 0 3 0 5 
183 8 1 0 2 1 4 1 1 0 0 7 
184 8 0 1 0 20 21 17 19 22 26 17 17 -0 -2 271 272
185 8 1 0 14 1 4 14 0 0 0 12 
186 8 1 0 2 1 4 1 1 0 0 13 
187 8 0 1 0 24 7 20 20 29 25 20 12 -0.308315 -1 273 274
188 8 1 0 2 1 4 0 0 0 2 26 
189 8 0 1 0 32 13 18 15 26 25 13 12 -0 -69 275 276
190 8 0 1 0 17 25 14 13 5 11 16 12 -0.544099 54 277 278
191 8 0 1 0 20 27 20 13 16 31 16 14 -0.0926394 3 279 280
192 8 0 1 0 32 26 17 12 17 20 14 13 -0.349206 -54 281 282
193 8 1 0 5 1 4 0 5 0 0 67 
194 8 1 0 6 1 4 6 0 0 0 68 
195 8 1 0 6 1 4 0 0 0 6 70 
196 8 0 1 0 34 23 20 13 8 24 15 13 -0.0293255 -52 283 284
197 8 0 1 0 7 12 14 18 4 26 16 15 -0.148929 8 285 286
198 8 1 0 3 1 4 0 3 0 0 83 
199 8 1 0 2 1 4 0 1 0 1 85 
200 8 0 1 0 13 19 13 17 27 32 12 17 -0.05 -19 287 288
201 8 0 1 0 16 3 14 18 23 3 15 17 -0.0807018 -3 289 290
202 8 1 0 6 1 4 6 0 0 0 93 
203 8 1 0 11 1 4 0 0 0 11 94 
204 8 1 0 4 1 4 0 0 4 0 95 
205 8 0 1 0 20 19 16 20 21 30 12 12 -0.127021 -59 291 292
206 8 1 0 2 1 4 2 0 0 0 103 
207 8 1 0 2 1 4 0 2 0 0 105 
208 8 1 0 20 1 4 0 0 0 20 106 
209 8 1 0 12 1 4 0 12 0 0 108 
210 8 0 1 0 15 11 17 13 16 17 19 20 -0.0208333 -3 293 294
211 8 0 1 0 24 28 16 16 26 14 19 19 -0.286585 23 295 296
212 8 0 1 0 21 14 16 17 23 30 12 20 -0.58882 13 297 298
213 8 0 1 0 15 28 16 20 22 27 18 20 -0.429207 -9 299 300
214 8 0 1 0 11 27 16 12 17 29 18 17 -0.183247 -2 301 302
215 8 0 1 0 15 4 17 20 17 22 19 12 -0.214834 -37 303 304
216 8 1 0 8 1 4 0 1 1 6 191 
217 8 0 1 0 2 6 13 13 10 0 12 15 -0.48 3 305 306
218 8 0 1 0 11 12 20 14 9 6 16 17 -0.0512821 13 307 308
219 8 1 0 8 1 4 8 0 0 0 198 
220 8 0 1 0 23 11 17 19 25 20 14 12 -0.150502 -20 309 310
221 8 1 0 2 1 4 0 2 0 0 203 
222 8 0 1 0 25 28 17 14 2 21 18 14 -0.00543478 60 311 312
223 8 1 0 6 1 4 0 0 4 2 210 
224 8 0 1 0 18 0 20 19 0 29 12 17 -0.0238095 21 313 314
225 8 1 0 2 1 4 0 2 0 0 213 
226 8 1 0 8 1 4 8 0 0 0 214 
227 8 1 0 8 1 4 7 1 0 0 215 
228 8 0 1 0 0 7 14 16 13 12 17 13 -0.0217391 -37 315 316
229 8 0 1 0 4 1 14 13 32 13 14 14 -0.0294118 -37 317 318
230 8 1 0 3 1 4 0 3 0 0 220 
231 8 0 1 0 20 18 14 20 0 18 13 14 -0.16129 34 319 320
232 8 0 1 0 16 8 12 16 0 0 19 18 -0.0931305 13 321 322
233 8 1 0 9 1 4 0 0 2 7 262 
234 8 1 0 5 1 4 5 0 0 0 263 
235 8 1 0 8 1 4 8 0 0 0 264 
236 8 0 1 0 8 20 15 17 6 24 19 18 -0.142857 4 323 324
237 8 0 1 0 18 16 17 18 20 25 17 14 -0 -23 325 326
238 8 1 0 3 1 4 3 0 0 0 269 
239 8 0 1 0 25 2 20 19 26 0 16 17 -0.0192308 31 327 328
240 8 0 1 0 21 20 17 18 26 25 14 18 -0.322037 -23 329 330
241 8 0 1 0 2 8 19 19 3 3 13 17 -0.146138 -2 331 332
242 8 1 0 5 1 4 1 1 0 3 292 
243 8 1 0 41 1 4 41 0 0 0 294 
244 8 1 0 2 1 4 1 1 0 0 295 
245 8 0 1 0 29 27 13 16 21 14 12 19 -0.182985 -38 333 334
246 8 1 0 3 1 4 0 0 0 3 350 
247 8 1 0 7 1 4 0 7 0 0 351 
248 8 0 1 0 18 12 16 16 10 13 14 17 -0 4 335 336
249 8 1 0 2 1 4 0 1 0 1 355 
250 8 1 0 8 1 4 0 0 0 8 356 
251 8 1 0 4 1 4 0 2 1 1 361 
252 8 0 1 0 23 11 13 15 27 21 19 19 -0.0282885 8 337 338
253 8 0 1 0 28 30 15 14 29 23 18 15 -0.0192308 9 339 340
254 8 1 0 7 1 4 0 0 0 7 367 
255 8 0 1 0 7 25 17 12 1 34 12 12 -0.161607 -21 341 342
256 8 0 1 0 9 25 20 13 1 29 13 12 -0.2215 37 343 344
257 8 1 0 8 1 4 4 2 1 1 476 
258 8 0 1 0 22 8 18 15 1 9 18 14 -0 3 345 346
259 8 0 1 0 8 13 20 17 14 9 15 13 -0.328231 23 347 348
260 8 0 1 0 9 14 15 20 8 20 19 16 -0.325871 -24 349 350
261 8 0 1 0 17 19 12 16 7 24 16 13 -0.208333 44 351 352
262 8 0 1 0 24 28 12 12 25 33 13 13 -0.120029 -60 353 354
263 8 0 1 0 27 25 20 14 20 27 20 15 -0.291667 -1 355 356
264 8 0 1 0 18 3 20 15 10 25 13 12 -0.387195 -17 357 358
265 8 0 1 0 8 18 17 19 1 0 15 19 -0.201795 120 359 360
266 8 0 1 0 28 19 19 14 27 2 16 12 -0.436364 16 361 362
267 8 1 0 6 1 4 3 3 0 0 556 
268 8 0 1 0 25 2 12 18 14 21 17 12 -0 -34 363 364
269 9 1 0 2 1 4 0 0 0 2 0 
270 9 0 1 0 25 0 20 12 20 2 16 16 -0 -6 365 366
271 9 1 0 2 1 4 0 2 0 0 8 
272 9 1 0 91 1 4 0 0 0 91 9 
273 9 0 1 0 17 12 12 16 3 22 15 19 -0.135714 23 367 368
274 9 1 0 8 1 4 1 1 4 2 25 
275 9 1 0 2 1 4 0 2 0 0 28 
276 9 1 0 115 1 4 115 0 0 0 29 
277 9 1 0 7 1 4 1 0 0 6 30 
278 9 0 1 0 14 7 15 13 12 25 19 18 -0.195652 -44 369 370
279 9 0 1 0 2 30 17 14 3 30 13 14 -0.0572324 21 371 372
280 9 0 1 0 31 22 19 16 29 30 17 17 -0.430309 -9 373 374
281 9 0 1 0 19 19 13 16 19 11 16 20 -0.111111 29 375 376
282 9 0 1 0 25 10 16 14 14 26 20 17 -0.35 -54 377 378
283 9 1 0 2 1 4 0 2 0 0 71 
284 9 0 1 0 22 20 16 20 18 25 20 19 -0.016129 9 379 380
285 9 0 1 0 1 25 20 12 9 25 16 13 -0.120685 -3 381 382
286 9 1 0 2 1 4 0 2 0 0 82 
287 9 1 0 2 1 4 1 1 0 0 86 
288 9 1 0 8 1 4 0 8 0 0 87 
289 9 1 0 3 1 4 3 0 0 0 90 
290 9 0 1 0 20 15 20 19 15 27 13 20 -0.0350877 -4 383 384
291 9 1 0 7 1 4 0 4 0 3 99 
292 9 0 1 0 3 20 20 14 10 34 12 16 -0.0572473 -26 385 386
293 9 1 0 2 1 4 1 1 0 0 109 
294 9 1 0 22 1 4 22 0 0 0 110 
295 9 1 0 12 1 4 12 0 0 0 111 
296 9 0 1 0 32 31 16 15 25 31 14 19 -0.24375 -20 387 388
297 9 0 1 0 32 29 14 15 30 9 20 16 -0.371739 2 389 390
298 9 1 0 12 1 4 0 0 0 12 122 
299 9 0 1 0 26 27 18 12 11 24 14 17 -0.143916 27 391 392
300 9 0 1 0 11 7 16 19 20 34 12 12 -0.438403 -43 393 394
301 9 0 1 0 21 13 20 12 24 29 18 17 -0.141717 20 395 396
302 9 0 1 0 1 18 13 16 26 19 12 16 -0.759368 16 397 398
303 9 0 1 0 27 0 19 14 13 5 14 12 -0 -5 399 400
304 9 1 0 11 1 4 11 0 0 0 190 
305 9 0 1 0 21 21 15 16 21 23 12 17 -0.150376 8 401 402
306 9 1 0 4 1 4 0 0 0 4 195 
307 9 1 0 3 1 4 0 2 0 1 196 
308 9 1 0 49 1 4 0 0 0 49 197 
309 9 0 1 0 16 31 13 19 15 14 20 12 -0.0758454 17 403 404
310 9 1 0 3 1 4 0 0 3 0 202 
311 9 1 0 90 1 4 90 0 0 0 204 
312 9 1 0 2 1 4 1 1 0 0 205 
313 9 1 0 19 1 4 0 19 0 0 211 
314 9 1 0 2 1 4 1 1 0 0 212 
315 9 1 0 21 1 4 0 21 0 0 216 
316 9 1 0 2 1 4 1 1 0 0 217 
317 9 1 0 2 1 4 0 0 1 1 218 
318 9 1 0 15 1 4 0 0 15 0 219 
319 9 1 0 11 1 4 0 0 11 0 221 
320 9 0 1 0 12 6 17 20 24 0 14 12 -0.058906 15 405 406
321 9 0 1 0 23 11 14 14 16 14 20 12 -0.42963 -18 407 408
322 9 0 1 0 26 18 15 15 20 9 13 17 -0.0717072 -8 409 410
323 9 1 0 12 1 4 0 12 0 0 265 
324 9 1 0 2 1 4 0 1 0 1 266 
325 9 1 0 3 1 4 0 3 0 0 267 
326 9 1 0 21 1 4 0 0 0 21 268 
327 9 1 0 24 1 4 24 0 0 0 270 
328 9 1 0 2 1 4 1 1 0 0 271 
329 9 1 0 3 1 4 0 0 0 3 272 
330 9 0 1 0 21 20 13 20 31 22 15 16 -0.26661 1 411 412
331 9 1 0 5 1 4 1 2 0 2 287 
332 9 0 1 0 20 26 20 15 29 3 12 13 -0.0405724 13 413 414
333 9 1 0 13 1 4 13 0 0 0 297 
334 9 0 1 0 14 1 13 17 23 26 20 17 -0.170634 0 415 416
335 9 1 0 13 1 4 0 0 13 0 352 
336 9 1 0 4 1 4 0 0 0 4 353 
337 9 1 0 7 1 4 0 2 0 5 362 
338 9 1 0 195 1 4 0 0 0 195 363 
339 9 1 0 4 1 4 0 0 1 3 365 
340 9 1 0 35 1 4 35 0 0 0 366 
341 9 1 0 9 1 4 4 0 5 0 368 
342 9 0 1 0 23 10 15 16 18 35 12 15 -0.0674907 -21 417 418
343 9 0 1 0 7 9 18 13 14 3 17 16 -0.19412 -13 419 420
344 9 0 1 0 11 20 18 18 19 13 13 15 -0.192725 26 421 422
345 9 1 0 2 1 4 0 0 2 0 477 
346 9 1 0 30 1 4 0 0 0 30 478 
347 9 0 1 0 8 18 14 17 1 4 16 17 -0 2 423 424
348 9 0 1 0 1 35 12 17 8 13 12 17 -0.167932 68 425 426
349 9 0 1 0 10 22 19 18 6 34 13 15 -0.212391 5 427 428
350 9 0 1 0 12 0 13 20 2 2 15 15 -0.261244 -12 429 430
351 9 0 1 0 21 0 17 13 1 35 12 16 -0 10 431 432
352 9 1 0 2 1 4 0 0 0 2 511 
353 9 1 0 20 1 4 0 20 0 0 512 
354 9 0 1 0 14 9 18 15 13 30 15 18 -0.103138 -42 433 434
355 9 0 1 0 7 15 20 15 5 16 14 16 -0.0707071 10 435 436
356 9 0 1 0 7 4 15 20 24 1 19 20 -0.0833333 2 437 438
357 9 0 1 0 2 3 17 17 16 5 15 19 -0.20202 -10 439 440
358 9 1 0 8 1 4 5 3 0 0 537 
359 9 0 1 0 1 27 17 15 11 27 20 19 -0.157096 -53 441 442
360 9 1 0 7 1 4 0 0 7 0 550 
361 9 0 1 0 26 25 17 15 11 5 18 14 -0.2 34 443 444
362 9 0 1 0 11 19 19 19 31 21 16 12 -0.3 29 445 446
363 9 1 0 5 1 4 0 0 0 5 557 
364 9 1 0 13 1 4 0 0 13 0 558 
365 10 1 0 2 1 4 0 2 0 0 1 
366 10 1 0 16 1 4 16 0 0 0 2 
367 10 0 1 0 14 18 19 14 19 24 16 20 -0.2 -5 447 448
368 10 0 1 0 11 0 20 19 2 18 14 13 -0.041502 9 449 450
369 10 1 0 2 1 4 1 0 0 1 31 
370 10 1 0 21 1 4 21 0 0 0 32 
371 10 0 1 0 27 7 12 16 26 5 13 20 -0.0535177 -5 451 452
372 10 1 0 3 1 4 1 0 1 1 56 
373 10 1 0 8 1 4 6 0 1 1 57 
374 10 0 1 0 19 23 13 20 5 33 14 19 -0.149936 6 453 454
375 10 1 0 16 1 4 0 0 0 16 61 
376 10 1 0 2 1 4 0 1 0 1 62 
377 10 1 0 2 1 4 0 1 0 1 63 
378 10 1 0 8 1 4 2 6 0 0 64 
379 10 1 0 29 1 4 0 0 29 0 72 
380 10 1 0 2 1 4 0 0 1 1 73 
381 10 0 1 0 4 21 19 18 2 26 12 15 -0.0942091 -2 455 456
382 10 0 1 0 4 10 20 16 24 3 16 14 -0.0740741 5 457 458
383 10 1 0 54 1 4 0 54 0 0 91 
384 10 1 0 3 1 4 0 1 1 1 92 
385 10 0 1 0 10 21 14 13 9 6 18 13 -0.0228311 6 459 460
386 10 1 0 2 1 4 1 0 0 1 102 
387 10 0 1 0 20 33 13 20 20 12 13 14 -0.191775 -14 461 462
388 10 1 0 2 1 4 0 0 0 2 117 
389 10 0 1 0 22 30 17 20 27 7 19 19 -0.186667 14 463 464
390 10 1 0 3 1 4 0 0 0 3 121 
391 10 0 1 0 23 21 15 18 14 13 20 12 -0.104167 6 465 466
392 10 0 1 0 3 27 20 12 0 19 16 14 -0.057971 12 467 468
393 10 0 1 0 10 5 14 20 18 0 17 12 -0.364198 0 469 470
394 10 0 1 0 17 26 18 20 32 9 19 15 -0.253115 23 471 472
395 10 0 1 0 17 13 15 13 19 21 13 15 -0.12786 32 473 474
396 10 0 1 0 6 26 17 12 5 1 12 20 -0 -6 475 476
397 10 0 1 0 14 7 20 13 13 20 19 20 -0.0378788 -5 477 478
398 10 1 0 9 1 4 4 5 0 0 187 
399 10 1 0 21 1 4 0 21 0 0 188 
400 10 1 0 2 1 4 0 0 0 2 189 
401 10 0 1 0 18 20 12 19 27 24 15 14 -0 42 479 480
402 10 1 0 2 1 4 0 0 0 2 194 
403 10 1 0 5 1 4 4 1 0 0 199 
404 10 0 1 0 3 19 16 16 8 12 14 15 -0.0277778 24 481 482
405 10 1 0 8 1 4 8 0 0 0 222 
406 10 0 1 0 0 29 18 20 0 31 13 16 -0.0434783 14 483 484
407 10 0 1 0 32 33 12 14 15 24 19 14 -0.215539 -41 485 486
408 10 1 0 9 1 4 0 0 4 5 228 
409 10 0 1 0 25 22 17 15 21 19 16 18 -0.0221408 12 487 488
410 10 0 1 0 9 34 12 12 23 29 17 13 -0.228712 26 489 490
411 10 0 1 0 22 31 16 12 2 14 18 13 -0 105 491 492
412 10 0 1 0 9 6 13 12 3 4 18 15 -0.223205 -1 493 494
413 10 1 0 3 1 4 0 1 2 0 288 
414 10 0 1 0 27 30 13 15 2 23 17 17 -0.0149166 74 495 496
415 10 0 1 0 1 26 14 19 2 33 13 13 -0.162432 -8 497 498
416 10 1 0 4 1 4 0 0 0 4 349 
417 10 0 1 0 1 1 15 14 0 10 16 19 -0.00812784 -12 499 500
418 10 1 0 2 1 4 1 0 0 1 372 
419 10 0 1 0 22 8 20 20 28 32 14 12 -0.66733 -54 501 502
420 10 0 1 0 13 26 19 19 20 17 20 12 -0.142162 -2 503 504
421 10 0 1 0 3 8 15 14 1 4 17 14 -0.268942 9 505 506
422 10 0 1 0 25 12 15 14 18 11 12 20 -0.128876 -14 507 508
423 10 1 0 5 1 4 0 0 5 0 479 
424 10 1 0 16 1 4 0 0 0 16 480 
425 10 0 1 0 7 11 18 16 6 24 15 19 -0.0384615 -28 509 510
426 10 0 1 0 11 17 12 20 24 10 20 12 -0.0813397 45 511 512
427 10 0 1 0 13 31 16 17 9 21 15 16 -0.229597 12 513 514
428 10 0 1 0 27 29 13 13 23 20 12 13 -0.0360071 -11 515 516
429 10 0 1 0 0 34 13 18 4 31 13 19 -0 7 517 518
430 10 0 1 0 1 26 20 18 19 29 12 19 -0.233269 19 519 520
431 10 1 0 7 1 4 7 0 0 0 509 
432 10 1 0 5 1 4 0 5 0 0 510 
433 10 0 1 0 12 22 18 16 28 5 19 15 -0.05 20 521 522
434 10 0 1 0 4 3 17 19 26 1 16 17 -0.0826508 -31 523 524
435 10 0 1 0 7 0 16 17 3 23 20 17 -0 -11 525 526
436 10 1 0 3 1 4 0 2 1 0 531 
437 10 1 0 4 1 4 2 2 0 0 532 
438 10 1 0 8 1 4 0 0 8 0 533 
439 10 0 1 0 24 11 13 18 32 15 20 15 -0 7 527 528
440 10 1 0 6 1 4 1 4 1 0 536 
441 10 1 0 2 1 4 0 0 0 2 541 
442 10 0 1 0 27 23 17 19 27 31 12 15 -0.113623 -1 529 530
443 10 1 0 2 1 4 0 1 0 1 551 
444 10 1 0 8 1 4 0 0 0 8 552 
445 10 0 1 0 1 10 19 12 0 10 19 12 -0 1 531 532
446 10 1 0 2 1 4 0 1 0 1 555 
447 11 1 0 2 1 4 1 0 1 0 20 
448 11 1 0 8 1 4 8 0 0 0 21 
449 11 1 0 2 1 4 0 0 2 0 22 
450 11 0 1 0 3 22 20 12 23 34 12 16 -0 -48 533 534
451 11 1 0 3 1 4 1 0 0 2 41 
452 11 0 1 0 15 25 18 12 27 30 17 19 -0.0497197 -13 535 536
453 11 1 0 3 1 4 2 0 1 0 58 
454 11 0 1 0 27 15 13 13 31 2 12 13 -0.0608108 112 537 538
455 11 0 1 0 23 2 18 15 7 0 12 13 -0 13 539 540
456 11 0 1 0 15 13 14 14 14 10 12 18 -0.0678445 26 541 542
457 11 1 0 9 1 4 0 1 8 0 80 
458 11 1 0 3 1 4 0 0 0 3 81 
459 11 1 0 6 1 4 0 1 0 5 100 
460 11 1 0 140 1 4 0 0 0 140 101 
461 11 1 0 3 1 4 0 1 0 2 112 
462 11 0 1 0 5 9 13 15 8 3 16 12 -0.127092 -1 543 544
463 11 1 0 5 1 4 5 0 0 0 118 
464 11 0 1 0 24 3 13 20 26 17 19 14 -0.133333 -13 545 546
465 11 0 1 0 18 22 19 20 9 26 17 12 -0 41 547 548
466 11 1 0 4 1 4 0 0 0 4 126 
467 11 0 1 0 19 30 12 14 0 5 18 20 -0.0300155 25 549 550
468 11 1 0 9 1 4 9 0 0 0 131 
469 11 1 0 3 1 4 0 0 0 3 132 
470 11 0 1 0 20 12 17 14 29 1 16 12 -0.19765 99 551 552
471 11 1 0 3 1 4 0 0 1 2 138 
472 11 0 1 0 16 13 17 12 15 14 19 14 -0.172454 -1 553 554
473 11 0 1 0 21 4 19 17 30 29 12 16 -0.121926 27 555 556
474 11 1 0 5 1 4 0 0 0 5 182 
475 11 1 0 5 1 4 0 5 0 0 183 
476 11 1 0 26 1 4 26 0 0 0 184 
477 11 1 0 6 1 4 1 5 0 0 185 
478 11 1 0 16 1 4 0 0 0 16 186 
479 11 1 0 15 1 4 0 15 0 0 192 
480 11 1 0 4 1 4 4 0 0 0 193 
481 11 1 0 16 1 4 0 16 0 0 200 
482 11 1 0 2 1 4 1 1 0 0 201 
483 11 1 0 19 1 4 0 19 0 0 223 
484 11 1 0 4 1 4 2 2 0 0 224 
485 11 1 0 2 1 4 0 1 0 1 225 
486 11 0 1 0 13 18 20 16 29 33 13 12 -0 -18 557 558
487 11 0 1 0 16 25 15 20 20 29 15 17 -0.0196923 -27 559 560
488 11 1 0 3 1 4 1 1 1 0 242 
489 11 0 1 0 25 18 18 19 33 12 14 13 -0.181705 1 561 562
490 11 1 0 6 1 4 1 0 0 5 261 
491 11 1 0 15 1 4 15 0 0 0 273 
492 11 1 0 2 1 4 0 2 0 0 274 
493 11 1 0 3 1 4 0 0 0 3 275 
494 11 0 1 0 22 30 13 14 15 1 17 17 -0.185328 14 563 564
495 11 0 1 0 22 24 20 19 22 9 16 14 -0.00516796 24 565 566
496 11 1 0 3 1 4 0 3 0 0 291 
497 11 0 1 0 14 26 20 15 10 16 20 20 -0.227888 24 567 568
498 11 0 1 0 19 13 19 12 15 18 16 15 -0.142291 -2 569 570
499 11 1 0 3 1 4 0 0 3 0 369 
500 11 0 1 0 29 29 16 17 6 1 13 18 -0.00420168 128 571 572
501 11 0 1 0 29 28 14 17 12 7 20 17 -0.28125 41 573 574
502 11 0 1 0 0 9 13 15 0 1 16 12 -0.299149 0 575 576
503 11 0 1 0 0 10 14 20 6 9 18 14 -0 -13 577 578
504 11 0 1 0 17 22 16 12 24 31 13 13 -0.128029 -110 579 580
505 11 0 1 0 5 21 19 13 0 34 13 14 -0.199132 -33 581 582
506 11 1 0 2 1 4 1 1 0 0 454 
507 11 1 0 13 1 4 0 0 0 13 455 
508 11 0 1 0 29 11 12 14 10 8 20 17 -0.117836 12 583 584
509 11 1 0 11 1 4 0 11 0 0 481 
510 11 1 0 2 1 4 1 1 0 0 482 
511 11 0 1 0 2 10 19 15 7 20 16 13 -0 -75 585 586
512 11 1 0 3 1 4 0 3 0 0 485 
513 11 0 1 0 10 27 12 19 19 11 20 17 -0.0208333 44 587 588
514 11 0 1 0 6 1 18 20 9 9 14 17 -0.206332 -1 589 590
515 11 1 0 4 1 4 2 2 0 0 495 
516 11 0 1 0 28 4 18 18 12 1 14 12 -0.00980392 12 591 592
517 11 1 0 20 1 4 20 0 0 0 498 
518 11 1 0 4 1 4 0 4 0 0 499 
519 11 0 1 0 6 5 19 20 8 8 12 13 -0.171821 16 593 594
520 11 1 0 3 1 4 0 0 2 1 508 
521 11 1 0 8 1 4 0 0 0 8 513 
522 11 1 0 2 1 4 0 0 1 1 514 
523 11 1 0 4 1 4 2 2 0 0 515 
524 11 0 1 0 26 22 12 19 16 27 19 20 -0.0670245 -33 595 596
525 11 1 0 31 1 4 31 0 0 0 529 
526 11 1 0 2 1 4 0 2 0 0 530 
527 11 1 0 21 1 4 0 0 21 0 534 
528 11 1 0 6 1 4 0 0 0 6 535 
529 11 0 1 0 20 16 14 17 31 30 15 16 -0.0862862 -37 597 598
530 11 1 0 3 1 4 0 0 2 1 549 
531 11 1 0 8 1 4 0 8 0 0 553 
532 11 1 0 2 1 4 2 0 0 0 554 
533 12 1 0 42 1 4 0 42 0 0 23 
534 12 1 0 2 1 4 2 0 0 0 24 
535 12 1 0 5 1 4 1 0 0 4 42 
536 12 0 1 0 24 3 19 15 14 33 12 16 -0.0444828 1 599 600
537 12 1 0 72 1 4 0 0 0 72 59 
538 12 1 0 2 1 4 1 0 0 1 60 
539 12 1 0 7 1 4 0 0 7 0 74 
540 12 1 0 5 1 4 0 0 0 5 75 
541 12 0 1 0 3 6 12 15 10 34 13 18 -0.00280899 -40 601 602
542 12 0 1 0 31 6 12 16 12 27 16 12 -0 -84 603 604
543 12 1 0 5 1 4 0 3 0 2 113 
544 12 0 1 0 10 1 18 16 9 3 12 14 -0.058126 6 605 606
545 12 1 0 2 1 4 0 1 0 1 119 
546 12 1 0 13 1 4 0 13 0 0 120 
547 12 1 0 10 1 4 0 0 10 0 124 
548 12 1 0 2 1 4 0 2 0 0 125 
549 12 1 0 4 1 4 0 0 4 0 127 
550 12 0 1 0 26 31 15 16 13 30 17 14 -0.00793443 27 607 608
551 12 0 1 0 2 29 18 14 2 5 16 14 -0.0523504 12 609 610
552 12 1 0 2 1 4 0 0 0 2 137 
553 12 1 0 7 1 4 2 2 1 2 139 
554 12 0 1 0 12 30 17 16 11 30 12 19 -0.0791375 -3 611 612
555 12 0 1 0 21 7 13 12 24 22 20 16 -0.113618 14 613 614
556 12 1 0 4 1 4 0 1 0 3 181 
557 12 1 0 3 1 4 0 3 0 0 226 
558 12 1 0 16 1 4 16 0 0 0 227 
559 12 1 0 5 1 4 1 4 0 0 229 
560 12 0 1 0 0 28 17 20 0 34 13 12 -0.0182835 17 615 616
561 12 1 0 6 1 4 1 1 3 1 243 
562 12 0 1 0 25 30 17 20 25 32 14 18 -0.137239 -10 617 618
563 12 1 0 3 1 4 0 0 1 2 276 
564 12 0 1 0 27 26 16 16 21 20 15 17 -0.143763 -25 619 620
565 12 1 0 126 1 4 126 0 0 0 289 
566 12 1 0 3 1 4 1 2 0 0 290 
567 12 0 1 0 23 31 14 15 7 29 12 15 -0.0954839 38 621 622
568 12 0 1 0 4 17 14 20 15 19 16 19 -0.0955795 -47 623 624
569 12 0 1 0 26 12 18 12 26 24 20 18 -0.126615 5 625 626
570 12 0 1 0 18 14 18 17 19 5 17 19 -0.0845649 38 627 628
571 12 1 0 117 1 4 0 0 0 117 370 
572 12 1 0 2 1 4 0 0 1 1 371 
573 12 1 0 8 1 4 4 2 2 0 373 
574 12 0 1 0 28 25 20 17 16 9 13 16 -0.0888889 20 629 630
575 12 1 0 4 1 4 0 0 1 3 378 
576 12 0 1 0 0 29 17 20 3 28 19 13 -0.117647 2 631 632
577 12 1 0 2 1 4 0 0 2 0 381 
578 12 1 0 12 1 4 12 0 0 0 382 
579 12 1 0 28 1 4 0 28 0 0 383 
580 12 0 1 0 27 30 15 17 18 20 20 16 -0.121318 -18 633 634
581 12 0 1 0 11 22 13 19 22 25 17 16 -0.153846 -19 635 636
582 12 0 1 0 4 21 20 20 11 9 20 12 -0.147081 15 637 638
583 12 0 1 0 19 23 19 14 8 34 12 14 -0.089758 17 639 640
584 12 0 1 0 2 3 14 12 8 5 18 15 -0.116259 0 641 642
585 12 1 0 2 1 4 0 0 0 2 483 
586 12 1 0 17 1 4 0 0 17 0 484 
587 12 1 0 2 1 4 0 0 1 1 486 
588 12 1 0 22 1 4 0 0 22 0 487 
589 12 0 1 0 1 15 15 17 8 21 12 18 -0.136661 -43 643 644
590 12 0 1 0 16 21 17 18 11 27 13 17 -0.05 -35 645 646
591 12 1 0 49 1 4 0 49 0 0 496 
592 12 1 0 2 1 4 0 1 1 0 497 
593 12 0 1 0 31 25 12 14 19 7 18 13 -0.123711 -13 647 648
594 12 1 0 3 1 4 0 0 2 1 507 
595 12 1 0 8 1 4 1 5 2 0 516 
596 12 0 1 0 33 32 12 12 25 21 15 19 -0.0512273 100 649 650
597 12 1 0 5 1 4 1 1 3 0 542 
598 12 0 1 0 22 8 19 16 25 14 16 13 -0.0614818 -10 651 652
599 13 0 1 0 33 25 17 14 32 33 14 12 -0.0355568 -25 653 654
600 13 0 1 0 27 12 19 16 32 20 19 15 -0 37 655 656
601 13 1 0 176 1 4 0 0 0 176 76 
602 13 1 0 2 1 4 0 0 1 1 77 
603 13 1 0 13 1 4 0 0 0 13 78 
604 13 1 0 4 1 4 0 4 0 0 79 
605 13 1 0 5 1 4 0 4 0 1 114 
606 13 0 1 0 15 3 20 19 11 8 17 16 -0.00746269 -53 657 658
607 13 1 0 3 1 4 3 0 0 0 128 
608 13 0 1 0 31 21 15 13 13 7 18 20 -0.00409836 -43 659 660
609 13 0 1 0 17 9 15 20 27 10 19 20 -0.0138889 6 661 662
610 13 0 1 0 17 12 14 20 30 19 17 17 -0 0 663 664
611 13 1 0 3 1 4 1 1 0 1 140 
612 13 0 1 0 5 3 13 13 0 24 14 20 -0.0266667 19 665 666
613 13 0 1 0 34 23 17 13 31 16 13 14 -0.100761 -27 667 668
614 13 0 1 0 27 34 13 14 28 15 15 18 -0.151667 60 669 670
615 13 0 1 0 32 6 16 12 26 4 12 17 -0.0140722 20 671 672
616 13 1 0 4 1 4 3 0 0 1 241 
617 13 0 1 0 14 7 19 14 11 14 19 19 -0.161319 -16 673 674
618 13 0 1 0 3 21 20 15 6 0 13 13 -0.100052 -4 675 676
619 13 1 0 2 1 4 0 0 0 2 277 
620 13 0 1 0 34 17 20 12 19 26 18 20 -0.121161 -28 677 678
621 13 0 1 0 30 30 12 16 26 26 18 20 -0.02 -15 679 680
622 13 1 0 6 1 4 1 4 1 0 300 
623 13 1 0 4 1 4 4 0 0 0 301 
624 13 0 1 0 27 8 14 17 18 8 13 19 -0.0601852 -1 681 682
625 13 0 1 0 23 25 16 19 17 1 19 17 -0.119025 -1 683 684
626 13 1 0 5 1 4 0 1 1 3 345 
627 13 0 1 0 10 20 19 13 29 28 19 16 -0.0238095 -17 685 686
628 13 1 0 8 1 4 0 6 2 0 348 
629 13 1 0 4 1 4 0 0 0 4 374 
630 13 0 1 0 21 12 13 15 15 16 13 19 -0.026936 18 687 688
631 13 1 0 25 1 4 25 0 0 0 379 
632 13 1 0 9 1 4 2 5 2 0 380 
633 13 0 1 0 9 30 17 20 9 7 18 20 -0.182971 85 689 690
634 13 0 1 0 31 12 20 15 1 27 17 17 -0.109605 23 691 692
635 13 1 0 11 1 4 0 0 11 0 443 
636 13 1 0 2 1 4 1 0 1 0 444 
637 13 1 0 9 1 4 0 0 9 0 445 
638 13 0 1 0 0 32 14 17 10 32 12 18 -0.119187 -42 693 694
639 13 0 1 0 9 4 16 20 4 9 12 18 -0.0577297 24 695 696
640 13 0 1 0 14 15 19 16 35 30 17 12 -0.187135 -34 697 698
641 13 1 0 18 1 4 0 0 18 0 472 
642 13 0 1 0 13 18 17 16 19 16 18 12 -0.0695971 -11 699 700
643 13 0 1 0 12 7 20 16 12 2 17 20 -0.0986111 33 701 702
644 13 0 1 0 27 19 19 20 1 6 18 13 -0.0151515 -21 703 704
645 13 1 0 2 1 4 0 0 1 1 493 
646 13 1 0 8 1 4 0 0 8 0 494 
647 13 0 1 0 34 28 17 12 27 22 15 19 -0.0714286 0 705 706
648 13 0 1 0 26 3 12 15 5 13 13 17 -0.0393346 -74 707 708
649 13 0 1 0 33 33 14 14 24 2 16 16 -0.041269 3 709 710
650 13 1 0 4 1 4 0 4 0 0 528 
651 13 0 1 0 19 11 12 13 14 25 16 18 -0.109375 -11 711 712
652 13 0 1 0 30 31 14 15 7 33 14 19 -0.0327571 -59 713 714
653 14 0 1 0 1 31 13 19 0 32 13 19 -0.236089 -2 715 716
654 14 0 1 0 25 29 16 12 18 33 13 15 -0.016873 2 717 718
655 14 1 0 2 1 4 2 0 0 0 54 
656 14 1 0 8 1 4 0 0 0 8 55 
657 14 1 0 2 1 4 1 1 0 0 115 
658 14 1 0 65 1 4 0 65 0 0 116 
659 14 1 0 2 1 4 1 1 0 0 129 
660 14 1 0 120 1 4 0 120 0 0 130 
661 14 1 0 2 1 4 1 1 0 0 133 
662 14 1 0 34 1 4 0 34 0 0 134 
663 14 1 0 2 1 4 0 2 0 0 135 
664 14 1 0 14 1 4 14 0 0 0 136 
665 14 0 1 0 0 4 20 16 16 22 16 12 -0.00735171 -27 719 720
666 14 1 0 5 1 4 1 4 0 0 144 
667 14 1 0 2 1 4 0 0 0 2 145 
668 14 0 1 0 12 25 19 17 13 30 15 13 -0.0944013 -19 721 722
669 14 0 1 0 27 26 20 17 27 1 13 17 -0.025 15 723 724
670 14 0 1 0 33 2 14 13 9 21 18 13 -0.2 -75 725 726
671 14 0 1 0 27 16 15 15 24 8 13 13 -0.0120323 0 727 728
672 14 1 0 2 1 4 1 0 1 0 240 
673 14 0 1 0 19 17 19 19 0 34 13 13 -0 -40 729 730
674 14 0 1 0 3 8 13 19 12 19 18 14 -0.0909091 -68 731 732
675 14 0 1 0 17 0 14 16 6 17 20 15 -0.05 -11 733 734
676 14 0 1 0 21 28 19 15 10 31 16 13 -0.0872891 -10 735 736
677 14 0 1 0 21 9 13 18 26 17 20 19 -0.100669 14 737 738
678 14 1 0 2 1 4 0 0 1 1 286 
679 14 1 0 2 1 4 1 1 0 0 298 
680 14 1 0 23 1 4 23 0 0 0 299 
681 14 0 1 0 15 12 17 12 2 29 18 15 -0.0208333 -28 739 740
682 14 1 0 3 1 4 0 1 2 0 304 
683 14 1 0 3 1 4 0 1 0 2 305 
684 14 0 1 0 28 0 13 17 33 10 12 12 -0.111629 19 741 742
685 14 1 0 2 1 4 1 1 0 0 346 
686 14 1 0 19 1 4 19 0 0 0 347 
687 14 0 1 0 10 1 15 19 7 1 16 15 -0.0151515 22 743 744
688 14 1 0 3 1 4 0 3 0 0 377 
689 14 0 1 0 12 2 16 18 22 4 12 18 -0 3 745 746
690 14 1 0 8 1 4 0 1 7 0 386 
691 14 0 1 0 29 3 13 16 2 31 14 17 -0.0991337 -1 747 748
692 14 0 1 0 2 1 20 13 8 2 12 15 -0.145045 3 749 750
693 14 0 1 0 22 27 20 12 21 19 12 15 -0.0296353 77 751 752
694 14 0 1 0 7 10 17 15 23 16 20 20 -0.132 -50 753 754
695 14 0 1 0 23 19 19 20 24 17 17 13 -0.0464777 -3 755 756
696 14 1 0 2 1 4 1 1 0 0 468 
697 14 0 1 0 23 1 18 18 0 6 19 20 -0.1375 -1 757 758
698 14 1 0 9 1 4 2 7 0 0 471 
699 14 1 0 5 1 4 0 0 5 0 473 
700 14 0 1 0 17 14 19 13 23 2 19 14 -0 7 759 760
701 14 0 1 0 31 8 17 12 23 15 19 16 -0.05 -19 761 762
702 14 1 0 8 1 4 0 7 1 0 490 
703 14 1 0 2 1 4 0 1 1 0 491 
704 14 1 0 31 1 4 0 31 0 0 492 
705 14 1 0 10 1 4 0 10 0 0 500 
706 14 0 1 0 28 27 14 18 24 19 17 17 -0 19 763 764
707 14 1 0 3 1 4 0 0 3 0 503 
708 14 0 1 0 22 10 15 19 18 8 15 17 -0.0140756 6 765 766
709 14 0 1 0 11 10 20 20 11 31 16 18 -0.0395257 -7 767 768
710 14 0 1 0 13 7 12 17 22 6 17 13 -0.019464 -26 769 770
711 14 1 0 8 1 4 0 7 1 0 543 
712 14 1 0 8 1 4 7 1 0 0 544 
713 14 1 0 2 1 4 1 0 0 1 545 
714 14 0 1 0 34 25 17 12 22 18 19 19 -0.0125782 23 771 772
715 15 1 0 3 1 4 3 0 0 0 43 
716 15 0 1 0 0 27 18 20 20 12 17 12 -0.132353 19 773 774
717 15 0 1 0 29 13 16 12 22 33 12 20 -0.0139102 -21 775 776
718 15 1 0 3 1 4 1 0 1 1 53 
719 15 0 1 0 19 18 20 19 16 9 13 15 -0.0037594 22 777 778
720 15 1 0 2 1 4 0 2 0 0 143 
721 15 1 0 4 1 4 0 1 0 3 146 
722 15 0 1 0 2 34 13 16 8 4 19 12 -0.0870913 27 779 780
723 15 1 0 2 1 4 1 1 0 0 177 
724 15 1 0 18 1 4 18 0 0 0 178 
725 15 1 0 2 1 4 0 1 0 1 179 
726 15 1 0 8 1 4 0 8 0 0 180 
727 15 0 1 0 17 30 13 17 20 33 12 19 -0.00727985 -18 781 782
728 15 0 1 0 15 27 16 19 16 30 13 16 -0.242424 -4 783 784
729 15 1 0 2 1 4 0 2 0 0 244 
730 15 1 0 10 1 4 10 0 0 0 245 
731 15 1 0 2 1 4 0 1 0 1 246 
732 15 1 0 20 1 4 0 20 0 0 247 
733 15 1 0 2 1 4 1 1 0 0 248 
734 15 1 0 8 1 4 0 8 0 0 249 
735 15 1 0 3 1 4 1 1 0 1 250 
736 15 0 1 0 16 10 12 15 24 33 13 12 -0.0667974 -57 785 786
737 15 0 1 0 8 10 17 17 7 15 19 13 -0.0688539 0 787 788
738 15 0 1 0 28 26 15 12 31 27 19 12 -0.0861244 19 789 790
739 15 1 0 2 1 4 1 1 0 0 302 
740 15 1 0 22 1 4 0 22 0 0 303 
741 15 0 1 0 35 24 15 12 25 18 18 16 -0.106846 21 791 792
742 15 1 0 3 1 4 0 0 2 1 344 
743 15 1 0 31 1 4 0 0 31 0 375 
744 15 1 0 2 1 4 0 1 1 0 376 
745 15 1 0 5 1 4 5 0 0 0 384 
746 15 1 0 10 1 4 0 10 0 0 385 
747 15 0 1 0 26 13 13 19 30 21 19 14 -0.0912714 5 793 794
748 15 0 1 0 25 30 17 19 29 30 17 17 -0.0501792 5 795 796
749 15 0 1 0 26 28 16 16 32 30 16 13 -0.0884615 -10 797 798
750 15 1 0 7 1 4 0 0 7 0 442 
751 15 0 1 0 12 31 14 15 15 32 12 12 -0.0211584 1 799 800
752 15 1 0 4 1 4 0 0 4 0 449 
753 15 0 1 0 25 26 16 20 28 13 13 12 -0.05 57 801 802
754 15 0 1 0 9 21 12 14 14 31 14 17 -0 -65 803 804
755 15 0 1 0 28 26 20 17 6 18 20 14 -0 65 805 806
756 15 0 1 0 27 25 15 19 31 28 19 13 -0.0356708 5 807 808
757 15 1 0 2 1 4 0 0 1 1 469 
758 15 1 0 8 1 4 0 1 7 0 470 
759 15 1 0 2 1 4 0 0 2 0 474 
760 15 1 0 19 1 4 0 0 0 19 475 
761 15 1 0 8 1 4 0 0 8 0 488 
762 15 1 0 2 1 4 0 0 1 1 489 
763 15 1 0 12 1 4 12 0 0 0 501 
764 15 1 0 2 1 4 0 2 0 0 502 
765 15 0 1 0 31 27 12 15 15 4 20 15 -0.00980392 16 809 810
766 15 1 0 2 1 4 2 0 0 0 506 
767 15 0 1 0 26 22 15 14 32 22 14 13 -0.0454545 -2 811 812
768 15 1 0 12 1 4 0 0 12 0 519 
769 15 1 0 3 1 4 0 0 0 3 520 
770 15 0 1 0 23 24 15 13 14 34 12 19 -0.0172474 -31 813 814
771 15 0 1 0 18 26 15 14 19 33 14 13 -0 -26 815 816
772 15 1 0 2 1 4 1 0 1 0 548 
773 16 1 0 32 1 4 0 0 0 32 44 
774 16 1 0 2 1 4 1 0 0 1 45 
775 16 0 1 0 13 26 18 17 32 3 17 14 -0.147432 87 817 818
776 16 1 0 1763 1 4 0 0 0 1763 52 
777 16 1 0 131 1 4 131 0 0 0 141 
778 16 1 0 2 1 4 1 1 0 0 142 
779 16 0 1 0 25 25 13 19 17 0 16 20 -0.0787404 -3 819 820
780 16 0 1 0 1 30 12 12 0 23 13 18 -0.0823621 1 821 822
781 16 1 0 8 1 4 5 3 0 0 230 
782 16 0 1 0 5 20 20 20 20 0 14 14 -0.00614285 -73 823 824
783 16 1 0 8 1 4 8 0 0 0 238 
784 16 1 0 3 1 4 0 2 0 1 239 
785 16 0 1 0 28 33 14 19 18 8 14 19 -0.174921 65 825 826
786 16 0 1 0 31 22 19 16 30 24 18 12 -0.0307028 -33 827 828
787 16 1 0 6 1 4 0 4 0 2 278 
788 16 0 1 0 10 18 15 12 18 35 12 15 -0.0232526 -22 829 830
789 16 0 1 0 6 25 17 14 3 22 19 17 -0 20 831 832
790 16 1 0 8 1 4 0 8 0 0 285 
791 16 0 1 0 29 28 15 18 28 33 13 17 -0.0949161 3 833 834
792 16 0 1 0 10 25 20 13 10 21 13 19 -0.198622 11 835 836
793 16 0 1 0 2 34 13 13 14 26 17 15 -0.0859992 -53 837 838
794 16 1 0 13 1 4 0 0 0 13 436 
795 16 1 0 9 1 4 0 2 7 0 437 
796 16 1 0 22 1 4 0 22 0 0 438 
797 16 1 0 4 1 4 0 0 4 0 439 
798 16 0 1 0 20 17 12 16 25 12 19 13 -0 -2 839 840
799 16 0 1 0 19 7 13 14 11 7 14 19 -0.00555556 -2 841 842
800 16 1 0 4 1 4 0 0 2 2 448 
801 16 1 0 8 1 4 0 0 8 0 450 
802 16 1 0 2 1 4 0 1 1 0 451 
803 16 1 0 3 1 4 0 0 3 0 452 
804 16 1 0 12 1 4 0 0 0 12 453 
805 16 1 0 7 1 4 0 0 0 7 456 
806 16 1 0 3 1 4 0 0 3 0 457 
807 16 0 1 0 8 27 19 17 0 32 14 15 -0.0307101 62 843 844
808 16 1 0 3 1 4 0 0 0 3 467 
809 16 1 0 65 1 4 0 65 0 0 504 
810 16 1 0 3 1 4 1 2 0 0 505 
811 16 1 0 9 1 4 0 9 0 0 517 
812 16 1 0 2 1 4 0 1 1 0 518 
813 16 0 1 0 9 14 16 12 27 26 20 15 -0 -26 845 846
814 16 0 1 0 11 11 18 18 16 26 19 14 -0.0101271 -38 847 848
815 16 1 0 2 1 4 0 2 0 0 546 
816 16 1 0 313 1 4 313 0 0 0 547 
817 17 0 1 0 9 8 18 19 8 15 12 18 -0.288722 -12 849 850
818 17 0 1 0 29 18 20 18 27 19 17 12 -0.015873 -49 851 852
819 17 1 0 8 1 4 0 4 0 4 147 
820 17 0 1 0 28 24 17 18 25 10 18 18 -0.0691353 -3 853 854
821 17 1 0 9 1 4 1 8 0 0 174 
822 17 0 1 0 27 26 20 17 27 1 13 17 -0.0384615 39 855 856
823 17 1 0 2 1 4 1 1 0 0 231 
824 17 0 1 0 16 2 15 17 22 6 14 13 -0.00565895 29 857 858
825 17 0 1 0 16 0 18 15 10 1 14 14 -0.0277778 12 859 860
826 17 1 0 7 1 4 1 3 3 0 253 
827 17 1 0 4 1 4 1 3 0 0 254 
828 17 0 1 0 23 5 15 20 28 6 13 19 -0.0232162 -10 861 862
829 17 0 1 0 31 20 19 13 32 26 16 15 -0.0103804 -12 863 864
830 17 1 0 3 1 4 3 0 0 0 282 
831 17 1 0 9 1 4 9 0 0 0 283 
832 17 1 0 2 1 4 0 2 0 0 284 
833 17 0 1 0 33 32 13 14 30 24 14 14 -0.0901737 56 865 866
834 17 1 0 3 1 4 0 0 2 1 339 
835 17 0 1 0 31 33 14 14 11 16 20 18 -0.075 74 867 868
836 17 1 0 7 1 4 0 0 6 1 343 
837 17 0 1 0 8 9 15 20 27 11 15 13 -0 -11 869 870
838 17 0 1 0 12 21 19 12 23 11 14 16 -0.0812429 -16 871 872
839 17 1 0 23 1 4 0 0 0 23 440 
840 17 1 0 3 1 4 0 0 3 0 441 
841 17 1 0 2 1 4 0 0 1 1 446 
842 17 1 0 88 1 4 0 0 0 88 447 
843 17 0 1 0 23 11 15 13 27 12 17 15 -0.0221671 18 873 874
844 17 1 0 7 1 4 0 0 3 4 466 
845 17 1 0 7 1 4 0 0 7 0 521 
846 17 1 0 3 1 4 0 3 0 0 522 
847 17 1 0 2 1 4 0 0 1 1 523 
848 17 0 1 0 13 27 16 16 4 28 12 20 -0.00729678 29 875 876
849 18 1 0 3 1 4 0 3 0 0 46 
850 18 0 1 0 18 14 17 17 27 2 14 15 -0.110823 65 877 878
851 18 1 0 2 1 4 0 1 0 1 50 
852 18 1 0 124 1 4 0 0 0 124 51 
853 18 0 1 0 13 1 12 12 14 2 15 12 -0.24127 -15 879 880
854 18 0 1 0 22 20 13 18 27 30 12 14 -0.0601513 14 881 882
855 18 1 0 2 1 4 1 1 0 0 175 
856 18 1 0 11 1 4 11 0 0 0 176 
857 18 0 1 0 23 22 14 19 27 20 20 17 -0.0049793 -6 883 884
858 18 1 0 2 1 4 1 1 0 0 237 
859 18 1 0 2 1 4 1 1 0 0 251 
860 18 1 0 16 1 4 16 0 0 0 252 
861 18 1 0 2 1 4 1 0 1 0 255 
862 18 0 1 0 10 29 15 18 9 31 12 13 -0.0116934 -9 885 886
863 18 1 0 4 1 4 3 1 0 0 279 
864 18 0 1 0 25 20 16 16 19 10 20 15 -0.00304878 45 887 888
865 18 0 1 0 13 4 20 13 34 6 17 13 -0.0830053 -6 889 890
866 18 0 1 0 0 25 13 15 3 29 15 19 -0.0381944 -21 891 892
867 18 0 1 0 27 10 13 15 29 22 12 13 -0.05 -31 893 894
868 18 1 0 2 1 4 0 0 2 0 342 
869 18 1 0 4 1 4 0 0 4 0 387 
870 18 1 0 16 1 4 0 16 0 0 388 
871 18 1 0 3 1 4 2 1 0 0 389 
872 18 0 1 0 28 33 13 15 19 12 19 20 -0.0773056 10 895 896
873 18 0 1 0 10 23 17 20 12 29 18 17 -0.017215 3 897 898
874 18 1 0 2 1 4 0 0 0 2 465 
875 18 0 1 0 25 29 13 17 25 35 12 19 -0.00441603 -54 899 900
876 18 1 0 2 1 4 0 1 1 0 527 
877 19 0 1 0 2 22 19 20 10 21 19 15 -0.0606061 -29 901 902
878 19 1 0 2 1 4 0 2 0 0 49 
879 19 1 0 6 1 4 0 5 0 1 148 
880 19 0 1 0 18 14 16 16 1 6 18 15 -0 44 903 904
881 19 0 1 0 27 22 17 20 28 13 16 18 -0.0577801 11 905 906
882 19 1 0 4 1 4 3 1 0 0 173 
883 19 0 1 0 13 13 14 15 1 11 19 17 -0.45 65 907 908
884 19 0 1 0 23 28 12 15 28 29 15 19 -0.000866949 43 909 910
885 19 1 0 2 1 4 0 2 0 0 256 
886 19 0 1 0 23 35 12 17 11 25 18 20 -0.00790076 46 911 912
887 19 1 0 162 1 4 0 162 0 0 280 
888 19 1 0 2 1 4 0 1 1 0 281 
889 19 1 0 7 1 4 5 2 0 0 306 
890 19 0 1 0 23 12 19 12 21 21 17 18 -0.0789716 0 913 914
891 19 0 1 0 20 7 13 20 22 6 12 12 -0.0416667 2 915 916
892 19 1 0 12 1 4 0 12 0 0 338 
893 19 1 0 8 1 4 0 8 0 0 340 
894 19 1 0 2 1 4 1 1 0 0 341 
895 19 1 0 9 1 4 0 0 1 8 390 
896 19 0 1 0 35 30 12 12 10 12 15 20 -0.0740496 -2 917 918
897 19 0 1 0 12 12 16 13 32 26 20 12 -0.0124126 -13 919 920
898 19 1 0 2 1 4 0 2 0 0 464 
899 19 1 0 2 1 4 0 1 1 0 524 
900 19 0 1 0 26 28 13 20 26 26 20 16 -0.00259644 -18 921 922
901 20 1 0 2 1 4 0 1 0 1 47 
902 20 1 0 31 1 4 0 0 0 31 48 
903 20 1 0 2 1 4 0 2 0 0 149 
904 20 1 0 13 1 4 13 0 0 0 150 
905 20 0 1 0 12 27 13 15 10 15 20 12 -0.293315 30 923 924
906 20 0 1 0 8 31 13 16 16 30 14 18 -0.021803 -18 925 926
907 20 1 0 8 1 4 8 0 0 0 232 
908 20 1 0 2 1 4 1 0 0 1 233 
909 20 0 1 0 30 1 19 13 25 17 16 13 -0.000425592 -93 927 928
910 20 1 0 4 1 4 3 1 0 0 236 
911 20 0 1 0 27 21 19 20 2 7 14 15 -0.00449543 -8 929 930
912 20 1 0 3 1 4 1 2 0 0 260 
913 20 0 1 0 16 24 17 20 5 18 17 15 -0.0691102 82 931 932
914 20 0 1 0 6 24 19 19 12 21 15 12 -0.113122 -12 933 934
915 20 1 0 2 1 4 1 1 0 0 336 
916 20 1 0 10 1 4 10 0 0 0 337 
917 20 0 1 0 4 27 19 15 13 26 18 17 -0.119048 -6 935 936
918 20 0 1 0 31 8 18 12 1 28 17 13 -0.068797 2 937 938
919 20 0 1 0 25 22 19 19 21 23 12 20 -0.0100187 28 939 940
920 20 1 0 2 1 4 0 0 0 2 463 
921 20 1 0 8 1 4 0 1 7 0 525 
922 20 1 0 329 1 4 0 0 329 0 526 
923 21 0 1 0 18 11 12 14 25 19 17 16 -0.215496 34 941 942
924 21 1 0 8 1 4 0 3 0 5 159 
925 21 0 1 0 33 22 16 14 25 11 20 14 -0.0155146 -55 943 944
926 21 0 1 0 25 10 16 19 11 26 17 19 -0.0338346 -50 945 946
927 21 1 0 7 1 4 6 1 0 0 234 
928 21 1 0 2007 1 4 2007 0 0 0 235 
929 21 1 0 2 1 4 1 1 0 0 257 
930 21 0 1 0 22 3 13 16 27 13 19 18 -0.00151057 32 947 948
931 21 0 1 0 21 27 13 19 13 22 12 19 -0.0662998 -50 949 950
932 21 1 0 3 1 4 3 0 0 0 332 
933 21 0 1 0 0 5 17 12 11 17 17 17 -0.0384615 -26 951 952
934 21 1 0 4 1 4 0 0 2 2 335 
935 21 1 0 7 1 4 2 5 0 0 391 
936 21 1 0 5 1 4 0 0 5 0 392 
937 21 0 1 0 18 14 13 13 15 13 20 17 -0.055612 13 953 954
938 21 0 1 0 6 13 12 20 0 1 16 20 -0.321607 -3 955 956
939 21 0 1 0 3 18 14 20 25 30 17 12 -0.00630335 -145 957 958
940 21 1 0 4 1 4 0 0 2 2 462 
941 22 0 1 0 23 20 16 19 31 27 18 14 -0.0946154 -14 959 960
942 22 0 1 0 2 27 15 18 5 27 20 18 -0 -18 961 962
943 22 0 1 0 5 15 19 15 7 19 12 16 -0 -20 963 964
944 22 0 1 0 15 32 13 20 10 30 15 18 -0.00956855 17 965 966
945 22 0 1 0 11 8 14 14 13 25 20 20 -0.0263158 -37 967 968
946 22 1 0 9 1 4 9 0 0 0 172 
947 22 1 0 329 1 4 329 0 0 0 258 
948 22 1 0 2 1 4 1 1 0 0 259 
949 22 1 0 8 1 4 5 3 0 0 307 
950 22 0 1 0 21 30 17 16 14 21 12 17 -0.0617 -24 969 970
951 22 1 0 11 1 4 0 11 0 0 333 
952 22 1 0 2 1 4 0 1 1 0 334 
953 22 0 1 0 6 19 17 20 10 17 15 13 -0.052717 -9 971 972
954 22 1 0 3 1 4 1 2 0 0 428 
955 22 0 1 0 17 32 14 12 22 23 17 18 -0.0429293 17 973 974
956 22 0 1 0 14 28 19 12 23 9 18 19 -0.244203 30 975 976
957 22 1 0 2 1 4 0 1 1 0 458 
958 22 0 1 0 14 15 14 15 16 16 20 15 -0.00381029 -8 977 978
959 23 1 0 4 1 4 0 0 4 0 151 
960 23 0 1 0 22 27 19 14 15 19 16 19 -0.0698969 -1 979 980
961 23 1 0 10 1 4 0 10 0 0 157 
962 23 1 0 4 1 4 0 0 0 4 158 
963 23 1 0 8 1 4 0 8 0 0 160 
964 23 1 0 2 1 4 0 0 0 2 161 
965 23 0 1 0 32 14 17 14 30 11 15 16 -0.0652838 -1 981 982
966 23 0 1 0 2 26 20 15 6 20 20 12 -0.00420095 10 983 984
967 23 1 0 2 1 4 1 1 0 0 170 
968 23 1 0 17 1 4 0 17 0 0 171 
969 23 1 0 3 1 4 0 1 1 1 308 
970 23 0 1 0 18 7 15 13 5 13 20 19 -0.0571009 2 985 986
971 23 1 0 3 1 4 1 2 0 0 393 
972 23 0 1 0 27 16 18 13 14 9 16 19 -0.0497387 -13 987 988
973 23 1 0 4 1 4 0 0 4 0 429 
974 23 0 1 0 3 10 12 16 16 18 16 12 -0.0277778 -22 989 990
975 23 1 0 3 1 4 1 2 0 0 432 
976 23 0 1 0 34 19 17 13 4 6 20 17 -0.0882353 7 991 992
977 23 0 1 0 27 29 15 19 28 28 19 18 -0.00127877 9 993 994
978 23 1 0 2 1 4 0 0 1 1 461 
979 24 1 0 3 1 4 3 0 0 0 152 
980 24 0 1 0 10 6 17 14 0 25 12 15 -0.0514379 4 995 996
981 24 1 0 6 1 4 4 2 0 0 162 
982 24 0 1 0 25 18 13 14 33 21 15 13 -0.0169335 3 997 998
983 24 0 1 0 28 20 16 17 27 14 15 20 -0.00354767 6 999 1000
984 24 1 0 3 1 4 1 2 0 0 169 
985 24 0 1 0 5 8 12 20 0 0 20 15 -0.0531235 -21 1001 1002
986 24 1 0 9 1 4 5 4 0 0 331 
987 24 1 0 5 1 4 0 0 0 5 394 
988 24 0 1 0 7 28 14 12 7 14 17 12 -0.0474358 8 1003 1004
989 24 1 0 2 1 4 0 0 1 1 430 
990 24 1 0 16 1 4 0 0 0 16 431 
991 24 1 0 3 1 4 0 0 0 3 433 
992 24 0 1 0 20 0 17 17 20 8 19 20 -0 1 1005 1006
993 24 1 0 389 1 4 0 0 389 0 459 
994 24 1 0 2 1 4 0 0 1 1 460 
995 25 1 0 2 1 4 2 0 0 0 153 
996 25 0 1 0 15 13 19 13 18 27 16 16 -0.0384821 -30 1007 1008
997 25 1 0 2 1 4 2 0 0 0 163 
998 25 0 1 0 13 11 13 20 15 18 15 19 -0.00892857 6 1009 1010
999 25 0 1 0 6 2 19 16 5 11 15 12 -0.0484848 14 1011 1012
1000 25 1 0 1052 1 4 0 1052 0 0 168 
1001 25 0 1 0 10 15 17 20 31 17 20 12 -0 68 1013 1014
1002 25 0 1 0 28 24 17 14 35 27 16 12 -0.0473363 -8 1015 1016
1003 25 0 1 0 31 2 14 16 30 12 17 17 -0.125643 3 1017 1018
1004 25 0 1 0 14 30 14 20 18 18 16 13 -0.0385861 -4 1019 1020
1005 25 1 0 15 1 4 0 0 15 0 434 
1006 25 1 0 2 1 4 0 2 0 0 435 
1007 26 1 0 3 1 4 0 2 0 1 154 
1008 26 0 1 0 8 0 17 12 3 21 15 13 -0.00543478 -6 1021 1022
1009 26 1 0 54 1 4 0 54 0 0 164 
1010 26 1 0 2 1 4 1 1 0 0 165 
1011 26 1 0 52 1 4 0 52 0 0 166 
1012 26 1 0 3 1 4 0 2 0 1 167 
1013 26 1 0 5 1 4 0 0 5 0 309 
1014 26 1 0 8 1 4 0 8 0 0 310 
1015 26 1 0 5 1 4 4 1 0 0 311 
1016 26 0 1 0 0 0 13 20 2 3 12 13 -0.0445317 -41 1023 1024
1017 26 0 1 0 32 27 19 15 27 26 16 14 -0.0599078 -16 1025 1026
1018 26 0 1 0 9 24 13 16 11 16 17 14 -0.03125 0 1027 1028
1019 26 1 0 2 1 4 1 1 0 0 400 
1020 26 0 1 0 4 29 13 15 4 32 14 12 -0.0363146 23 1029 1030
1021 27 1 0 2 1 4 1 1 0 0 155 
1022 27 1 0 90 1 4 0 90 0 0 156 
1023 27 1 0 2 1 4 0 1 0 1 312 
1024 27 0 1 0 0 26 14 18 1 27 18 14 -0.0401802 -3 1031 1032
1025 27 1 0 3 1 4 0 3 0 0 395 
1026 27 0 1 0 24 8 12 12 25 3 12 15 -0 -6 1033 1034
1027 27 1 0 2 1 4 0 1 1 0 398 
1028 27 1 0 14 1 4 0 14 0 0 399 
1029 27 0 1 0 15 20 15 15 5 22 19 13 -0.0340505 51 1035 1036
1030 27 1 0 4 1 4 0 4 0 0 427 
1031 28 1 0 4 1 4 3 1 0 0 313 
1032 28 0 1 0 2 33 12 18 13 35 12 18 -0.0366159 -28 1037 1038
1033 28 1 0 2 1 4 0 0 0 2 396 
1034 28 1 0 26 1 4 0 0 26 0 397 
1035 28 0 1 0 7 29 17 17 17 33 13 14 -0.0327238 -58 1039 1040
1036 28 1 0 2 1 4 1 1 0 0 426 
1037 29 0 1 0 6 7 18 13 10 1 19 17 -0.028889 1 1041 1042
1038 29 0 1 0 24 9 13 19 27 13 15 19 -0.0925325 3 1043 1044
1039 29 1 0 2 1 4 0 0 0 2 401 
1040 29 0 1 0 19 1 17 14 15 0 18 20 -0.0317264 17 1045 1046
1041 30 0 1 0 14 31 15 19 6 32 12 14 -0 46 1047 1048
1042 30 0 1 0 34 30 16 13 30 26 18 14 -0.0166853 2 1049 1050
1043 30 0 1 0 8 16 17 16 14 32 15 20 -0 -14 1051 1052
1044 30 1 0 6 1 4 6 0 0 0 330 
1045 30 0 1 0 30 28 15 17 31 35 12 15 -0.0306608 27 1053 1054
1046 30 1 0 2 1 4 0 2 0 0 425 
1047 31 1 0 3 1 4 0 0 0 3 314 
1048 31 1 0 17 1 4 0 17 0 0 315 
1049 31 0 1 0 25 23 17 19 25 31 15 15 -0.00787624 -12 1055 1056
1050 31 0 1 0 28 21 14 14 14 9 13 18 -0.0578008 -31 1057 1058
1051 31 1 0 3 1 4 3 0 0 0 328 
1052 31 1 0 19 1 4 0 19 0 0 329 
1053 31 0 1 0 1 25 15 16 35 24 16 12 -0.0296591 97 1059 1060
1054 31 1 0 2 1 4 0 0 0 2 424 
1055 32 0 1 0 11 8 19 12 17 26 13 16 -0.00435006 -105 1061 1062
1056 32 0 1 0 5 22 17 15 0 10 20 20 -0 23 1063 1064
1057 32 1 0 7 1 4 6 1 0 0 324 
1058 32 0 1 0 22 24 14 15 27 22 20 17 -0.0172249 35 1065 1066
1059 32 0 1 0 14 12 13 15 34 26 17 12 -0.028653 4 1067 1068
1060 32 1 0 2 1 4 0 2 0 0 423 
1061 33 1 0 2 1 4 1 1 0 0 316 
1062 33 0 1 0 5 24 20 18 6 27 13 15 -0.00311873 22 1069 1070
1063 33 1 0 14 1 4 0 14 0 0 322 
1064 33 1 0 3 1 4 0 0 3 0 323 
1065 33 0 1 0 10 4 19 13 8 7 16 18 -0.0136364 3 1071 1072
1066 33 1 0 2 1 4 2 0 0 0 327 
1067 33 0 1 0 4 26 12 13 9 17 12 15 -0.0276426 -14 1073 1074
1068 33 1 0 2 1 4 0 2 0 0 422 
1069 34 0 1 0 15 19 19 15 11 4 20 14 -0.00187812 -8 1075 1076
1070 34 1 0 2 1 4 1 1 0 0 321 
1071 34 1 0 51 1 4 0 51 0 0 325 
1072 34 1 0 4 1 4 1 3 0 0 326 
1073 34 1 0 2 1 4 1 0 1 0 402 
1074 34 0 1 0 9 32 15 20 25 12 16 13 -0.0255571 18 1077 1078
1075 35 1 0 2 1 4 1 1 0 0 317 
1076 35 0 1 0 23 22 13 18 26 20 15 12 -0.00123833 14 1079 1080
1077 35 1 0 2 1 4 1 0 1 0 403 
1078 35 0 1 0 15 8 14 12 34 28 19 13 -0.0236609 -40 1081 1082
1079 36 1 0 726 1 4 0 726 0 0 318 
1080 36 0 1 0 26 9 15 14 18 17 15 15 -0.00714286 -44 1083 1084
1081 36 0 1 0 26 23 18 15 8 22 18 12 -0.00224852 84 1085 1086
1082 36 0 1 0 13 22 13 19 17 18 16 13 -0.108156 -2 1087 1088
1083 37 1 0 68 1 4 0 68 0 0 319 
1084 37 1 0 2 1 4 1 1 0 0 320 
1085 37 0 1 0 8 27 13 20 6 26 20 13 -0.00160916 25 1089 1090
1086 37 1 0 2 1 4 0 1 1 0 408 
1087 37 1 0 5 1 4 3 0 2 0 409 
1088 37 0 1 0 23 32 12 20 15 16 19 17 -0.085537 63 1091 1092
1089 38 0 1 0 11 11 20 15 3 24 17 19 -0.000967325 -2 1093 1094
1090 38 1 0 2 1 4 0 0 1 1 407 
1091 38 0 1 0 6 16 19 19 21 21 19 15 -0.0773737 -48 1095 1096
1092 38 1 0 3 1 4 0 3 0 0 421 
1093 39 0 1 0 26 23 13 14 20 34 12 17 -0.000322997 -110 1097 1098
1094 39 1 0 2 1 4 0 0 1 1 406 
1095 39 1 0 3 1 4 0 3 0 0 410 
1096 39 0 1 0 14 14 13 12 11 12 16 19 -0.0719786 16 1099 1100
1097 40 1 0 2 1 4 0 0 1 1 404 
1098 40 1 0 1546 1 4 0 0 1546 0 405 
1099 40 0 1 0 28 24 15 12 23 18 14 14 -0.05948 -11 1101 1102
1100 40 1 0 2 1 4 1 0 1 0 420 
1101 41 1 0 2 1 4 1 0 1 0 411 
1102 41 0 1 0 27 25 20 18 16 33 13 14 -0.047207 -55 1103 1104
1103 42 0 1 0 29 3 17 17 16 7 15 18 -0.0960366 4 1105 1106
1104 42 0 1 0 31 32 13 12 27 7 18 12 -0.0184927 8 1107 1108
1105 43 1 0 25 1 4 0 0 25 0 412 
1106 43 0 1 0 25 7 15 18 29 9 20 17 -0 0 1109 1110
1107 43 1 0 4 1 4 0 0 1 3 415 
1108 43 0 1 0 1 12 16 13 7 29 16 13 -0.0119048 -13 1111 1112
1109 44 1 0 9 1 4 0 9 0 0 413 
1110 44 1 0 7 1 4 0 0 7 0 414 
1111 44 0 1 0 6 26 18 14 8 10 17 19 -0.006032 14 1113 1114
1112 44 1 0 4 1 4 0 2 2 0 419 
1113 45 1 0 2 1 4 0 0 1 1 416 
1114 45 0 1 0 4 13 19 15 3 16 18 15 -0.00203252 2 1115 1116
1115 46 1 0 244 1 4 0 0 244 0 417 
1116 46 1 0 2 1 4 0 1 1 0 418 
