-2147483648 -2147483648 data/trees_headpose/tree_009.txt
100 10 5000 30 30000 1 48 1 data/trees_headpose ./data/Cropped_HBO_Data_4view.txt
1 0
0 0 0 1 0 28 31 16 19 28 12 20 19 -0.97171 11 1 2
1 1 0 1 0 10 32 13 14 8 7 12 19 -0.815697 30 3 4
2 1 0 1 0 30 11 20 17 17 7 16 15 -0.681804 -13 5 6
3 2 0 1 0 12 0 15 13 15 7 15 12 -1.21916 -6 7 8
4 2 0 1 0 9 28 19 15 5 17 15 18 -0.580554 24 9 10
5 2 0 1 0 7 26 14 12 0 32 14 17 -0.656773 0 11 12
6 2 0 1 0 6 15 17 19 1 28 15 18 -0.375315 9 13 14
7 3 0 1 0 23 23 15 19 6 30 17 12 -1.15837 -19 15 16
8 3 0 1 0 28 16 19 19 34 11 15 13 -0.613504 6 17 18
9 3 0 1 0 28 30 16 13 16 4 18 18 -1.01867 -19 19 20
10 3 0 1 0 0 21 20 14 1 21 19 14 -0.454859 3 21 22
11 3 0 1 0 15 32 13 12 17 9 17 12 -0.360243 40 23 24
12 3 0 1 0 25 4 18 19 33 24 20 13 -0.710416 7 25 26
13 3 0 1 0 22 9 13 13 9 18 20 18 -0.347001 26 27 28
14 3 0 1 0 8 11 19 19 20 29 12 20 -0.204141 -85 29 30
15 4 0 1 0 5 29 15 16 4 7 18 20 -0.940192 3 31 32
16 4 0 1 0 12 34 12 15 3 28 18 13 -0.944835 35 33 34
17 4 0 1 0 3 30 12 13 2 25 12 16 -0.515188 -4 35 36
18 4 0 1 0 12 27 20 12 13 17 16 16 -0.22263 -9 37 38
19 4 0 1 0 5 19 16 19 8 23 19 16 -0.108527 -14 39 40
20 4 0 1 0 24 27 18 18 27 18 12 16 -0.973477 -6 41 42
21 4 0 1 0 27 29 14 14 26 19 12 18 -0.381078 5 43 44
22 4 0 1 0 25 28 16 19 25 29 17 16 -0.832904 -9 45 46
23 4 0 1 0 30 29 18 17 28 28 12 16 -0.236037 -2 47 48
24 4 0 1 0 12 27 19 13 23 10 16 13 -0.654768 22 49 50
25 4 0 1 0 12 28 16 15 4 3 14 19 -0.566285 116 51 52
26 4 0 1 0 13 18 13 16 9 29 18 19 -0.910434 8 53 54
27 4 0 1 0 25 10 19 15 15 8 17 18 -0.282517 -3 55 56
28 4 0 1 0 19 31 13 12 4 30 17 13 -0.756743 74 57 58
29 4 0 1 0 4 20 17 13 11 11 15 17 -0.275794 -37 59 60
30 4 0 1 0 20 12 20 16 22 25 18 18 -0.165543 -8 61 62
31 5 0 1 0 18 3 13 12 23 10 19 19 -0 12 63 64
32 5 0 1 0 24 0 15 20 10 35 12 18 -0.640417 -39 65 66
33 5 0 1 0 10 0 19 20 10 4 14 20 -0.282959 3 67 68
34 5 0 1 0 15 23 19 12 12 30 14 17 -1.12666 6 69 70
35 5 0 1 0 17 31 12 19 26 6 18 18 -0.0542986 -5 71 72
36 5 0 1 0 27 14 20 12 23 30 14 19 -0.423041 29 73 74
37 5 1 0 4 1 4 3 0 1 0 47 
38 5 0 1 0 3 20 14 18 25 30 16 13 -0.0708948 -56 75 76
39 5 1 0 3 1 4 1 1 0 1 51 
40 5 1 0 40 1 4 0 0 0 40 52 
41 5 0 1 0 27 35 12 14 16 33 12 19 -0.175439 -14 77 78
42 5 0 1 0 7 10 16 12 3 11 14 19 -0.835495 -6 79 80
43 5 0 1 0 1 6 13 13 24 22 14 15 -0.216836 4 81 82
44 5 0 1 0 25 12 14 20 15 34 12 20 -0.86101 -31 83 84
45 5 0 1 0 26 17 16 18 27 19 16 15 -0.242683 -6 85 86
46 5 0 1 0 25 31 15 14 22 19 12 14 -0.261905 -31 87 88
47 5 0 1 0 18 29 16 12 12 26 19 15 -0.314715 13 89 90
48 5 0 1 0 16 26 20 14 13 34 13 13 -0.178925 -24 91 92
49 5 0 1 0 7 4 15 16 8 19 20 12 -0.246353 -8 93 94
50 5 0 1 0 11 23 20 17 11 19 20 18 -0.552702 12 95 96
51 5 0 1 0 0 30 17 17 0 25 17 17 -0.502285 15 97 98
52 5 0 1 0 31 18 16 16 1 14 19 16 -0.551201 -21 99 100
53 5 0 1 0 5 24 12 20 3 12 16 19 -0.70071 17 101 102
54 5 0 1 0 21 1 14 12 28 20 19 16 -0.579373 53 103 104
55 5 0 1 0 17 12 14 12 32 23 19 12 -0.398985 -5 105 106
56 5 0 1 0 2 28 16 13 29 10 19 14 -0.23671 -23 107 108
57 5 0 1 0 24 34 13 14 20 23 14 19 -0.506678 35 109 110
58 5 0 1 0 25 19 14 14 23 17 12 16 -0 8 111 112
59 5 1 0 7 1 4 1 6 0 0 541 
60 5 1 0 9 1 4 0 1 0 8 542 
61 5 0 1 0 27 35 12 20 29 28 15 17 -0.124285 -10 113 114
62 5 0 1 0 18 28 15 15 22 24 20 14 -0.312861 -3 115 116
63 6 1 0 3 1 4 0 3 0 0 0 
64 6 1 0 7 1 4 7 0 0 0 1 
65 6 0 1 0 18 3 16 15 27 6 17 19 -0.0197368 11 117 118
66 6 0 1 0 32 27 20 13 26 16 20 19 -0.47037 -3 119 120
67 6 0 1 0 20 3 12 12 6 0 12 18 -0.210529 9 121 122
68 6 1 0 7 1 4 1 0 3 3 15 
69 6 0 1 0 25 31 12 14 24 24 20 18 -0.902475 1 123 124
70 6 0 1 0 6 30 12 12 5 12 19 18 -0.560438 -10 125 126
71 6 1 0 4 1 4 4 0 0 0 33 
72 6 0 1 0 7 12 13 14 30 25 15 15 -0.0384615 1 127 128
73 6 0 1 0 0 27 15 19 28 9 20 12 -0.348873 -15 129 130
74 6 1 0 5 1 4 4 1 0 0 46 
75 6 1 0 3 1 4 0 2 1 0 48 
76 6 0 1 0 25 34 12 20 21 27 15 15 -0 7 131 132
77 6 1 0 13 1 4 0 0 0 13 53 
78 6 1 0 6 1 4 1 0 5 0 54 
79 6 0 1 0 5 17 12 13 14 31 15 13 -0.0794118 -3 133 134
80 6 0 1 0 15 14 12 17 26 21 14 17 -0.844034 -24 135 136
81 6 0 1 0 2 23 19 17 17 13 14 15 -0.187798 -105 137 138
82 6 0 1 0 25 11 12 13 25 4 16 15 -0.416162 1 139 140
83 6 0 1 0 0 9 19 14 29 9 17 12 -0.531568 0 141 142
84 6 0 1 0 14 10 17 18 18 21 19 12 -0.628375 -30 143 144
85 6 1 0 5 1 4 0 0 2 3 137 
86 6 0 1 0 9 14 16 19 18 30 13 15 -0.125 -98 145 146
87 6 1 0 13 1 4 0 0 0 13 140 
88 6 0 1 0 12 0 19 20 3 21 13 17 -0.0444444 1 147 148
89 6 0 1 0 13 28 14 15 8 28 16 17 -0.267368 -8 149 150
90 6 0 1 0 10 5 17 13 8 8 20 19 -0.122519 -26 151 152
91 6 0 1 0 25 9 12 14 30 12 19 15 -0.560428 34 153 154
92 6 0 1 0 13 35 12 16 16 34 13 18 -0.146673 -11 155 156
93 6 0 1 0 29 2 19 14 27 30 16 15 -0.0437541 -105 157 158
94 6 0 1 0 26 22 19 20 13 25 19 14 -0.0779221 -5 159 160
95 6 0 1 0 19 18 19 14 19 14 12 17 -0.449474 9 161 162
96 6 0 1 0 24 13 18 15 24 24 19 16 -0.236449 -24 163 164
97 6 0 1 0 11 33 12 17 12 28 12 19 -0.465826 13 165 166
98 6 0 1 0 8 30 17 12 13 30 13 20 -0.406081 11 167 168
99 6 0 1 0 0 18 16 18 6 28 18 12 -0.191615 -68 169 170
100 6 0 1 0 10 30 16 14 22 26 19 14 -0.496158 6 171 172
101 6 0 1 0 23 18 14 17 25 23 17 18 -0.730769 11 173 174
102 6 0 1 0 4 22 13 12 11 16 20 13 -0.466935 12 175 176
103 6 0 1 0 26 26 18 13 27 18 15 19 -0.434828 31 177 178
104 6 1 0 6 1 4 0 0 0 6 394 
105 6 0 1 0 20 9 13 16 14 9 12 19 -0.235941 -16 179 180
106 6 0 1 0 18 4 15 13 19 0 16 17 -0.345611 13 181 182
107 6 0 1 0 9 14 19 14 13 7 15 19 -0.307984 -14 183 184
108 6 0 1 0 3 27 17 16 3 17 18 16 -0.206529 11 185 186
109 6 0 1 0 32 4 12 15 31 20 15 12 -0.125714 -105 187 188
110 6 0 1 0 3 11 17 15 2 11 19 13 -0.281818 0 189 190
111 6 1 0 15 1 4 0 0 0 15 539 
112 6 1 0 4 1 4 0 4 0 0 540 
113 6 0 1 0 18 24 17 13 23 27 18 14 -0.30303 0 191 192
114 6 0 1 0 22 2 14 18 24 4 15 17 -0.0982235 4 193 194
115 6 0 1 0 9 13 15 15 3 18 16 19 -0.121569 7 195 196
116 6 0 1 0 22 11 20 12 23 27 18 18 -0.0924479 -9 197 198
117 7 1 0 4 1 4 0 1 3 0 2 
118 7 1 0 34 1 4 0 0 0 34 3 
119 7 1 0 6 1 4 0 0 1 5 4 
120 7 1 0 9 1 4 7 0 2 0 5 
121 7 0 1 0 10 8 17 19 10 10 12 14 -0.406808 14 199 200
122 7 0 1 0 19 2 20 12 29 34 12 18 -0.0122268 -28 201 202
123 7 0 1 0 0 10 16 18 31 25 12 13 -0 -73 203 204
124 7 0 1 0 0 15 20 17 2 32 15 13 -0.801737 -16 205 206
125 7 0 1 0 24 28 12 14 16 7 19 15 -0.31705 23 207 208
126 7 1 0 6 1 4 1 0 0 5 32 
127 7 1 0 2 1 4 0 1 1 0 34 
128 7 1 0 11 1 4 0 11 0 0 35 
129 7 1 0 10 1 4 0 0 0 10 36 
130 7 0 1 0 14 27 14 20 16 26 19 15 -0.253169 -12 209 210
131 7 1 0 55 1 4 0 0 0 55 49 
132 7 1 0 4 1 4 0 0 4 0 50 
133 7 0 1 0 1 4 16 19 7 34 13 14 -0.025 -29 211 212
134 7 1 0 4 1 4 0 0 4 0 57 
135 7 0 1 0 23 32 13 18 16 33 12 13 -0 -22 213 214
136 7 0 1 0 21 20 16 20 17 9 14 16 -0.733333 -14 215 216
137 7 1 0 5 1 4 5 0 0 0 70 
138 7 0 1 0 31 32 13 13 31 19 20 14 -0.173933 15 217 218
139 7 1 0 18 1 4 0 18 0 0 105 
140 7 0 1 0 8 13 16 12 18 0 19 18 -0.320513 -11 219 220
141 7 0 1 0 1 25 19 12 13 27 20 12 -0.387246 -35 221 222
142 7 0 1 0 18 9 18 15 20 29 15 15 -0.507715 -14 223 224
143 7 0 1 0 4 14 13 18 17 23 20 15 -0.506349 -76 225 226
144 7 0 1 0 6 33 12 20 8 24 18 13 -0.130743 9 227 228
145 7 1 0 2 1 4 1 0 0 1 138 
146 7 1 0 34 1 4 34 0 0 0 139 
147 7 1 0 12 1 4 0 0 12 0 141 
148 7 1 0 3 1 4 2 1 0 0 142 
149 7 1 0 5 1 4 0 0 1 4 143 
150 7 0 1 0 24 18 18 13 18 11 20 19 -0.131365 7 229 230
151 7 1 0 6 1 4 0 0 0 6 150 
152 7 0 1 0 9 22 19 15 14 8 15 14 -0.106589 27 231 232
153 7 0 1 0 19 25 15 13 21 13 15 18 -0.0294118 35 233 234
154 7 1 0 5 1 4 4 1 0 0 163 
155 7 0 1 0 23 8 17 18 28 10 18 18 -0.176627 21 235 236
156 7 0 1 0 34 1 20 12 34 33 13 12 -0.115526 -9 237 238
157 7 1 0 4 1 4 0 2 2 0 204 
158 7 0 1 0 0 30 17 16 26 7 12 13 -0.011623 70 239 240
159 7 1 0 4 1 4 0 0 0 4 208 
160 7 1 0 7 1 4 1 6 0 0 209 
161 7 1 0 7 1 4 0 0 0 7 210 
162 7 0 1 0 8 19 12 12 7 14 16 15 -0.300138 11 241 242
163 7 0 1 0 14 1 18 14 32 35 12 14 -0.135219 -66 243 244
164 7 0 1 0 10 18 17 16 13 32 13 19 -0 -49 245 246
165 7 0 1 0 26 26 13 20 26 29 15 12 -0.357971 -19 247 248
166 7 0 1 0 3 14 20 19 3 14 15 17 -0.936579 4 249 250
167 7 0 1 0 15 32 12 12 10 13 20 20 -0.262763 47 251 252
168 7 0 1 0 20 4 15 19 8 1 16 13 -0.429688 8 253 254
169 7 1 0 4 1 4 0 0 2 2 350 
170 7 0 1 0 1 33 12 12 28 6 15 18 -0.0895522 128 255 256
171 7 0 1 0 21 11 13 12 18 17 17 13 -0.494559 0 257 258
172 7 0 1 0 1 26 14 17 4 25 18 12 -0.0718954 1 259 260
173 7 0 1 0 0 19 15 20 7 12 20 13 -0.310714 2 261 262
174 7 0 1 0 11 6 18 12 15 23 17 19 -0.0384615 18 263 264
175 7 0 1 0 18 32 14 19 30 28 19 12 -0.381828 12 265 266
176 7 1 0 7 1 4 6 0 0 1 384 
177 7 0 1 0 6 32 14 17 11 33 13 12 -0.182143 -28 267 268
178 7 0 1 0 10 23 16 12 4 13 17 15 -0.35582 59 269 270
179 7 0 1 0 30 14 12 17 29 25 16 17 -0.154605 -35 271 272
180 7 0 1 0 15 24 16 16 20 33 13 12 -0.187658 -32 273 274
181 7 0 1 0 25 7 16 18 29 23 15 12 -0.180178 1 275 276
182 7 0 1 0 26 4 19 17 24 5 12 20 -0.0430556 19 277 278
183 7 1 0 7 1 4 4 2 1 0 424 
184 7 0 1 0 32 28 12 14 23 20 14 15 -0.194222 49 279 280
185 7 0 1 0 5 14 19 15 1 8 14 20 -0.366773 -1 281 282
186 7 0 1 0 3 34 12 14 8 32 15 13 -0.155381 -22 283 284
187 7 1 0 5 1 4 0 1 0 4 531 
188 7 0 1 0 3 28 13 16 8 19 17 13 -0.0255375 3 285 286
189 7 1 0 9 1 4 0 0 3 6 536 
190 7 0 1 0 9 6 16 19 25 2 12 18 -0.0795455 0 287 288
191 7 1 0 6 1 4 0 0 2 4 543 
192 7 1 0 5 1 4 1 3 1 0 544 
193 7 0 1 0 26 8 20 12 23 7 17 20 -0.0888267 -7 289 290
194 7 0 1 0 33 18 12 13 23 29 12 13 -0 -67 291 292
195 7 1 0 3 1 4 0 0 2 1 564 
196 7 0 1 0 18 11 20 17 23 15 20 12 -0 -21 293 294
197 7 1 0 8 1 4 1 6 1 0 567 
198 7 0 1 0 30 17 20 12 26 27 18 15 -0.0208333 -31 295 296
199 8 0 1 0 21 2 12 14 17 25 13 13 -0.178444 -13 297 298
200 8 1 0 3 1 4 0 1 0 2 11 
201 8 1 0 2 1 4 0 1 1 0 12 
202 8 0 1 0 13 8 13 12 12 0 12 20 -0.00416667 -16 299 300
203 8 1 0 2 1 4 0 2 0 0 16 
204 8 1 0 20 1 4 0 0 0 20 17 
205 8 0 1 0 10 0 20 14 0 19 13 19 -0.0357143 33 301 302
206 8 0 1 0 29 28 12 17 28 16 16 13 -0.623264 -21 303 304
207 8 0 1 0 25 1 19 14 7 35 12 17 -0.207179 -42 305 306
208 8 0 1 0 26 3 19 18 13 28 12 15 -0.0555556 -12 307 308
209 8 0 1 0 9 1 20 15 23 17 19 20 -0 -12 309 310
210 8 0 1 0 30 13 17 15 17 8 14 15 -0.185336 -5 311 312
211 8 1 0 26 1 4 26 0 0 0 55 
212 8 1 0 4 1 4 1 3 0 0 56 
213 8 1 0 3 1 4 0 0 0 3 58 
214 8 1 0 10 1 4 0 0 10 0 59 
215 8 1 0 5 1 4 0 0 0 5 60 
216 8 0 1 0 24 19 20 20 21 28 17 19 -0.622534 -10 313 314
217 8 0 1 0 4 23 19 14 2 26 20 12 -0.152187 -8 315 316
218 8 0 1 0 0 28 18 15 3 24 14 15 -0.5 12 317 318
219 8 1 0 2 1 4 1 1 0 0 106 
220 8 0 1 0 34 22 20 13 0 6 19 12 -0.0384615 -1 319 320
221 8 0 1 0 9 9 12 17 9 26 17 15 -0.249953 -30 321 322
222 8 0 1 0 10 14 13 20 6 16 15 19 -0.349537 9 323 324
223 8 0 1 0 21 33 12 18 10 10 18 18 -0.295122 38 325 326
224 8 1 0 8 1 4 0 0 0 8 129 
225 8 0 1 0 2 5 13 13 17 1 16 17 -0.111111 -76 327 328
226 8 0 1 0 19 19 20 18 26 7 15 16 -0.158333 5 329 330
227 8 1 0 2 1 4 0 0 1 1 134 
228 8 0 1 0 5 8 19 15 0 12 17 13 -0.0209059 20 331 332
229 8 0 1 0 19 27 18 15 28 30 13 13 -0.0233262 25 333 334
230 8 0 1 0 34 17 19 12 22 3 13 16 -0.131373 19 335 336
231 8 0 1 0 34 31 14 13 26 24 18 16 -0.0805851 1 337 338
232 8 1 0 2 1 4 0 0 1 1 160 
233 8 1 0 15 1 4 0 0 0 15 161 
234 8 1 0 2 1 4 1 1 0 0 162 
235 8 0 1 0 16 25 18 16 9 34 13 12 -0.124748 6 339 340
236 8 0 1 0 32 18 15 14 25 28 16 12 -0.0673993 -99 341 342
237 8 0 1 0 3 28 15 15 14 6 16 19 -0.101878 61 343 344
238 8 0 1 0 9 32 13 13 26 3 18 18 -0.0666667 41 345 346
239 8 0 1 0 32 8 16 14 30 9 15 14 -0.0060241 -8 347 348
240 8 1 0 2 1 4 0 2 0 0 207 
241 8 0 1 0 22 24 15 15 21 17 14 12 -0.222389 -7 349 350
242 8 0 1 0 22 35 12 13 15 27 14 18 -0.0762821 12 351 352
243 8 0 1 0 0 29 14 15 3 24 13 17 -0.0844319 43 353 354
244 8 0 1 0 27 5 15 16 13 29 13 13 -0 -58 355 356
245 8 1 0 18 1 4 0 0 0 18 231 
246 8 1 0 2 1 4 0 0 2 0 232 
247 8 0 1 0 3 15 15 17 9 23 20 15 -0.282002 -47 357 358
248 8 0 1 0 20 9 17 18 25 13 18 12 -0.402032 -10 359 360
249 8 0 1 0 29 12 18 15 20 22 17 14 -0.323141 -18 361 362
250 8 0 1 0 13 28 18 16 20 26 17 16 -0.619699 15 363 364
251 8 0 1 0 35 32 13 12 24 27 13 20 -0.14114 -26 365 366
252 8 0 1 0 0 16 17 13 4 19 13 12 -0.311232 0 367 368
253 8 1 0 8 1 4 3 4 0 1 348 
254 8 1 0 8 1 4 0 0 0 8 349 
255 8 0 1 0 12 15 16 14 11 23 19 14 -0.0445392 0 369 370
256 8 1 0 7 1 4 0 0 7 0 355 
257 8 0 1 0 20 4 16 12 0 28 19 12 -0.359094 30 371 372
258 8 1 0 5 1 4 3 2 0 0 362 
259 8 0 1 0 24 8 19 16 27 14 14 15 -0.0203704 -2 373 374
260 8 1 0 3 1 4 0 3 0 0 366 
261 8 0 1 0 24 2 20 20 24 30 14 13 -0.119792 -27 375 376
262 8 1 0 3 1 4 0 0 0 3 370 
263 8 1 0 11 1 4 0 0 0 11 371 
264 8 1 0 2 1 4 1 1 0 0 372 
265 8 1 0 3 1 4 2 1 0 0 373 
266 8 0 1 0 22 8 17 13 22 12 20 18 -0.33398 6 377 378
267 8 1 0 2 1 4 1 0 0 1 385 
268 8 0 1 0 26 14 14 14 26 13 19 20 -0.0178571 4 379 380
269 8 0 1 0 25 25 20 12 21 14 13 12 -0.253086 -27 381 382
270 8 1 0 2 1 4 0 0 0 2 393 
271 8 0 1 0 22 28 17 18 15 3 20 19 -0.0580357 44 383 384
272 8 1 0 3 1 4 3 0 0 0 398 
273 8 0 1 0 9 24 15 12 8 28 17 17 -0.148148 -24 385 386
274 8 0 1 0 16 5 15 17 12 5 18 12 -0.121856 19 387 388
275 8 0 1 0 35 29 18 12 21 6 15 12 -0.137817 24 389 390
276 8 0 1 0 0 1 16 13 9 16 16 15 -0.0333333 -22 391 392
277 8 0 1 0 6 22 18 15 29 28 12 16 -0.0138889 7 393 394
278 8 1 0 4 1 4 0 0 3 1 423 
279 8 0 1 0 21 33 14 20 15 11 16 12 -0.0984848 48 395 396
280 8 0 1 0 29 24 20 16 4 1 16 13 -0.0857143 134 397 398
281 8 0 1 0 27 0 18 17 28 9 14 15 -0.103426 -4 399 400
282 8 0 1 0 22 4 19 15 16 1 19 15 -0.356657 21 401 402
283 8 0 1 0 12 6 15 16 26 12 12 14 -0.281448 -17 403 404
284 8 0 1 0 13 23 17 19 17 19 14 14 -0.110052 -6 405 406
285 8 0 1 0 32 32 15 13 2 18 17 14 -0 63 407 408
286 8 0 1 0 25 7 20 16 13 32 12 16 -0.00543478 -43 409 410
287 8 1 0 3 1 4 3 0 0 0 537 
288 8 1 0 8 1 4 0 7 1 0 538 
289 8 1 0 6 1 4 5 1 0 0 545 
290 8 0 1 0 7 0 18 15 11 4 12 19 -0.0796176 38 411 412
291 8 1 0 3 1 4 0 3 0 0 562 
292 8 1 0 8 1 4 0 0 8 0 563 
293 8 1 0 2 1 4 2 0 0 0 565 
294 8 1 0 15 1 4 0 15 0 0 566 
295 8 1 0 2 1 4 1 1 0 0 568 
296 8 1 0 22 1 4 22 0 0 0 569 
297 9 0 1 0 3 6 12 20 29 17 12 15 -0.0806693 3 413 414
298 9 1 0 4 1 4 0 1 3 0 10 
299 9 1 0 2 1 4 1 1 0 0 13 
300 9 1 0 118 1 4 118 0 0 0 14 
301 9 1 0 12 1 4 12 0 0 0 18 
302 9 1 0 2 1 4 1 1 0 0 19 
303 9 0 1 0 2 17 20 14 29 2 13 17 -0.0416667 -39 415 416
304 9 0 1 0 8 20 14 14 9 12 18 13 -0.305398 3 417 418
305 9 0 1 0 1 20 18 20 9 25 13 15 -0.15 -23 419 420
306 9 0 1 0 24 14 16 20 24 27 18 17 -0.0102564 -13 421 422
307 9 1 0 3 1 4 0 0 1 2 30 
308 9 1 0 9 1 4 0 9 0 0 31 
309 9 1 0 2 1 4 2 0 0 0 37 
310 9 1 0 8 1 4 0 8 0 0 38 
311 9 1 0 8 1 4 0 0 0 8 39 
312 9 0 1 0 3 13 13 13 3 13 15 16 -0.154255 -2 423 424
313 9 0 1 0 23 19 14 12 17 16 12 20 -0.313813 8 425 426
314 9 0 1 0 13 17 18 20 0 16 18 18 -0.327778 23 427 428
315 9 0 1 0 29 28 12 17 31 28 19 14 -0.520567 -4 429 430
316 9 0 1 0 0 30 16 20 2 18 13 16 -0.0816445 4 431 432
317 9 1 0 7 1 4 0 0 0 7 103 
318 9 1 0 9 1 4 8 0 0 1 104 
319 9 1 0 11 1 4 0 0 0 11 107 
320 9 1 0 2 1 4 0 1 1 0 108 
321 9 0 1 0 5 8 16 18 4 12 16 18 -0.0839558 6 433 434
322 9 0 1 0 19 16 14 17 21 12 20 15 -0.623974 4 435 436
323 9 0 1 0 16 14 14 13 3 22 19 15 -0.172767 -12 437 438
324 9 1 0 5 1 4 5 0 0 0 123 
325 9 0 1 0 25 21 19 17 8 12 17 13 -0.174432 4 439 440
326 9 0 1 0 15 28 15 14 29 23 18 13 -0 24 441 442
327 9 1 0 2 1 4 0 1 0 1 130 
328 9 1 0 16 1 4 0 0 0 16 131 
329 9 1 0 4 1 4 3 1 0 0 132 
330 9 1 0 6 1 4 0 0 5 1 133 
331 9 1 0 34 1 4 34 0 0 0 135 
332 9 1 0 7 1 4 1 6 0 0 136 
333 9 0 1 0 8 11 19 16 0 28 16 17 -0.00694444 37 443 444
334 9 1 0 6 1 4 1 5 0 0 146 
335 9 0 1 0 11 3 18 14 31 23 20 15 -0 -22 445 446
336 9 1 0 2 1 4 0 0 1 1 149 
337 9 0 1 0 24 10 17 12 23 24 15 14 -0.0639514 4 447 448
338 9 1 0 9 1 4 8 1 0 0 159 
339 9 1 0 7 1 4 0 1 6 0 164 
340 9 0 1 0 23 32 15 12 9 27 18 20 -0.0814767 29 449 450
341 9 0 1 0 10 26 16 13 3 17 18 14 -0 31 451 452
342 9 0 1 0 24 15 18 19 18 29 14 13 -0 12 453 454
343 9 0 1 0 15 30 17 13 27 35 12 19 -0.092316 -40 455 456
344 9 1 0 7 1 4 1 2 2 2 201 
345 9 1 0 5 1 4 1 4 0 0 202 
346 9 1 0 7 1 4 0 0 0 7 203 
347 9 1 0 81 1 4 81 0 0 0 205 
348 9 1 0 2 1 4 1 1 0 0 206 
349 9 1 0 18 1 4 18 0 0 0 211 
350 9 0 1 0 3 5 12 14 30 7 14 15 -0.149389 49 457 458
351 9 0 1 0 1 10 20 18 31 35 12 15 -0 -53 459 460
352 9 0 1 0 34 2 14 12 17 33 13 13 -0.05 -104 461 462
353 9 0 1 0 1 19 14 18 11 10 14 14 -0.0355846 -32 463 464
354 9 1 0 5 1 4 0 5 0 0 228 
355 9 1 0 22 1 4 0 22 0 0 229 
356 9 1 0 2 1 4 0 0 2 0 230 
357 9 0 1 0 3 20 16 13 2 11 15 16 -1.01045 0 465 466
358 9 0 1 0 6 29 18 12 7 25 13 14 -0.196755 4 467 468
359 9 0 1 0 9 23 19 15 26 32 15 16 -0.119518 -3 469 470
360 9 0 1 0 16 17 12 14 16 23 16 13 -0.354827 -24 471 472
361 9 0 1 0 26 35 12 20 22 29 14 16 -0.20133 1 473 474
362 9 1 0 5 1 4 0 0 2 3 324 
363 9 0 1 0 14 5 14 20 20 14 16 14 -0.31 -46 475 476
364 9 0 1 0 5 16 15 16 15 5 19 13 -0.0399093 15 477 478
365 9 0 1 0 24 20 18 15 27 4 20 18 -0.210438 51 479 480
366 9 0 1 0 9 0 14 13 0 0 12 17 -0.0782499 -2 481 482
367 9 0 1 0 30 24 19 13 15 6 20 13 -0.203988 20 483 484
368 9 1 0 4 1 4 0 1 0 3 347 
369 9 0 1 0 30 34 12 17 32 23 14 14 -0.031477 88 485 486
370 9 1 0 4 1 4 4 0 0 0 354 
371 9 0 1 0 9 9 20 17 2 19 19 17 -0.131207 13 487 488
372 9 0 1 0 12 4 20 18 7 15 16 19 -0.181818 2 489 490
373 9 1 0 3 1 4 0 0 3 0 363 
374 9 0 1 0 34 11 16 12 16 24 16 15 -0.0111111 -140 491 492
375 9 0 1 0 16 29 12 16 15 26 18 16 -0.0833333 -3 493 494
376 9 1 0 8 1 4 8 0 0 0 369 
377 9 0 1 0 0 3 20 19 5 1 19 12 -0.395062 3 495 496
378 9 0 1 0 30 22 18 13 27 8 20 13 -0.249115 1 497 498
379 9 1 0 2 1 4 1 1 0 0 386 
380 9 1 0 26 1 4 26 0 0 0 387 
381 9 1 0 6 1 4 6 0 0 0 388 
382 9 0 1 0 25 22 16 13 28 14 19 16 -0.208333 27 499 500
383 9 1 0 2 1 4 0 0 2 0 395 
384 9 0 1 0 22 24 16 12 10 25 15 18 -0.0357143 -5 501 502
385 9 1 0 8 1 4 0 0 8 0 399 
386 9 0 1 0 1 6 19 20 22 10 13 16 -0.0928793 -12 503 504
387 9 0 1 0 2 13 15 20 1 20 18 14 -0.0933897 15 505 506
388 9 1 0 2 1 4 2 0 0 0 411 
389 9 0 1 0 22 35 12 15 29 18 16 18 -0.0146958 44 507 508
390 9 0 1 0 29 35 12 17 4 34 13 15 -0.180272 -6 509 510
391 9 1 0 2 1 4 0 0 1 1 419 
392 9 1 0 13 1 4 0 0 13 0 420 
393 9 1 0 34 1 4 34 0 0 0 421 
394 9 1 0 2 1 4 1 1 0 0 422 
395 9 1 0 2 1 4 0 2 0 0 425 
396 9 0 1 0 0 27 17 20 2 30 16 14 -0.0570862 -4 511 512
397 9 1 0 7 1 4 0 0 6 1 430 
398 9 1 0 3 1 4 0 3 0 0 431 
399 9 0 1 0 0 14 15 12 13 22 19 16 -0 -1 513 514
400 9 0 1 0 35 20 16 12 12 32 12 20 -0.0626565 -44 515 516
401 9 0 1 0 20 34 12 18 24 21 13 14 -0.285359 68 517 518
402 9 0 1 0 18 2 19 14 17 4 15 18 -0.133333 3 519 520
403 9 0 1 0 19 34 12 19 27 31 15 18 -0.122923 5 521 522
404 9 0 1 0 15 29 15 19 13 34 13 12 -0.258336 -19 523 524
405 9 0 1 0 8 21 15 15 26 1 18 19 -0.313725 5 525 526
406 9 0 1 0 16 6 20 12 21 6 13 16 -0.0915061 -29 527 528
407 9 1 0 2 1 4 2 0 0 0 532 
408 9 1 0 11 1 4 0 11 0 0 533 
409 9 1 0 2 1 4 1 1 0 0 534 
410 9 1 0 90 1 4 90 0 0 0 535 
411 9 0 1 0 13 24 13 20 18 23 20 15 -0.0708301 -34 529 530
412 9 1 0 5 1 4 0 0 5 0 561 
413 10 0 1 0 14 30 15 15 10 15 19 13 -0.0178571 -5 531 532
414 10 0 1 0 7 3 18 17 25 27 13 19 -0 20 533 534
415 10 1 0 2 1 4 1 1 0 0 20 
416 10 1 0 10 1 4 0 0 0 10 21 
417 10 0 1 0 21 17 18 18 22 23 20 15 -0.116883 0 535 536
418 10 1 0 4 1 4 0 0 1 3 25 
419 10 1 0 8 1 4 6 2 0 0 26 
420 10 1 0 2 1 4 0 0 0 2 27 
421 10 1 0 3 1 4 1 2 0 0 28 
422 10 1 0 62 1 4 62 0 0 0 29 
423 10 1 0 2 1 4 1 1 0 0 40 
424 10 0 1 0 15 29 18 15 4 25 15 19 -0.114674 21 537 538
425 10 0 1 0 21 1 12 19 25 23 15 13 -0.180317 -39 539 540
426 10 0 1 0 9 19 17 14 29 16 20 12 -0.0454545 -13 541 542
427 10 1 0 8 1 4 3 4 1 0 67 
428 10 0 1 0 4 9 19 14 32 26 19 14 -0 -25 543 544
429 10 0 1 0 11 33 14 17 21 25 14 17 -0.375 49 545 546
430 10 0 1 0 27 2 18 12 26 11 17 16 -0.151509 6 547 548
431 10 1 0 4 1 4 2 1 0 1 79 
432 10 0 1 0 35 24 19 12 29 18 16 14 -0.0704822 9 549 550
433 10 0 1 0 13 29 15 14 3 12 19 18 -0.0543612 51 551 552
434 10 1 0 3 1 4 0 2 0 1 114 
435 10 0 1 0 19 16 14 17 21 12 20 15 -0.185862 -6 553 554
436 10 1 0 7 1 4 2 5 0 0 118 
437 10 0 1 0 3 9 14 13 13 2 18 17 -0.117647 -22 555 556
438 10 0 1 0 18 10 15 14 18 25 19 18 -0.05 -37 557 558
439 10 0 1 0 31 21 19 16 31 23 19 15 -0.0740741 0 559 560
440 10 1 0 4 1 4 4 0 0 0 126 
441 10 1 0 7 1 4 0 0 7 0 127 
442 10 1 0 3 1 4 0 0 0 3 128 
443 10 1 0 70 1 4 70 0 0 0 144 
444 10 1 0 2 1 4 1 1 0 0 145 
445 10 1 0 2 1 4 2 0 0 0 147 
446 10 1 0 13 1 4 0 13 0 0 148 
447 10 0 1 0 28 17 18 19 29 15 19 17 -0.0497925 1 561 562
448 10 1 0 6 1 4 5 1 0 0 158 
449 10 1 0 5 1 4 4 1 0 0 165 
450 10 0 1 0 23 1 16 20 0 0 20 12 -0.0452178 -7 563 564
451 10 1 0 8 1 4 0 8 0 0 169 
452 10 1 0 2 1 4 2 0 0 0 170 
453 10 1 0 40 1 4 40 0 0 0 171 
454 10 1 0 2 1 4 0 2 0 0 172 
455 10 1 0 7 1 4 0 3 4 0 173 
456 10 0 1 0 15 24 18 13 29 29 18 12 -0.0845703 82 565 566
457 10 0 1 0 27 2 13 17 13 3 17 12 -0.113208 -4 567 568
458 10 0 1 0 13 26 19 20 10 22 13 18 -0 24 569 570
459 10 1 0 24 1 4 0 0 24 0 221 
460 10 1 0 2 1 4 0 0 0 2 222 
461 10 1 0 8 1 4 0 8 0 0 223 
462 10 1 0 2 1 4 0 1 1 0 224 
463 10 1 0 3 1 4 0 3 0 0 225 
464 10 0 1 0 30 30 14 13 20 10 20 20 -0 23 571 572
465 10 0 1 0 33 11 15 12 30 4 19 17 -0.223825 -2 573 574
466 10 0 1 0 7 22 15 18 4 27 18 12 -0.861805 7 575 576
467 10 0 1 0 18 14 15 16 25 31 16 16 -0.175018 16 577 578
468 10 0 1 0 2 25 19 16 24 23 17 13 -0.154146 -24 579 580
469 10 0 1 0 24 19 18 18 31 7 20 16 -0.0519689 43 581 582
470 10 0 1 0 5 18 18 19 15 20 19 20 -0.0972222 -22 583 584
471 10 0 1 0 25 10 20 14 23 7 15 14 -0.2375 4 585 586
472 10 0 1 0 9 32 14 15 10 31 13 19 -0.2601 -8 587 588
473 10 0 1 0 23 26 20 15 25 4 19 20 -0.0759142 32 589 590
474 10 0 1 0 6 6 17 17 9 29 16 14 -0.0421053 -6 591 592
475 10 1 0 5 1 4 0 1 0 4 325 
476 10 0 1 0 9 1 13 12 22 0 18 19 -0.04375 -6 593 594
477 10 0 1 0 11 21 18 17 0 5 18 12 -0 11 595 596
478 10 1 0 7 1 4 1 6 0 0 330 
479 10 1 0 3 1 4 0 1 0 2 331 
480 10 0 1 0 6 11 16 14 9 16 18 14 -0.0454545 -29 597 598
481 10 1 0 2 1 4 0 1 0 1 334 
482 10 0 1 0 31 0 20 12 10 7 17 18 -0.0517404 -17 599 600
483 10 0 1 0 16 30 17 12 27 3 17 13 -0.105769 99 601 602
484 10 0 1 0 32 26 18 14 0 25 14 12 -0.0980392 56 603 604
485 10 0 1 0 9 25 19 17 1 28 17 13 -0.00847458 3 605 606
486 10 1 0 4 1 4 2 2 0 0 353 
487 10 0 1 0 12 1 19 16 15 15 16 13 -0.0432373 -51 607 608
488 10 1 0 7 1 4 3 4 0 0 359 
489 10 1 0 9 1 4 0 0 0 9 360 
490 10 1 0 2 1 4 0 1 0 1 361 
491 10 1 0 2 1 4 0 0 1 1 364 
492 10 1 0 43 1 4 0 0 0 43 365 
493 10 1 0 2 1 4 0 1 0 1 367 
494 10 1 0 22 1 4 0 22 0 0 368 
495 10 1 0 9 1 4 0 1 0 8 374 
496 10 1 0 9 1 4 0 8 0 1 375 
497 10 0 1 0 17 28 14 20 19 29 15 12 -0.128629 1 609 610
498 10 0 1 0 7 25 17 15 7 6 18 19 -0.0727273 21 611 612
499 10 1 0 4 1 4 0 2 0 2 389 
500 10 0 1 0 4 28 19 16 6 26 15 18 -0.0887446 -4 613 614
501 10 1 0 2 1 4 1 1 0 0 396 
502 10 1 0 12 1 4 0 12 0 0 397 
503 10 1 0 2 1 4 2 0 0 0 400 
504 10 0 1 0 27 13 12 18 25 5 19 13 -0 -3 615 616
505 10 0 1 0 7 18 18 13 5 4 17 18 -0.0803808 106 617 618
506 10 1 0 6 1 4 0 6 0 0 410 
507 10 1 0 2 1 4 2 0 0 0 412 
508 10 0 1 0 31 24 16 16 28 16 12 15 -0.00769231 19 619 620
509 10 0 1 0 24 29 16 14 26 0 17 19 -0.0654762 107 621 622
510 10 1 0 7 1 4 1 6 0 0 418 
511 10 0 1 0 8 24 20 14 27 0 15 16 -0.0641026 46 623 624
512 10 0 1 0 6 28 19 20 6 32 12 13 -0.0190476 35 625 626
513 10 1 0 10 1 4 0 0 0 10 432 
514 10 1 0 3 1 4 0 0 3 0 433 
515 10 1 0 5 1 4 0 4 1 0 434 
516 10 0 1 0 11 35 12 16 17 20 17 20 -0.0283589 30 627 628
517 10 0 1 0 7 15 13 19 32 27 19 13 -0.284472 -9 629 630
518 10 0 1 0 13 19 15 20 17 15 20 13 -0.0776827 -2 631 632
519 10 1 0 13 1 4 13 0 0 0 459 
520 10 1 0 2 1 4 1 0 1 0 460 
521 10 0 1 0 10 34 12 20 25 29 15 14 -0.0283976 6 633 634
522 10 0 1 0 14 12 15 19 18 27 13 13 -0.062212 -96 635 636
523 10 0 1 0 34 33 13 12 6 5 13 20 -0.184523 22 637 638
524 10 0 1 0 22 14 20 17 10 14 20 18 -0.200806 -16 639 640
525 10 1 0 2 1 4 0 0 0 2 486 
526 10 0 1 0 20 22 20 17 20 22 17 14 -0.05 -1 641 642
527 10 0 1 0 18 17 17 12 18 16 20 19 -0.0923077 -15 643 644
528 10 0 1 0 11 22 18 20 21 30 17 17 -0.0829057 -89 645 646
529 10 1 0 3 1 4 0 0 2 1 546 
530 10 0 1 0 24 10 17 13 35 35 12 12 -0.0617787 11 647 648
531 11 1 0 2 1 4 1 1 0 0 6 
532 11 1 0 26 1 4 26 0 0 0 7 
533 11 1 0 8 1 4 0 8 0 0 8 
534 11 1 0 3 1 4 3 0 0 0 9 
535 11 0 1 0 20 29 18 14 19 11 15 16 -0 3 649 650
536 11 1 0 2 1 4 0 0 0 2 24 
537 11 0 1 0 20 27 14 20 17 30 17 13 -0.0243421 -17 651 652
538 11 0 1 0 12 12 18 18 20 9 14 14 -0.0666667 -2 653 654
539 11 1 0 3 1 4 0 0 1 2 61 
540 11 0 1 0 0 32 14 17 4 7 20 16 -0.0439975 10 655 656
541 11 1 0 2 1 4 1 1 0 0 65 
542 11 1 0 9 1 4 9 0 0 0 66 
543 11 1 0 4 1 4 0 0 4 0 68 
544 11 1 0 6 1 4 0 0 0 6 69 
545 11 0 1 0 28 1 17 14 12 3 15 14 -0.125 -3 657 658
546 11 1 0 8 1 4 0 0 0 8 73 
547 11 0 1 0 12 18 13 17 4 26 14 15 -0.0576775 57 659 660
548 11 1 0 7 1 4 4 1 0 2 78 
549 11 0 1 0 25 19 15 12 1 6 16 15 -0.0664726 -5 661 662
550 11 1 0 2 1 4 2 0 0 0 102 
551 11 1 0 2 1 4 0 1 1 0 109 
552 11 0 1 0 19 11 16 13 23 10 17 12 -0.033154 -32 663 664
553 11 1 0 4 1 4 1 3 0 0 115 
554 11 0 1 0 8 15 14 13 1 21 14 20 -0.08 -6 665 666
555 11 1 0 2 1 4 1 0 1 0 119 
556 11 1 0 15 1 4 0 0 15 0 120 
557 11 1 0 2 1 4 0 0 1 1 121 
558 11 1 0 8 1 4 0 0 0 8 122 
559 11 1 0 4 1 4 0 1 2 1 124 
560 11 1 0 23 1 4 0 23 0 0 125 
561 11 1 0 3 1 4 3 0 0 0 151 
562 11 0 1 0 0 17 17 12 0 32 14 17 -0.0419456 1 667 668
563 11 1 0 2 1 4 0 1 0 1 166 
564 11 0 1 0 28 29 16 15 24 26 14 20 -0.0078125 0 669 670
565 11 0 1 0 22 22 17 20 19 17 14 14 -0.0795684 18 671 672
566 11 1 0 2 1 4 0 0 0 2 200 
567 11 0 1 0 34 27 20 13 18 11 14 17 -0.081683 39 673 674
568 11 1 0 4 1 4 0 0 4 0 218 
569 11 1 0 18 1 4 18 0 0 0 219 
570 11 1 0 4 1 4 0 4 0 0 220 
571 11 1 0 2 1 4 0 0 0 2 226 
572 11 1 0 49 1 4 0 0 49 0 227 
573 11 1 0 8 1 4 7 1 0 0 233 
574 11 0 1 0 24 16 20 20 21 8 12 17 -0.163194 -13 675 676
575 11 0 1 0 13 5 13 20 18 15 12 13 -0.294643 -47 677 678
576 11 0 1 0 20 14 19 17 23 10 12 14 -0.337597 29 679 680
577 11 0 1 0 20 1 19 14 27 13 15 13 -0.160879 58 681 682
578 11 0 1 0 27 29 13 12 13 30 13 17 -0.12619 -9 683 684
579 11 0 1 0 28 5 15 15 19 23 12 19 -0.103657 -26 685 686
580 11 0 1 0 28 26 15 16 34 27 18 12 -0.0335648 18 687 688
581 11 1 0 5 1 4 5 0 0 0 299 
582 11 0 1 0 18 19 15 15 6 33 14 19 -0.0391692 -3 689 690
583 11 1 0 2 1 4 0 0 0 2 304 
584 11 0 1 0 14 20 14 17 4 29 15 15 -0 23 691 692
585 11 1 0 8 1 4 0 0 5 3 307 
586 11 1 0 2 1 4 1 1 0 0 308 
587 11 0 1 0 14 25 16 17 16 19 13 20 -0.294307 25 693 694
588 11 0 1 0 2 9 19 19 5 16 12 15 -0.100766 -22 695 696
589 11 1 0 4 1 4 0 1 0 3 319 
590 11 0 1 0 25 4 14 16 28 12 13 19 -0 -8 697 698
591 11 1 0 14 1 4 14 0 0 0 322 
592 11 1 0 5 1 4 1 4 0 0 323 
593 11 1 0 12 1 4 12 0 0 0 326 
594 11 1 0 8 1 4 1 7 0 0 327 
595 11 1 0 2 1 4 0 0 2 0 328 
596 11 1 0 61 1 4 0 0 0 61 329 
597 11 1 0 8 1 4 6 2 0 0 332 
598 11 1 0 25 1 4 0 25 0 0 333 
599 11 0 1 0 29 23 16 18 28 22 16 15 -0.0187023 -16 699 700
600 11 1 0 3 1 4 1 1 0 1 341 
601 11 1 0 4 1 4 0 2 1 1 342 
602 11 1 0 22 1 4 0 22 0 0 343 
603 11 1 0 5 1 4 5 0 0 0 344 
604 11 0 1 0 21 26 18 12 11 3 20 13 -0 55 701 702
605 11 1 0 2 1 4 0 1 1 0 351 
606 11 1 0 57 1 4 0 57 0 0 352 
607 11 0 1 0 26 29 12 17 0 26 15 14 -0 88 703 704
608 11 1 0 3 1 4 0 3 0 0 358 
609 11 0 1 0 22 6 19 16 16 18 20 17 -0.111597 9 705 706
610 11 1 0 2 1 4 2 0 0 0 381 
611 11 1 0 5 1 4 1 4 0 0 382 
612 11 1 0 6 1 4 0 0 0 6 383 
613 11 0 1 0 22 8 19 18 23 4 14 14 -0.047619 33 707 708
614 11 1 0 2 1 4 2 0 0 0 392 
615 11 1 0 2 1 4 0 0 2 0 401 
616 11 1 0 15 1 4 0 15 0 0 402 
617 11 0 1 0 24 3 17 17 15 2 15 12 -0.0558473 -34 709 710
618 11 1 0 3 1 4 0 3 0 0 409 
619 11 1 0 63 1 4 0 63 0 0 413 
620 11 1 0 2 1 4 0 1 1 0 414 
621 11 0 1 0 3 17 12 15 8 11 15 19 -0.0416667 -7 711 712
622 11 1 0 2 1 4 0 2 0 0 417 
623 11 1 0 7 1 4 0 0 7 0 426 
624 11 1 0 6 1 4 0 0 1 5 427 
625 11 1 0 68 1 4 0 0 0 68 428 
626 11 1 0 7 1 4 0 0 2 5 429 
627 11 0 1 0 14 21 19 20 7 24 19 12 -0.00537634 -6 713 714
628 11 1 0 8 1 4 0 0 3 5 437 
629 11 0 1 0 11 13 17 17 4 24 12 17 -0.166975 10 715 716
630 11 0 1 0 15 31 16 13 20 23 18 19 -0.279775 6 717 718
631 11 1 0 5 1 4 0 1 3 1 454 
632 11 0 1 0 20 4 18 17 17 7 13 19 -0.0311828 5 719 720
633 11 0 1 0 18 2 15 17 27 28 12 20 -0.0172414 -147 721 722
634 11 1 0 5 1 4 0 0 0 5 463 
635 11 1 0 8 1 4 0 0 6 2 464 
636 11 0 1 0 33 0 16 13 27 0 15 14 -0.0158602 12 723 724
637 11 0 1 0 8 6 17 16 4 10 13 12 -0.030303 -1 725 726
638 11 0 1 0 4 27 14 20 7 22 13 20 -0.0862069 24 727 728
639 11 1 0 10 1 4 0 10 0 0 473 
640 11 0 1 0 15 22 20 14 22 15 14 13 -0.170958 12 729 730
641 11 1 0 11 1 4 11 0 0 0 487 
642 11 1 0 4 1 4 0 3 1 0 488 
643 11 1 0 5 1 4 0 2 3 0 489 
644 11 1 0 8 1 4 8 0 0 0 490 
645 11 1 0 11 1 4 0 11 0 0 491 
646 11 0 1 0 4 23 17 19 15 23 12 14 -0.0776989 -53 731 732
647 11 0 1 0 27 28 14 17 22 20 15 14 -0.0417426 -26 733 734
648 11 1 0 8 1 4 0 5 0 3 560 
649 12 1 0 6 1 4 6 0 0 0 22 
650 12 1 0 36 1 4 0 36 0 0 23 
651 12 1 0 4 1 4 0 4 0 0 41 
652 12 0 1 0 4 2 20 20 3 0 12 20 -0.0175439 -4 735 736
653 12 1 0 5 1 4 0 1 4 0 44 
654 12 1 0 7 1 4 0 0 0 7 45 
655 12 0 1 0 23 4 12 13 25 0 14 12 -0 10 737 738
656 12 1 0 6 1 4 6 0 0 0 64 
657 12 1 0 2 1 4 0 1 0 1 71 
658 12 1 0 14 1 4 14 0 0 0 72 
659 12 0 1 0 25 7 18 19 33 0 19 13 -0.015625 9 739 740
660 12 1 0 2 1 4 1 0 0 1 77 
661 12 1 0 9 1 4 1 3 0 5 80 
662 12 0 1 0 4 22 16 20 26 34 12 20 -0.0586901 -84 741 742
663 12 1 0 2 1 4 1 0 0 1 110 
664 12 0 1 0 24 3 19 14 29 0 20 15 -0.00446401 -15 743 744
665 12 1 0 3 1 4 0 1 1 1 116 
666 12 1 0 22 1 4 0 0 0 22 117 
667 12 0 1 0 19 17 17 17 29 28 15 14 -0.025134 46 745 746
668 12 1 0 2 1 4 0 1 0 1 157 
669 12 1 0 2 1 4 1 1 0 0 167 
670 12 1 0 62 1 4 0 62 0 0 168 
671 12 0 1 0 18 14 12 18 20 18 14 12 -0.0741272 15 747 748
672 12 1 0 5 1 4 0 2 3 0 199 
673 12 0 1 0 20 11 16 17 16 7 20 18 -0.0318432 9 749 750
674 12 0 1 0 24 6 16 13 23 18 12 19 -0 -44 751 752
675 12 1 0 2 1 4 0 1 0 1 234 
676 12 0 1 0 29 27 13 15 20 11 12 19 -0.03125 -13 753 754
677 12 0 1 0 1 28 19 16 1 25 16 12 -0.116883 0 755 756
678 12 0 1 0 34 30 17 13 13 31 13 18 -0 -49 757 758
679 12 0 1 0 5 23 14 14 10 22 12 15 -0.14723 -45 759 760
680 12 1 0 18 1 4 0 18 0 0 245 
681 12 0 1 0 4 31 14 12 0 29 15 16 -0.150508 25 761 762
682 12 1 0 4 1 4 0 0 0 4 288 
683 12 0 1 0 9 6 12 14 6 25 13 12 -0.0178571 54 763 764
684 12 1 0 5 1 4 0 4 0 1 291 
685 12 0 1 0 28 27 15 15 31 30 12 15 -0.0494545 5 765 766
686 12 1 0 3 1 4 0 0 2 1 295 
687 12 0 1 0 0 12 18 13 16 24 19 14 -0.0104167 -87 767 768
688 12 1 0 6 1 4 1 5 0 0 298 
689 12 1 0 3 1 4 0 1 2 0 300 
690 12 0 1 0 18 23 18 17 11 25 20 16 -0.0112315 2 769 770
691 12 1 0 14 1 4 0 0 14 0 305 
692 12 1 0 2 1 4 0 2 0 0 306 
693 12 0 1 0 2 29 17 20 30 18 17 13 -0.0799031 -29 771 772
694 12 1 0 6 1 4 0 2 0 4 313 
695 12 1 0 6 1 4 0 1 5 0 314 
696 12 0 1 0 1 23 20 14 13 31 16 20 -0.065621 -2 773 774
697 12 1 0 2 1 4 2 0 0 0 320 
698 12 1 0 59 1 4 0 59 0 0 321 
699 12 1 0 6 1 4 1 5 0 0 335 
700 12 0 1 0 11 34 12 16 10 28 13 13 -0.00796709 42 775 776
701 12 1 0 2 1 4 2 0 0 0 345 
702 12 1 0 10 1 4 0 10 0 0 346 
703 12 1 0 39 1 4 0 0 39 0 356 
704 12 1 0 2 1 4 0 0 0 2 357 
705 12 0 1 0 17 30 14 12 21 11 14 12 -0.0746428 -11 777 778
706 12 1 0 2 1 4 1 0 0 1 380 
707 12 1 0 40 1 4 0 40 0 0 390 
708 12 1 0 2 1 4 0 1 0 1 391 
709 12 1 0 2 1 4 1 1 0 0 403 
710 12 0 1 0 2 32 14 14 25 27 14 19 -0.0351371 -39 779 780
711 12 1 0 2 1 4 0 0 1 1 415 
712 12 1 0 10 1 4 0 0 10 0 416 
713 12 1 0 2 1 4 0 1 1 0 435 
714 12 1 0 91 1 4 0 0 91 0 436 
715 12 0 1 0 23 30 17 16 23 29 13 12 -0.122014 35 781 782
716 12 1 0 7 1 4 2 5 0 0 447 
717 12 0 1 0 33 29 13 13 25 26 17 17 -0.0333333 -18 783 784
718 12 0 1 0 23 22 18 16 22 26 19 15 -0.162988 -9 785 786
719 12 0 1 0 24 18 17 12 24 18 20 18 -0.0183908 3 787 788
720 12 1 0 3 1 4 0 0 3 0 458 
721 12 1 0 2 1 4 0 0 1 1 461 
722 12 1 0 27 1 4 0 0 27 0 462 
723 12 0 1 0 12 9 15 12 30 5 20 17 -0.00833333 10 789 790
724 12 1 0 2 1 4 0 0 2 0 467 
725 12 1 0 3 1 4 0 1 2 0 468 
726 12 1 0 19 1 4 0 0 0 19 469 
727 12 1 0 19 1 4 0 0 19 0 470 
728 12 0 1 0 6 32 15 20 26 1 20 16 -0 98 791 792
729 12 1 0 5 1 4 1 4 0 0 474 
730 12 0 1 0 15 16 20 15 33 23 17 12 -0.135768 37 793 794
731 12 1 0 4 1 4 3 1 0 0 492 
732 12 0 1 0 16 22 12 18 22 18 14 13 -0.0729792 -24 795 796
733 12 0 1 0 31 9 16 16 28 8 18 18 -0 -4 797 798
734 12 0 1 0 4 32 15 14 17 30 14 17 -0.0330226 -15 799 800
735 13 1 0 6 1 4 0 2 4 0 42 
736 13 1 0 70 1 4 0 0 70 0 43 
737 13 1 0 35 1 4 0 35 0 0 62 
738 13 1 0 2 1 4 0 0 2 0 63 
739 13 0 1 0 5 34 12 18 1 32 14 13 -0 13 801 802
740 13 1 0 150 1 4 0 0 0 150 76 
741 13 1 0 5 1 4 1 1 0 3 81 
742 13 0 1 0 18 11 13 15 18 1 20 15 -0.052862 68 803 804
743 13 1 0 2 1 4 0 0 2 0 111 
744 13 0 1 0 2 21 14 16 11 35 12 13 -0.00226244 -39 805 806
745 13 0 1 0 20 25 14 20 23 24 15 14 -0.0136006 1 807 808
746 13 1 0 2 1 4 0 1 0 1 156 
747 13 0 1 0 21 8 14 14 27 12 16 16 -0.0657024 20 809 810
748 13 1 0 5 1 4 2 0 1 2 198 
749 13 0 1 0 30 15 18 12 34 22 19 12 -0.0112315 -32 811 812
750 13 1 0 3 1 4 3 0 0 0 215 
751 13 1 0 5 1 4 0 5 0 0 216 
752 13 1 0 6 1 4 0 0 6 0 217 
753 13 1 0 2 1 4 1 1 0 0 235 
754 13 1 0 14 1 4 0 14 0 0 236 
755 13 1 0 3 1 4 0 3 0 0 237 
756 13 0 1 0 24 16 20 20 21 8 12 17 -0 10 813 814
757 13 1 0 9 1 4 0 9 0 0 240 
758 13 1 0 9 1 4 9 0 0 0 241 
759 13 1 0 7 1 4 0 6 0 1 242 
760 13 0 1 0 29 33 13 15 1 4 19 17 -0.0561224 40 815 816
761 13 0 1 0 14 28 17 13 9 14 20 18 -0.138051 50 817 818
762 13 0 1 0 20 8 17 19 2 4 14 19 -0.2 3 819 820
763 13 1 0 26 1 4 26 0 0 0 289 
764 13 1 0 2 1 4 1 1 0 0 290 
765 13 1 0 5 1 4 4 1 0 0 292 
766 13 0 1 0 23 23 19 13 20 20 14 13 -0 -5 821 822
767 13 1 0 2 1 4 1 1 0 0 296 
768 13 1 0 46 1 4 46 0 0 0 297 
769 13 1 0 2 1 4 2 0 0 0 301 
770 13 0 1 0 10 12 18 20 22 15 19 15 -0.00581395 24 823 824
771 13 1 0 31 1 4 0 31 0 0 309 
772 13 0 1 0 27 1 16 14 24 6 12 13 -0.0341615 -9 825 826
773 13 0 1 0 3 16 19 18 13 17 13 19 -0.0392591 -46 827 828
774 13 1 0 2 1 4 0 0 2 0 318 
775 13 0 1 0 17 13 16 16 16 27 19 17 -0.00605635 -68 829 830
776 13 1 0 2 1 4 0 2 0 0 340 
777 13 1 0 2 1 4 1 0 0 1 376 
778 13 0 1 0 16 31 12 17 23 34 13 17 -0.0474489 45 831 832
779 13 1 0 3 1 4 0 0 0 3 404 
780 13 0 1 0 5 14 12 13 1 23 16 18 -0.0240937 14 833 834
781 13 0 1 0 14 27 15 16 1 12 16 16 -0.097359 65 835 836
782 13 1 0 8 1 4 0 8 0 0 446 
783 13 1 0 2 1 4 0 1 1 0 448 
784 13 1 0 13 1 4 0 0 13 0 449 
785 13 0 1 0 25 7 18 19 28 12 12 16 -0.0526114 2 837 838
786 13 1 0 7 1 4 7 0 0 0 453 
787 13 0 1 0 2 22 15 15 17 15 12 17 -0.00574713 -8 839 840
788 13 1 0 3 1 4 0 1 2 0 457 
789 13 1 0 58 1 4 0 0 0 58 465 
790 13 1 0 2 1 4 0 0 1 1 466 
791 13 1 0 5 1 4 0 0 0 5 471 
792 13 1 0 5 1 4 0 0 5 0 472 
793 13 0 1 0 30 23 15 13 6 8 20 19 -0.114674 114 841 842
794 13 1 0 6 1 4 0 0 0 6 485 
795 13 1 0 5 1 4 3 1 1 0 493 
796 13 0 1 0 25 2 13 17 32 1 18 13 -0.0679097 24 843 844
797 13 1 0 7 1 4 7 0 0 0 547 
798 13 1 0 5 1 4 0 5 0 0 548 
799 13 0 1 0 0 1 20 12 3 6 18 16 -0.0234522 16 845 846
800 13 1 0 4 1 4 3 1 0 0 559 
801 14 1 0 5 1 4 0 0 5 0 74 
802 14 1 0 5 1 4 0 0 0 5 75 
803 14 0 1 0 11 32 14 12 20 20 13 16 -0.0486252 -78 847 848
804 14 1 0 2 1 4 1 0 0 1 101 
805 14 1 0 219 1 4 0 0 0 219 112 
806 14 1 0 2 1 4 0 0 1 1 113 
807 14 0 1 0 19 17 16 16 22 26 20 13 -0.00653098 4 849 850
808 14 1 0 5 1 4 2 3 0 0 155 
809 14 0 1 0 21 30 13 14 10 29 18 15 -0.343596 -16 851 852
810 14 0 1 0 13 31 16 13 24 33 13 12 -0.0237955 -39 853 854
811 14 1 0 2 1 4 2 0 0 0 212 
812 14 0 1 0 11 9 14 14 6 5 20 16 -0.00581395 -5 855 856
813 14 1 0 2 1 4 0 0 0 2 238 
814 14 1 0 9 1 4 0 0 9 0 239 
815 14 1 0 4 1 4 0 1 1 2 243 
816 14 1 0 45 1 4 0 0 0 45 244 
817 14 0 1 0 20 20 12 14 11 19 14 13 -0.129245 89 857 858
818 14 1 0 6 1 4 0 2 0 4 285 
819 14 1 0 8 1 4 0 0 2 6 286 
820 14 1 0 2 1 4 1 1 0 0 287 
821 14 1 0 2 1 4 2 0 0 0 293 
822 14 1 0 48 1 4 0 48 0 0 294 
823 14 1 0 84 1 4 0 84 0 0 302 
824 14 1 0 2 1 4 1 1 0 0 303 
825 14 0 1 0 2 21 13 13 0 18 19 19 -0.0217391 -22 859 860
826 14 1 0 5 1 4 0 5 0 0 312 
827 14 1 0 4 1 4 1 2 0 1 315 
828 14 0 1 0 33 30 16 14 30 12 19 13 -0 4 861 862
829 14 1 0 2 1 4 1 1 0 0 336 
830 14 0 1 0 22 10 13 13 22 7 16 15 -0.00367347 26 863 864
831 14 0 1 0 15 16 15 13 14 22 17 13 -0.0349345 5 865 866
832 14 1 0 2 1 4 0 1 0 1 379 
833 14 0 1 0 16 6 19 20 33 24 19 14 -0.00916435 -5 867 868
834 14 1 0 2 1 4 1 0 1 0 408 
835 14 0 1 0 15 0 20 13 15 1 17 17 -0.0848299 -7 869 870
836 14 1 0 5 1 4 0 5 0 0 445 
837 14 0 1 0 8 22 17 17 12 23 13 13 -0.0178571 9 871 872
838 14 1 0 3 1 4 0 0 2 1 452 
839 14 1 0 2 1 4 0 1 1 0 455 
840 14 1 0 85 1 4 0 85 0 0 456 
841 14 0 1 0 22 2 15 17 29 0 18 17 -0.0928721 -4 873 874
842 14 1 0 4 1 4 0 0 0 4 484 
843 14 0 1 0 1 31 15 12 0 10 14 16 -0.0642343 -8 875 876
844 14 1 0 2 1 4 2 0 0 0 530 
845 14 0 1 0 24 18 12 18 32 16 17 15 -0.0200736 -13 877 878
846 14 1 0 2 1 4 0 0 1 1 558 
847 15 1 0 2 1 4 1 0 0 1 82 
848 15 0 1 0 19 6 12 19 15 25 20 12 -0.0452666 -13 879 880
849 15 0 1 0 6 20 16 18 7 10 17 14 -0.00367107 27 881 882
850 15 1 0 2 1 4 1 1 0 0 154 
851 15 1 0 5 1 4 1 0 0 4 174 
852 15 0 1 0 15 20 18 20 18 32 13 15 -0.21019 -29 883 884
853 15 0 1 0 17 5 20 17 7 0 18 12 -0.0714286 95 885 886
854 15 0 1 0 21 9 18 20 22 14 12 17 -0.0190181 9 887 888
855 15 1 0 2 1 4 1 1 0 0 213 
856 15 1 0 84 1 4 0 84 0 0 214 
857 15 0 1 0 16 31 16 14 8 34 13 17 -0.123499 18 889 890
858 15 1 0 4 1 4 0 1 0 3 284 
859 15 1 0 2 1 4 1 1 0 0 310 
860 15 1 0 21 1 4 21 0 0 0 311 
861 15 1 0 4 1 4 0 4 0 0 316 
862 15 1 0 213 1 4 213 0 0 0 317 
863 15 1 0 235 1 4 235 0 0 0 337 
864 15 0 1 0 31 12 16 15 29 1 13 14 -0.05 7 891 892
865 15 1 0 220 1 4 0 0 0 220 377 
866 15 1 0 9 1 4 1 0 0 8 378 
867 15 0 1 0 12 30 16 20 18 27 16 15 -0.00310559 -5 893 894
868 15 1 0 2 1 4 0 1 1 0 407 
869 15 1 0 4 1 4 0 0 1 3 438 
870 15 0 1 0 11 25 14 19 12 21 20 18 -0.0669951 -2 895 896
871 15 1 0 26 1 4 0 26 0 0 450 
872 15 1 0 2 1 4 0 1 1 0 451 
873 15 0 1 0 10 22 20 17 5 32 14 13 -0.0378788 5 897 898
874 15 0 1 0 23 23 15 16 27 22 19 17 -0.0444444 24 899 900
875 15 1 0 2 1 4 2 0 0 0 494 
876 15 0 1 0 28 15 15 18 31 22 17 13 -0.0604751 6 901 902
877 15 1 0 3 1 4 0 1 2 0 549 
878 15 0 1 0 29 4 17 18 34 1 18 12 -0.0174242 -12 903 904
879 16 0 1 0 31 11 16 14 27 34 13 15 -0.0276958 -43 905 906
880 16 0 1 0 14 32 15 12 13 5 15 20 -0.375 29 907 908
881 16 1 0 221 1 4 0 221 0 0 152 
882 16 1 0 6 1 4 1 5 0 0 153 
883 16 0 1 0 26 30 15 18 25 6 15 12 -0.141414 30 909 910
884 16 0 1 0 28 28 14 14 19 29 12 14 -0.0963408 11 911 912
885 16 1 0 7 1 4 0 6 1 0 185 
886 16 1 0 5 1 4 5 0 0 0 186 
887 16 0 1 0 19 33 13 19 35 34 12 12 -0.0152399 90 913 914
888 16 1 0 6 1 4 3 0 3 0 197 
889 16 0 1 0 27 28 16 20 33 29 18 14 -0.369561 9 915 916
890 16 0 1 0 9 11 15 12 7 29 15 17 -0.0823359 -39 917 918
891 16 1 0 2 1 4 1 1 0 0 338 
892 16 1 0 8 1 4 8 0 0 0 339 
893 16 1 0 2 1 4 0 1 1 0 405 
894 16 1 0 159 1 4 0 0 159 0 406 
895 16 1 0 7 1 4 0 4 3 0 439 
896 16 0 1 0 25 10 20 20 19 27 15 20 -0.0432651 -81 919 920
897 16 1 0 13 1 4 0 0 13 0 475 
898 16 0 1 0 7 16 12 16 12 12 19 20 -0.0454545 -11 921 922
899 16 0 1 0 31 30 15 16 15 3 16 15 -0.0300699 24 923 924
900 16 1 0 3 1 4 0 0 0 3 483 
901 16 0 1 0 33 31 15 12 16 11 12 19 -0.0524693 7 925 926
902 16 0 1 0 12 25 17 13 1 30 12 18 -0.0422078 3 927 928
903 16 1 0 5 1 4 2 3 0 0 550 
904 16 0 1 0 0 32 13 14 9 3 20 19 -0.0138287 14 929 930
905 17 0 1 0 14 30 15 18 17 22 14 20 -0.0350877 8 931 932
906 17 0 1 0 8 20 19 18 6 19 17 13 -0.019167 -2 933 934
907 17 0 1 0 22 5 13 12 20 19 18 12 -0.246667 -2 935 936
908 17 1 0 54 1 4 0 0 0 54 100 
909 17 1 0 4 1 4 0 0 0 4 175 
910 17 0 1 0 6 33 14 16 23 4 15 17 -0 69 937 938
911 17 0 1 0 1 7 20 17 2 16 15 16 -0.0446546 -32 939 940
912 17 1 0 3 1 4 0 2 0 1 184 
913 17 0 1 0 1 7 13 16 10 14 19 12 -0.0139953 -104 941 942
914 17 1 0 4 1 4 1 3 0 0 196 
915 17 0 1 0 25 3 13 12 27 18 14 20 -0.225284 -8 943 944
916 17 0 1 0 12 0 15 14 33 10 18 14 -0.13832 79 945 946
917 17 0 1 0 23 11 15 20 25 19 13 16 -0 -10 947 948
918 17 0 1 0 26 4 18 19 13 6 14 17 -0.0735603 4 949 950
919 17 1 0 2 1 4 0 2 0 0 440 
920 17 0 1 0 25 11 19 12 10 22 14 12 -0.0294118 17 951 952
921 17 1 0 2 1 4 0 1 1 0 476 
922 17 1 0 9 1 4 0 9 0 0 477 
923 17 1 0 2 1 4 0 2 0 0 478 
924 17 0 1 0 21 26 17 15 30 32 12 17 -0.0230769 -24 953 954
925 17 0 1 0 26 16 13 16 15 3 13 16 -0.247475 5 955 956
926 17 0 1 0 26 31 16 16 23 24 18 19 -0.0459062 -7 957 958
927 17 1 0 8 1 4 0 0 8 0 527 
928 17 0 1 0 24 10 17 20 9 13 12 20 -0.0357143 13 959 960
929 17 0 1 0 0 25 20 12 0 25 16 15 -0.00879088 7 961 962
930 17 0 1 0 27 4 20 19 11 27 16 16 -0 -110 963 964
931 18 1 0 3 1 4 1 2 0 0 83 
932 18 1 0 16 1 4 0 0 0 16 84 
933 18 1 0 3 1 4 0 0 3 0 85 
934 18 0 1 0 1 25 14 13 0 24 18 12 -0.0187062 -7 965 966
935 18 1 0 5 1 4 3 2 0 0 97 
936 18 0 1 0 14 19 17 20 9 6 17 13 -0.133333 16 967 968
937 18 1 0 14 1 4 0 14 0 0 176 
938 18 1 0 4 1 4 4 0 0 0 177 
939 18 1 0 2 1 4 0 0 2 0 178 
940 18 0 1 0 25 29 18 14 34 31 16 13 -0.0326182 53 969 970
941 18 1 0 2 1 4 1 0 1 0 187 
942 18 0 1 0 24 31 15 17 26 33 14 20 -0.0124149 16 971 972
943 18 0 1 0 25 21 17 14 22 24 20 13 -0.207014 -29 973 974
944 18 0 1 0 2 26 20 14 30 13 15 12 -0 2 975 976
945 18 0 1 0 0 8 19 16 11 23 17 17 -0.0737705 0 977 978
946 18 1 0 3 1 4 0 0 0 3 255 
947 18 1 0 5 1 4 0 5 0 0 256 
948 18 1 0 5 1 4 0 0 0 5 257 
949 18 0 1 0 27 34 12 20 29 30 17 16 -0.0678704 21 979 980
950 18 1 0 5 1 4 0 3 0 2 283 
951 18 0 1 0 32 26 12 14 11 8 12 14 -0.0146992 -4 981 982
952 18 1 0 2 1 4 0 0 0 2 444 
953 18 1 0 4 1 4 0 0 2 2 479 
954 18 0 1 0 15 30 13 20 0 31 16 19 -0.0118408 85 983 984
955 18 1 0 2 1 4 0 0 1 1 495 
956 18 1 0 9 1 4 4 5 0 0 496 
957 18 1 0 7 1 4 0 0 1 6 497 
958 18 0 1 0 13 11 12 19 4 25 13 14 -0.0427792 12 985 986
959 18 1 0 2 1 4 0 0 1 1 528 
960 18 1 0 12 1 4 0 0 0 12 529 
961 18 0 1 0 28 26 12 14 1 35 12 18 -0.00731861 -18 987 988
962 18 1 0 2 1 4 1 1 0 0 555 
963 18 1 0 9 1 4 0 9 0 0 556 
964 18 1 0 3 1 4 0 0 3 0 557 
965 19 1 0 4 1 4 0 1 0 3 86 
966 19 0 1 0 21 32 15 12 22 33 12 15 -0.0160976 0 989 990
967 19 1 0 2 1 4 0 1 0 1 98 
968 19 1 0 13 1 4 0 0 0 13 99 
969 19 0 1 0 16 21 18 19 21 29 18 20 -0.0196573 -19 991 992
970 19 1 0 6 1 4 2 4 0 0 183 
971 19 0 1 0 4 21 14 18 23 0 12 14 -0.00621184 -74 993 994
972 19 0 1 0 15 24 16 18 18 23 20 20 -0.0970624 5 995 996
973 19 1 0 4 1 4 0 0 3 1 246 
974 19 0 1 0 14 14 18 19 16 15 16 14 -0 -8 997 998
975 19 1 0 2 1 4 0 2 0 0 249 
976 19 1 0 38 1 4 38 0 0 0 250 
977 19 0 1 0 14 5 19 14 14 17 19 20 -0.0327089 9 999 1000
978 19 1 0 2 1 4 0 0 1 1 254 
979 19 0 1 0 8 32 12 12 0 13 20 13 -0.0646094 76 1001 1002
980 19 1 0 7 1 4 5 2 0 0 282 
981 19 1 0 2 1 4 0 0 0 2 441 
982 19 0 1 0 26 29 14 15 25 27 14 20 -0.010101 18 1003 1004
983 19 0 1 0 29 24 12 15 9 26 13 20 -0.00403226 34 1005 1006
984 19 1 0 2 1 4 0 1 1 0 482 
985 19 0 1 0 21 7 18 16 1 30 16 14 -0.0388853 -7 1007 1008
986 19 1 0 8 1 4 1 5 2 0 526 
987 19 0 1 0 11 26 20 13 11 18 19 19 -0 10 1009 1010
988 19 0 1 0 14 35 12 17 9 33 14 14 -0.00105042 8 1011 1012
989 20 1 0 4 1 4 1 0 0 3 87 
990 20 0 1 0 27 29 14 19 29 15 18 14 -0.0120903 6 1013 1014
991 20 1 0 3 1 4 1 2 0 0 179 
992 20 0 1 0 33 23 16 12 13 9 15 14 -0.0110185 -61 1015 1016
993 20 1 0 4 1 4 2 2 0 0 188 
994 20 0 1 0 34 35 12 12 28 29 14 13 -0.00467194 -17 1017 1018
995 20 1 0 5 1 4 0 4 0 1 193 
996 20 0 1 0 2 16 16 20 18 6 12 20 -0.0131579 29 1019 1020
997 20 1 0 4 1 4 4 0 0 0 247 
998 20 1 0 9 1 4 0 9 0 0 248 
999 20 0 1 0 6 6 16 17 28 23 20 12 -0 -67 1021 1022
1000 20 1 0 2 1 4 2 0 0 0 253 
1001 20 0 1 0 34 27 18 12 28 27 14 15 -0.0564671 0 1023 1024
1002 20 0 1 0 18 7 16 13 2 23 13 19 -0 20 1025 1026
1003 20 1 0 126 1 4 0 0 126 0 442 
1004 20 1 0 6 1 4 0 2 4 0 443 
1005 20 1 0 122 1 4 0 0 122 0 480 
1006 20 1 0 2 1 4 0 0 1 1 481 
1007 20 0 1 0 17 22 20 15 13 32 13 18 -0.0338891 9 1027 1028
1008 20 0 1 0 24 18 18 13 16 15 18 15 -0.032967 14 1029 1030
1009 20 1 0 3 1 4 3 0 0 0 551 
1010 20 1 0 30 1 4 0 30 0 0 552 
1011 20 1 0 2 1 4 0 1 1 0 553 
1012 20 1 0 474 1 4 0 474 0 0 554 
1013 21 0 1 0 0 1 17 17 27 32 12 18 -0.00645365 -124 1031 1032
1014 21 0 1 0 6 31 16 19 7 18 16 19 -0.132822 11 1033 1034
1015 21 1 0 4 1 4 2 2 0 0 180 
1016 21 0 1 0 8 25 18 20 8 29 17 17 -0.00423729 6 1035 1036
1017 21 1 0 4 1 4 3 0 0 1 189 
1018 21 0 1 0 1 34 13 20 5 29 15 16 -0.00116623 40 1037 1038
1019 21 1 0 36 1 4 36 0 0 0 194 
1020 21 1 0 2 1 4 1 1 0 0 195 
1021 21 1 0 2 1 4 0 0 2 0 251 
1022 21 1 0 55 1 4 0 55 0 0 252 
1023 21 0 1 0 35 10 16 12 25 4 14 14 -0.0517609 22 1039 1040
1024 21 0 1 0 10 30 16 14 3 20 19 18 -0 7 1041 1042
1025 21 1 0 7 1 4 0 7 0 0 280 
1026 21 1 0 3 1 4 0 0 0 3 281 
1027 21 0 1 0 29 25 13 13 5 28 16 13 -0.0321503 74 1043 1044
1028 21 1 0 2 1 4 1 1 0 0 522 
1029 21 1 0 15 1 4 0 0 15 0 523 
1030 21 0 1 0 12 15 18 18 19 4 17 15 -0.0384615 -1 1045 1046
1031 22 1 0 2 1 4 0 0 1 1 88 
1032 22 0 1 0 6 17 14 13 5 28 15 20 -0.00597683 -13 1047 1048
1033 22 1 0 2 1 4 0 2 0 0 94 
1034 22 0 1 0 6 2 13 18 0 5 17 16 -0.0740741 0 1049 1050
1035 22 1 0 173 1 4 173 0 0 0 181 
1036 22 1 0 4 1 4 3 1 0 0 182 
1037 22 0 1 0 21 8 20 12 22 22 16 13 -0.000240964 -47 1051 1052
1038 22 1 0 7 1 4 5 2 0 0 192 
1039 22 0 1 0 24 21 16 18 23 8 16 20 -0.0497936 6 1053 1054
1040 22 1 0 3 1 4 3 0 0 0 277 
1041 22 1 0 10 1 4 0 10 0 0 278 
1042 22 1 0 8 1 4 8 0 0 0 279 
1043 22 0 1 0 13 9 20 12 1 26 17 15 -0.030031 6 1055 1056
1044 22 1 0 3 1 4 0 0 0 3 521 
1045 22 1 0 2 1 4 0 0 1 1 524 
1046 22 1 0 11 1 4 0 0 0 11 525 
1047 23 0 1 0 27 27 12 20 29 25 18 14 -0.00408844 6 1057 1058
1048 23 1 0 9 1 4 0 1 0 8 93 
1049 23 1 0 2 1 4 0 1 0 1 95 
1050 23 1 0 25 1 4 0 0 0 25 96 
1051 23 1 0 2 1 4 1 1 0 0 190 
1052 23 1 0 2073 1 4 2073 0 0 0 191 
1053 23 0 1 0 8 29 16 14 4 18 18 17 -0.0542986 7 1059 1060
1054 23 0 1 0 33 30 12 14 30 14 13 13 -0.03847 -3 1061 1062
1055 23 0 1 0 27 14 12 14 30 34 12 16 -0.0285589 -8 1063 1064
1056 23 1 0 2 1 4 1 1 0 0 520 
1057 24 1 0 1807 1 4 0 0 0 1807 89 
1058 24 0 1 0 27 18 20 17 26 30 12 16 -0.0597701 -4 1065 1066
1059 24 0 1 0 17 23 16 12 10 19 17 17 -0.0384615 15 1067 1068
1060 24 1 0 4 1 4 0 0 0 4 260 
1061 24 0 1 0 15 11 20 20 29 0 15 12 -0.166667 57 1069 1070
1062 24 0 1 0 24 15 20 18 24 21 18 18 -0.0300052 -2 1071 1072
1063 24 0 1 0 11 14 15 16 33 26 17 12 -0.0248804 3 1073 1074
1064 24 1 0 6 1 4 2 0 4 0 519 
1065 25 0 1 0 13 12 12 15 12 17 17 19 -0 -18 1075 1076
1066 25 1 0 101 1 4 0 0 0 101 92 
1067 25 1 0 11 1 4 0 11 0 0 258 
1068 25 1 0 2 1 4 1 1 0 0 259 
1069 25 1 0 4 1 4 0 1 0 3 261 
1070 25 1 0 14 1 4 0 14 0 0 262 
1071 25 0 1 0 14 6 19 18 26 8 20 19 -0.0276638 5 1077 1078
1072 25 1 0 8 1 4 4 4 0 0 276 
1073 25 0 1 0 5 13 17 15 1 26 15 18 -0.0217629 -113 1079 1080
1074 25 0 1 0 31 33 14 14 26 30 16 15 -0.0777778 -17 1081 1082
1075 26 1 0 13 1 4 0 0 0 13 90 
1076 26 1 0 2 1 4 0 2 0 0 91 
1077 26 1 0 3 1 4 0 2 0 1 263 
1078 26 0 1 0 18 31 16 16 12 24 20 13 -0.0251293 19 1083 1084
1079 26 1 0 4 1 4 0 3 1 0 498 
1080 26 0 1 0 35 26 16 12 19 4 20 19 -0.0204099 -6 1085 1086
1081 26 1 0 9 1 4 0 7 2 0 517 
1082 26 1 0 11 1 4 0 0 11 0 518 
1083 27 0 1 0 22 14 14 12 17 24 19 18 -0.033195 -16 1087 1088
1084 27 0 1 0 18 32 14 17 13 31 14 15 -0.0175181 3 1089 1090
1085 27 1 0 2 1 4 0 0 0 2 499 
1086 27 0 1 0 26 25 16 13 20 24 13 20 -0.0194484 -5 1091 1092
1087 28 0 1 0 16 23 13 16 15 21 12 16 -0.0172381 -4 1093 1094
1088 28 0 1 0 26 5 12 16 20 23 18 19 -0 -63 1095 1096
1089 28 1 0 2 1 4 0 1 0 1 270 
1090 28 0 1 0 7 11 16 12 9 29 14 14 -0.0152695 -20 1097 1098
1091 28 1 0 2 1 4 1 0 1 0 500 
1092 28 0 1 0 31 25 18 16 19 15 12 14 -0.0179813 -8 1099 1100
1093 29 0 1 0 13 18 12 15 5 5 14 15 -0.0411899 105 1101 1102
1094 29 1 0 204 1 4 0 204 0 0 267 
1095 29 1 0 5 1 4 0 5 0 0 268 
1096 29 1 0 8 1 4 8 0 0 0 269 
1097 29 0 1 0 0 12 16 18 4 26 16 20 -0.0949668 -22 1103 1104
1098 29 0 1 0 24 30 12 19 23 27 16 20 -0.000698812 -3 1105 1106
1099 29 1 0 4 1 4 1 0 3 0 501 
1100 29 0 1 0 3 30 17 16 0 24 17 19 -0.0159679 -4 1107 1108
1101 30 0 1 0 19 24 20 20 34 11 16 13 -0.0263158 54 1109 1110
1102 30 1 0 4 1 4 4 0 0 0 266 
1103 30 0 1 0 24 20 18 14 21 14 14 19 -0.017094 9 1111 1112
1104 30 1 0 9 1 4 0 6 0 3 273 
1105 30 1 0 3 1 4 1 2 0 0 274 
1106 30 1 0 951 1 4 0 951 0 0 275 
1107 30 1 0 8 1 4 0 3 5 0 502 
1108 30 0 1 0 2 25 20 14 13 8 18 18 -0.0147825 9 1113 1114
1109 31 1 0 2 1 4 1 1 0 0 264 
1110 31 1 0 17 1 4 0 17 0 0 265 
1111 31 1 0 2 1 4 0 1 0 1 271 
1112 31 1 0 115 1 4 0 115 0 0 272 
1113 31 1 0 7 1 4 0 0 5 2 503 
1114 31 0 1 0 25 30 15 20 24 30 13 14 -0.013794 -23 1115 1116
1115 32 0 1 0 5 2 19 15 10 0 18 13 -0.0231481 2 1117 1118
1116 32 0 1 0 8 12 20 12 2 19 17 19 -0.0115773 4 1119 1120
1117 33 1 0 30 1 4 0 0 30 0 504 
1118 33 1 0 6 1 4 0 5 1 0 505 
1119 33 0 1 0 24 31 16 16 23 33 12 17 -0.0110242 -12 1121 1122
1120 33 1 0 2 1 4 0 1 1 0 516 
1121 34 1 0 7 1 4 0 0 5 2 506 
1122 34 0 1 0 29 30 17 15 21 16 17 13 -0.0100743 10 1123 1124
1123 35 0 1 0 12 0 19 14 3 10 15 18 -0.0716418 2 1125 1126
1124 35 0 1 0 21 1 20 19 35 32 12 12 -0.00402114 -3 1127 1128
1125 36 1 0 62 1 4 0 0 62 0 507 
1126 36 1 0 5 1 4 3 0 2 0 508 
1127 36 0 1 0 35 28 13 12 29 3 15 18 -0.00314203 -2 1129 1130
1128 36 1 0 8 1 4 0 2 6 0 515 
1129 37 1 0 6 1 4 0 1 5 0 509 
1130 37 0 1 0 23 16 19 15 17 13 19 15 -0.00265579 -4 1131 1132
1131 38 0 1 0 10 2 18 15 2 30 17 13 -0.0592593 -56 1133 1134
1132 38 0 1 0 25 15 13 15 10 8 15 12 -0.000523528 -10 1135 1136
1133 39 1 0 42 1 4 0 0 42 0 510 
1134 39 1 0 3 1 4 1 0 2 0 511 
1135 39 0 1 0 2 6 20 20 6 9 15 14 -0.0277778 -3 1137 1138
1136 39 1 0 1786 1 4 0 0 1786 0 514 
1137 40 1 0 2 1 4 0 1 1 0 512 
1138 40 1 0 16 1 4 0 0 16 0 513 
