-2147483648 -2147483648 data/trees_headpose/tree_012.txt
100 10 5000 30 30000 1 48 1 data/trees_headpose ./data/Cropped_HBO_Data_4view.txt
1 0
0 0 0 1 0 27 11 15 18 34 31 15 13 -0.980024 7 1 2
1 1 0 1 0 18 8 16 17 30 12 19 14 -0.652799 12 3 4
2 1 0 1 0 12 26 18 12 14 10 14 17 -0.846372 -1 5 6
3 2 0 1 0 9 12 20 15 0 29 18 15 -0.351928 3 7 8
4 2 0 1 0 1 33 13 15 5 22 20 13 -0.665699 18 9 10
5 2 0 1 0 17 25 19 14 19 27 15 12 -1.40201 0 11 12
6 2 0 1 0 33 34 13 14 33 21 18 14 -0.64247 11 13 14
7 3 0 1 0 28 15 15 16 26 11 19 15 -0.286364 -10 15 16
8 3 0 1 0 27 13 17 17 12 10 14 18 -0.336968 22 17 18
9 3 0 1 0 9 22 14 19 11 25 18 14 -0.722661 -16 19 20
10 3 0 1 0 9 33 14 12 18 10 16 12 -0.284167 38 21 22
11 3 0 1 0 32 29 13 12 33 27 19 14 -0.952426 0 23 24
12 3 0 1 0 34 21 17 13 33 26 20 14 -1.5102 0 25 26
13 3 0 1 0 1 26 15 20 5 25 16 15 -0.352928 6 27 28
14 3 0 1 0 5 23 19 14 0 28 19 17 -1.11445 -2 29 30
15 4 0 1 0 26 32 14 14 25 14 18 16 -0.259023 29 31 32
16 4 0 1 0 10 26 12 17 15 17 18 12 -0.253943 -2 33 34
17 4 0 1 0 23 6 15 20 23 5 18 13 -0.228763 9 35 36
18 4 0 1 0 17 7 15 19 8 32 13 19 -0.389639 -8 37 38
19 4 0 1 0 6 6 20 13 2 24 13 14 -1.22032 3 39 40
20 4 0 1 0 6 23 14 13 2 32 12 12 -0.547561 0 41 42
21 4 0 1 0 17 27 18 20 5 32 14 15 -0.172335 -36 43 44
22 4 0 1 0 20 20 20 16 18 16 15 18 -0.683616 -3 45 46
23 4 0 1 0 16 28 19 19 15 27 12 19 -0.259503 26 47 48
24 4 0 1 0 17 27 19 16 20 4 20 16 -1.14351 3 49 50
25 4 0 1 0 22 24 17 16 21 11 12 16 -1.18279 -14 51 52
26 4 0 1 0 28 17 16 12 27 15 20 14 -0.474704 -4 53 54
27 4 0 1 0 6 29 16 17 4 14 18 20 -0.293697 7 55 56
28 4 0 1 0 23 27 19 17 25 17 13 18 -0.0595238 7 57 58
29 4 0 1 0 9 33 14 18 19 17 15 19 -0.612686 35 59 60
30 4 0 1 0 3 21 16 17 3 23 16 16 -0.478519 5 61 62
31 5 0 1 0 20 30 17 12 20 5 20 19 -0.0501722 64 63 64
32 5 0 1 0 30 13 13 17 30 6 20 12 -0.142857 -4 65 66
33 5 0 1 0 18 1 19 19 11 12 14 18 -0.744104 -25 67 68
34 5 0 1 0 26 27 14 19 28 33 14 14 -0.19816 4 69 70
35 5 0 1 0 2 24 18 17 9 14 14 13 -0.216801 -3 71 72
36 5 0 1 0 7 18 15 19 7 29 16 14 -0 26 73 74
37 5 0 1 0 8 17 12 12 27 17 17 19 -0.350173 -44 75 76
38 5 0 1 0 20 30 15 20 27 30 15 13 -0.043956 2 77 78
39 5 0 1 0 16 31 15 18 23 24 19 18 -0.90299 20 79 80
40 5 0 1 0 30 29 14 17 22 10 12 20 -0.612966 -12 81 82
41 5 0 1 0 7 31 15 19 19 29 15 20 -0.503167 25 83 84
42 5 0 1 0 25 17 17 20 25 1 17 12 -0.459514 -20 85 86
43 5 0 1 0 28 21 13 15 34 26 18 13 -0.441667 -9 87 88
44 5 0 1 0 28 28 17 15 32 31 16 14 -0.130625 17 89 90
45 5 1 0 19 1 4 0 0 0 19 425 
46 5 0 1 0 22 30 12 20 13 5 17 19 -0.530748 89 91 92
47 5 0 1 0 20 13 16 19 21 24 19 16 -0.153283 -10 93 94
48 5 1 0 2 1 4 0 0 0 2 449 
49 5 0 1 0 10 25 18 13 1 20 12 17 -0.142292 -6 95 96
50 5 0 1 0 14 12 16 14 12 28 19 12 -1.10584 14 97 98
51 5 0 1 0 6 25 17 20 18 22 16 15 -0.779268 -2 99 100
52 5 0 1 0 4 26 13 13 5 15 12 12 -0.318841 -17 101 102
53 5 1 0 2 1 4 2 0 0 0 477 
54 5 0 1 0 4 27 18 14 2 21 18 20 -0.342005 -6 103 104
55 5 0 1 0 7 16 12 16 15 0 20 17 -0.883438 9 105 106
56 5 0 1 0 29 18 20 18 32 30 12 12 -0.218503 -5 107 108
57 5 1 0 17 1 4 17 0 0 0 538 
58 5 1 0 7 1 4 0 2 5 0 539 
59 5 0 1 0 17 28 12 16 14 27 18 15 -0.229512 -11 109 110
60 5 0 1 0 4 17 20 16 12 27 20 14 -0.330876 -44 111 112
61 5 0 1 0 0 15 20 14 11 27 15 14 -0.287199 -26 113 114
62 5 0 1 0 19 33 14 20 24 16 17 15 -0.150246 24 115 116
63 6 0 1 0 30 25 19 12 26 9 15 15 -0 32 117 118
64 6 1 0 2 1 4 0 0 1 1 2 
65 6 1 0 3 1 4 0 0 0 3 3 
66 6 1 0 7 1 4 0 2 5 0 4 
67 6 0 1 0 11 26 13 18 11 31 16 19 -0.183586 -20 119 120
68 6 0 1 0 11 14 16 19 4 20 15 20 -0.772591 21 121 122
69 6 0 1 0 6 32 12 16 25 35 12 18 -0.181592 -118 123 124
70 6 0 1 0 29 29 14 15 23 9 12 17 -0.179494 0 125 126
71 6 0 1 0 30 0 14 12 31 3 12 13 -0.116498 -4 127 128
72 6 0 1 0 22 32 12 12 17 27 16 20 -0.425431 0 129 130
73 6 1 0 33 1 4 33 0 0 0 184 
74 6 1 0 4 1 4 0 4 0 0 185 
75 6 0 1 0 25 2 15 20 17 23 13 14 -0.0142857 -26 131 132
76 6 0 1 0 12 25 12 20 5 24 18 16 -0.358333 48 133 134
77 6 0 1 0 5 35 12 17 29 13 18 13 -0.0119048 -43 135 136
78 6 1 0 2 1 4 0 0 0 2 194 
79 6 0 1 0 13 5 13 17 13 22 12 15 -0.404345 -36 137 138
80 6 0 1 0 7 25 19 15 0 25 16 16 -0.581751 7 139 140
81 6 0 1 0 24 23 20 12 23 27 17 18 -0.361353 -1 141 142
82 6 0 1 0 18 25 17 15 13 7 17 15 -0.371125 7 143 144
83 6 0 1 0 23 21 16 16 16 9 15 20 -0.349598 39 145 146
84 6 0 1 0 11 0 17 19 26 30 16 13 -0.477778 -8 147 148
85 6 0 1 0 3 12 19 17 7 22 14 15 -0.342328 -21 149 150
86 6 0 1 0 11 25 16 15 5 15 15 17 -0.412496 58 151 152
87 6 1 0 6 1 4 4 0 1 1 387 
88 6 1 0 14 1 4 0 0 0 14 388 
89 6 0 1 0 16 22 19 20 27 33 14 14 -0.0996176 -38 153 154
90 6 0 1 0 16 4 12 14 33 27 13 12 -0.193641 -75 155 156
91 6 0 1 0 12 23 19 20 8 28 16 16 -0.52116 -27 157 158
92 6 0 1 0 3 24 20 15 7 26 12 15 -0.0931727 -6 159 160
93 6 1 0 3 1 4 0 1 0 2 444 
94 6 0 1 0 11 29 18 15 14 27 14 20 -0.10574 19 161 162
95 6 1 0 2 1 4 0 0 0 2 450 
96 6 0 1 0 32 28 15 13 23 11 17 20 -0.0419823 -19 163 164
97 6 0 1 0 1 28 19 12 3 23 12 17 -0.988377 8 165 166
98 6 0 1 0 16 34 13 19 17 11 20 13 -0.320333 -4 167 168
99 6 0 1 0 10 12 17 15 14 33 12 14 -0.242647 -46 169 170
100 6 1 0 5 1 4 1 0 0 4 473 
101 6 1 0 6 1 4 2 4 0 0 474 
102 6 0 1 0 19 10 15 15 14 27 15 18 -0.0289855 13 171 172
103 6 1 0 4 1 4 2 0 0 2 478 
104 6 0 1 0 30 29 12 12 30 20 17 16 -0.0400086 1 173 174
105 6 0 1 0 14 21 14 12 4 27 13 16 -0.125 59 175 176
106 6 0 1 0 23 27 13 13 19 16 14 19 -0.712868 -12 177 178
107 6 0 1 0 25 34 13 12 16 5 16 20 -0.574134 54 179 180
108 6 0 1 0 5 12 14 13 1 2 19 12 -0.186766 -13 181 182
109 6 1 0 5 1 4 1 0 0 4 540 
110 6 0 1 0 3 5 13 17 0 31 16 12 -0.114975 -11 183 184
111 6 0 1 0 26 12 15 18 16 0 13 18 -0.0151515 -7 185 186
112 6 1 0 4 1 4 4 0 0 0 546 
113 6 0 1 0 14 24 20 14 15 18 16 16 -0.232244 -4 187 188
114 6 1 0 9 1 4 6 3 0 0 554 
115 6 1 0 15 1 4 15 0 0 0 555 
116 6 0 1 0 25 0 18 20 27 29 18 15 -0.0357143 -36 189 190
117 7 1 0 62 1 4 62 0 0 0 0 
118 7 1 0 3 1 4 0 3 0 0 1 
119 7 0 1 0 20 0 16 18 27 16 15 14 -0.111111 -80 191 192
120 7 0 1 0 11 24 14 15 20 13 20 19 -0.0606061 -20 193 194
121 7 0 1 0 21 32 14 20 10 32 12 14 -0.445694 6 195 196
122 7 0 1 0 20 31 15 12 5 17 19 13 -0.189076 128 197 198
123 7 0 1 0 0 12 16 17 2 16 18 16 -0.0138889 6 199 200
124 7 0 1 0 7 11 12 17 33 23 17 14 -0.173893 7 201 202
125 7 1 0 4 1 4 3 1 0 0 133 
126 7 0 1 0 2 25 19 19 7 28 19 20 -0.070131 -9 203 204
127 7 0 1 0 23 9 15 14 26 11 18 16 -0.0878205 -9 205 206
128 7 0 1 0 31 21 20 13 29 22 19 12 -0.0948908 8 207 208
129 7 0 1 0 1 24 15 17 27 13 16 15 -0.309917 14 209 210
130 7 0 1 0 21 0 16 15 23 0 16 15 -0.318333 5 211 212
131 7 1 0 33 1 4 0 0 0 33 186 
132 7 1 0 2 1 4 0 1 1 0 187 
133 7 0 1 0 3 28 14 17 15 30 16 19 -0.118519 -56 213 214
134 7 1 0 5 1 4 1 4 0 0 191 
135 7 1 0 59 1 4 0 59 0 0 192 
136 7 1 0 4 1 4 3 1 0 0 193 
137 7 0 1 0 15 33 14 19 33 16 15 14 -0.0488722 105 215 216
138 7 0 1 0 17 31 14 18 20 2 16 20 -0.100892 77 217 218
139 7 1 0 8 1 4 6 2 0 0 201 
140 7 0 1 0 23 10 18 14 24 15 18 19 -0.468067 6 219 220
141 7 1 0 5 1 4 3 2 0 0 211 
142 7 0 1 0 29 28 15 15 18 25 20 15 -0 -84 221 222
143 7 0 1 0 1 29 18 12 1 25 12 13 -0 15 223 224
144 7 0 1 0 27 33 12 17 23 31 14 13 -0.362319 4 225 226
145 7 0 1 0 32 31 12 15 30 30 12 13 -0.306012 -17 227 228
146 7 0 1 0 0 22 16 12 15 5 15 14 -0.021164 14 229 230
147 7 1 0 6 1 4 4 2 0 0 256 
148 7 0 1 0 1 2 17 12 23 21 15 15 -0.054321 2 231 232
149 7 0 1 0 0 23 17 15 4 16 12 18 -0.00961538 -38 233 234
150 7 0 1 0 12 28 16 15 0 8 16 20 -0.177391 71 235 236
151 7 0 1 0 28 31 12 18 28 28 14 14 -0.367166 2 237 238
152 7 0 1 0 29 9 16 18 25 1 20 14 -0.933367 0 239 240
153 7 0 1 0 8 18 19 17 23 30 13 14 -0.0568182 -50 241 242
154 7 0 1 0 7 19 20 12 11 1 19 17 -0.0796105 54 243 244
155 7 1 0 3 1 4 0 0 0 3 419 
156 7 0 1 0 25 19 20 18 33 24 16 14 -0.123382 12 245 246
157 7 1 0 7 1 4 0 0 1 6 426 
158 7 0 1 0 20 9 15 18 27 14 16 19 -0.382588 28 247 248
159 7 0 1 0 27 17 13 15 24 1 20 15 -0.0579323 51 249 250
160 7 0 1 0 2 15 13 19 22 1 13 15 -0 17 251 252
161 7 0 1 0 6 3 18 19 14 19 13 13 -0.0409882 1 253 254
162 7 1 0 2 1 4 1 0 0 1 448 
163 7 0 1 0 6 26 17 12 28 2 14 13 -0.0138889 -102 255 256
164 7 1 0 8 1 4 1 7 0 0 453 
165 7 0 1 0 23 15 13 20 29 21 19 17 -0.643006 23 257 258
166 7 0 1 0 16 13 13 18 19 26 13 15 -0.180556 7 259 260
167 7 0 1 0 24 16 18 20 28 24 20 15 -0 6 261 262
168 7 0 1 0 22 3 19 17 21 2 12 18 -0.161538 31 263 264
169 7 1 0 2 1 4 0 0 0 2 470 
170 7 0 1 0 11 7 18 15 19 3 14 12 -0.132353 -23 265 266
171 7 1 0 20 1 4 0 0 0 20 475 
172 7 1 0 3 1 4 0 2 1 0 476 
173 7 0 1 0 6 6 16 13 20 28 17 12 -0.0131579 -2 267 268
174 7 1 0 3 1 4 0 1 2 0 481 
175 7 1 0 14 1 4 0 0 0 14 482 
176 7 1 0 2 1 4 0 1 0 1 483 
177 7 1 0 9 1 4 1 1 2 5 484 
178 7 0 1 0 22 32 14 16 26 24 14 15 -0.373958 22 269 270
179 7 0 1 0 9 27 14 19 20 28 14 18 -0.190909 4 271 272
180 7 0 1 0 9 20 19 13 20 12 20 12 -0 5 273 274
181 7 1 0 6 1 4 5 0 0 1 494 
182 7 0 1 0 29 12 17 12 30 27 20 15 -0.171885 -8 275 276
183 7 0 1 0 8 3 14 13 27 8 15 12 -0 -15 277 278
184 7 1 0 5 1 4 3 0 0 2 543 
185 7 1 0 2 1 4 1 1 0 0 544 
186 7 1 0 31 1 4 0 0 0 31 545 
187 7 1 0 2 1 4 2 0 0 0 547 
188 7 0 1 0 32 24 15 12 20 31 15 17 -0.196198 -44 279 280
189 7 1 0 12 1 4 0 12 0 0 556 
190 7 1 0 2 1 4 0 0 1 1 557 
191 8 1 0 3 1 4 3 0 0 0 5 
192 8 0 1 0 0 27 20 13 0 0 20 14 -0 41 281 282
193 8 1 0 2 1 4 1 0 1 0 8 
194 8 1 0 31 1 4 31 0 0 0 9 
195 8 0 1 0 13 22 17 13 1 21 19 18 -0 4 283 284
196 8 0 1 0 10 20 14 13 34 28 18 13 -0.329734 -1 285 286
197 8 0 1 0 25 19 16 17 19 28 15 12 -0 6 287 288
198 8 1 0 3 1 4 0 0 0 3 19 
199 8 1 0 34 1 4 0 34 0 0 20 
200 8 1 0 2 1 4 0 1 1 0 21 
201 8 0 1 0 35 23 20 12 19 8 15 19 -0.160462 0 289 290
202 8 0 1 0 21 18 20 17 5 0 12 20 -0.156944 -7 291 292
203 8 0 1 0 13 27 20 14 12 24 20 16 -0.0253352 3 293 294
204 8 0 1 0 5 15 17 14 0 24 17 20 -0.0260417 -5 295 296
205 8 1 0 6 1 4 0 4 2 0 140 
206 8 0 1 0 14 4 20 15 7 11 20 19 -0.025 19 297 298
207 8 0 1 0 16 23 12 14 23 34 13 13 -0.08772 24 299 300
208 8 1 0 8 1 4 0 0 8 0 166 
209 8 0 1 0 11 27 13 15 7 24 20 15 -0 11 301 302
210 8 0 1 0 10 4 17 16 6 2 18 16 -0.136364 -6 303 304
211 8 0 1 0 25 27 19 15 31 24 19 12 -0.260254 12 305 306
212 8 1 0 7 1 4 7 0 0 0 183 
213 8 1 0 7 1 4 0 0 0 7 188 
214 8 0 1 0 10 21 20 14 28 29 18 12 -0 -22 307 308
215 8 0 1 0 14 25 18 18 20 0 18 19 -0.0357143 53 309 310
216 8 1 0 5 1 4 0 5 0 0 197 
217 8 0 1 0 2 18 15 17 29 20 16 17 -0 -89 311 312
218 8 1 0 6 1 4 0 5 0 1 200 
219 8 0 1 0 21 26 20 15 25 29 18 17 -0.581384 22 313 314
220 8 0 1 0 14 27 12 19 15 27 13 13 -0.169378 -1 315 316
221 8 1 0 2 1 4 0 2 0 0 212 
222 8 1 0 16 1 4 0 0 0 16 213 
223 8 1 0 4 1 4 0 4 0 0 214 
224 8 1 0 34 1 4 34 0 0 0 215 
225 8 0 1 0 20 17 19 14 20 17 13 17 -0.30495 12 317 318
226 8 1 0 3 1 4 0 0 0 3 225 
227 8 0 1 0 6 31 13 15 20 30 16 18 -0.260287 13 319 320
228 8 0 1 0 18 19 14 12 17 12 17 12 -0.254425 -17 321 322
229 8 1 0 9 1 4 1 8 0 0 254 
230 8 1 0 33 1 4 0 0 33 0 255 
231 8 0 1 0 1 7 13 17 5 15 12 19 -0.0185185 -15 323 324
232 8 1 0 3 1 4 1 2 0 0 259 
233 8 1 0 2 1 4 1 1 0 0 260 
234 8 1 0 50 1 4 0 0 0 50 261 
235 8 0 1 0 18 30 17 18 4 32 14 19 -0 34 325 326
236 8 1 0 2 1 4 0 0 0 2 264 
237 8 0 1 0 3 32 12 16 21 31 15 20 -0.26353 25 327 328
238 8 0 1 0 0 28 19 13 2 28 13 13 -0.482826 4 329 330
239 8 0 1 0 16 3 19 15 14 18 12 13 -0.526611 -9 331 332
240 8 0 1 0 5 23 17 14 8 10 13 18 -0.0692308 19 333 334
241 8 0 1 0 2 27 17 14 5 24 19 14 -0 -1 335 336
242 8 1 0 10 1 4 0 0 10 0 391 
243 8 0 1 0 21 22 14 15 19 34 13 19 -0.0666462 50 337 338
244 8 0 1 0 27 2 19 19 21 9 15 16 -0.185185 -49 339 340
245 8 1 0 10 1 4 10 0 0 0 420 
246 8 0 1 0 19 9 14 20 30 18 13 17 -0.0862114 60 341 342
247 8 0 1 0 7 25 20 17 4 20 18 16 -0.367958 53 343 344
248 8 0 1 0 16 31 13 18 15 8 17 20 -0.0452786 76 345 346
249 8 0 1 0 10 26 18 18 8 24 20 17 -0 4 347 348
250 8 1 0 2 1 4 1 0 1 0 441 
251 8 1 0 2 1 4 0 0 2 0 442 
252 8 1 0 13 1 4 0 13 0 0 443 
253 8 0 1 0 26 25 13 19 26 14 15 15 -0.00378788 -4 349 350
254 8 1 0 2 1 4 1 0 0 1 447 
255 8 1 0 2 1 4 1 1 0 0 451 
256 8 1 0 34 1 4 34 0 0 0 452 
257 8 0 1 0 5 1 18 15 9 0 20 15 -0.225376 -6 351 352
258 8 0 1 0 17 29 12 19 30 19 13 15 -0.198496 93 353 354
259 8 0 1 0 32 27 14 15 27 6 16 15 -0 -16 355 356
260 8 1 0 2 1 4 0 0 0 2 464 
261 8 1 0 3 1 4 0 3 0 0 465 
262 8 1 0 17 1 4 17 0 0 0 466 
263 8 0 1 0 7 23 19 14 20 28 19 16 -0 -49 357 358
264 8 1 0 4 1 4 0 1 0 3 469 
265 8 1 0 2 1 4 1 0 0 1 471 
266 8 1 0 32 1 4 32 0 0 0 472 
267 8 1 0 36 1 4 0 0 0 36 479 
268 8 1 0 2 1 4 0 0 1 1 480 
269 8 0 1 0 0 32 15 18 0 18 14 12 -0.0277778 -13 359 360
270 8 0 1 0 17 29 15 13 20 17 16 17 -0 28 361 362
271 8 0 1 0 34 9 16 12 27 10 17 19 -0 -14 363 364
272 8 1 0 2 1 4 0 0 0 2 491 
273 8 1 0 5 1 4 0 0 0 5 492 
274 8 1 0 9 1 4 0 0 9 0 493 
275 8 0 1 0 22 9 17 15 8 10 16 15 -0.743616 19 365 366
276 8 0 1 0 6 28 16 17 14 5 14 12 -0.144493 14 367 368
277 8 1 0 104 1 4 104 0 0 0 541 
278 8 1 0 2 1 4 0 2 0 0 542 
279 8 0 1 0 22 31 14 20 28 10 18 13 -0.120712 66 369 370
280 8 1 0 8 1 4 3 0 1 4 553 
281 9 1 0 2 1 4 0 0 2 0 6 
282 9 1 0 10 1 4 0 10 0 0 7 
283 9 1 0 3 1 4 0 0 3 0 10 
284 9 1 0 10 1 4 0 0 0 10 11 
285 9 0 1 0 14 10 13 12 13 10 12 17 -0.212121 -7 371 372
286 9 1 0 7 1 4 2 5 0 0 16 
287 9 1 0 9 1 4 9 0 0 0 17 
288 9 1 0 5 1 4 0 5 0 0 18 
289 9 0 1 0 9 33 14 20 22 28 17 14 -0.402561 15 373 374
290 9 0 1 0 2 27 17 15 33 12 15 14 -0.13869 -16 375 376
291 9 0 1 0 7 12 17 19 18 19 12 18 -0.0208333 37 377 378
292 9 0 1 0 9 14 14 13 11 21 19 14 -0.0994949 -49 379 380
293 9 1 0 5 1 4 0 0 4 1 134 
294 9 0 1 0 0 22 20 15 15 19 13 17 -0.0143288 27 381 382
295 9 1 0 26 1 4 0 0 26 0 138 
296 9 1 0 6 1 4 0 0 1 5 139 
297 9 1 0 18 1 4 18 0 0 0 141 
298 9 1 0 2 1 4 1 1 0 0 142 
299 9 0 1 0 18 32 13 19 3 2 12 17 -0.0779453 9 383 384
300 9 0 1 0 1 12 19 16 34 4 13 13 -0 7 385 386
301 9 1 0 13 1 4 0 0 13 0 167 
302 9 1 0 9 1 4 0 0 0 9 168 
303 9 1 0 3 1 4 0 0 3 0 169 
304 9 1 0 8 1 4 2 6 0 0 170 
305 9 0 1 0 24 11 12 18 6 8 19 18 -0.143391 17 387 388
306 9 0 1 0 24 2 13 14 22 11 15 18 -0.15837 11 389 390
307 9 1 0 4 1 4 0 4 0 0 189 
308 9 1 0 16 1 4 0 0 16 0 190 
309 9 1 0 2 1 4 0 0 1 1 195 
310 9 1 0 12 1 4 0 0 0 12 196 
311 9 1 0 2 1 4 0 2 0 0 198 
312 9 1 0 44 1 4 44 0 0 0 199 
313 9 0 1 0 5 22 14 15 21 7 20 12 -0.493421 -22 391 392
314 9 1 0 16 1 4 0 16 0 0 206 
315 9 0 1 0 2 27 12 16 2 18 15 15 -0.0233918 6 393 394
316 9 0 1 0 7 23 20 18 12 31 16 19 -0.142857 -37 395 396
317 9 0 1 0 11 27 15 14 2 28 12 18 -0.35 44 397 398
318 9 0 1 0 23 28 17 12 22 33 12 20 -0.126152 -3 399 400
319 9 0 1 0 19 11 17 12 24 24 13 13 -0.195485 11 401 402
320 9 1 0 2 1 4 0 0 0 2 232 
321 9 1 0 5 1 4 0 0 2 3 233 
322 9 0 1 0 5 27 20 16 0 0 13 18 -0.21468 11 403 404
323 9 1 0 25 1 4 0 0 0 25 257 
324 9 1 0 2 1 4 0 0 1 1 258 
325 9 1 0 6 1 4 6 0 0 0 262 
326 9 1 0 17 1 4 0 17 0 0 263 
327 9 0 1 0 18 15 12 20 28 27 15 17 -0.243962 45 405 406
328 9 0 1 0 12 12 14 15 7 19 16 15 -0.0294118 14 407 408
329 9 0 1 0 3 29 13 20 0 6 18 15 -0.577661 76 409 410
330 9 0 1 0 24 35 12 19 14 32 14 19 -0.0389718 32 411 412
331 9 0 1 0 8 28 12 12 7 31 13 19 -0.0284314 8 413 414
332 9 1 0 8 1 4 4 3 0 1 383 
333 9 1 0 3 1 4 3 0 0 0 384 
334 9 0 1 0 14 29 18 14 32 16 19 14 -0.05 68 415 416
335 9 1 0 2 1 4 2 0 0 0 389 
336 9 1 0 20 1 4 0 20 0 0 390 
337 9 0 1 0 18 18 14 12 14 22 13 17 -0.0611197 -12 417 418
338 9 1 0 2 1 4 0 0 0 2 416 
339 9 1 0 9 1 4 0 0 7 2 417 
340 9 1 0 3 1 4 2 1 0 0 418 
341 9 0 1 0 17 30 15 12 16 23 17 12 -0.0559524 3 419 420
342 9 1 0 7 1 4 6 1 0 0 424 
343 9 0 1 0 16 28 19 15 27 23 19 16 -0.274315 32 421 422
344 9 1 0 4 1 4 0 0 2 2 435 
345 9 0 1 0 27 17 13 15 24 1 20 15 -0.0147059 20 423 424
346 9 1 0 4 1 4 0 3 1 0 438 
347 9 1 0 2 1 4 0 0 0 2 439 
348 9 1 0 64 1 4 0 0 64 0 440 
349 9 1 0 130 1 4 130 0 0 0 445 
350 9 1 0 2 1 4 1 1 0 0 446 
351 9 0 1 0 19 19 12 17 13 14 20 13 -0.105769 37 425 426
352 9 0 1 0 2 5 18 19 7 23 13 12 -0.2 -2 427 428
353 9 0 1 0 5 23 17 18 6 14 13 15 -0.0761905 1 429 430
354 9 1 0 3 1 4 0 3 0 0 461 
355 9 1 0 13 1 4 13 0 0 0 462 
356 9 1 0 5 1 4 0 5 0 0 463 
357 9 1 0 24 1 4 0 24 0 0 467 
358 9 1 0 2 1 4 2 0 0 0 468 
359 9 1 0 3 1 4 0 1 2 0 485 
360 9 1 0 21 1 4 21 0 0 0 486 
361 9 1 0 2 1 4 0 0 0 2 487 
362 9 1 0 14 1 4 0 14 0 0 488 
363 9 1 0 6 1 4 0 6 0 0 489 
364 9 1 0 14 1 4 14 0 0 0 490 
365 9 0 1 0 20 10 13 18 10 28 19 19 -0.635338 -49 431 432
366 9 0 1 0 3 10 13 13 8 28 13 13 -0.111111 -108 433 434
367 9 0 1 0 23 33 12 18 30 5 19 13 -0.550002 -7 435 436
368 9 0 1 0 3 21 19 16 0 24 20 13 -0.0835461 -21 437 438
369 9 0 1 0 15 27 13 13 17 10 20 13 -0.0950851 -3 439 440
370 9 1 0 2 1 4 0 2 0 0 552 
371 10 1 0 3 1 4 1 2 0 0 12 
372 10 0 1 0 9 13 14 12 14 11 19 18 -0.105411 -21 441 442
373 10 0 1 0 17 27 18 12 4 28 17 18 -0.465301 27 443 444
374 10 0 1 0 33 2 19 14 4 9 15 14 -0.0327988 0 445 446
375 10 0 1 0 21 11 12 12 10 28 17 16 -0.27113 7 447 448
376 10 0 1 0 9 14 16 19 14 12 14 16 -0.123785 -9 449 450
377 10 1 0 22 1 4 0 0 22 0 126 
378 10 1 0 2 1 4 0 0 1 1 127 
379 10 1 0 6 1 4 0 0 5 1 128 
380 10 0 1 0 4 5 18 14 11 17 13 16 -0.0497076 -57 451 452
381 10 0 1 0 19 31 15 17 24 31 14 18 -0.00490196 -10 453 454
382 10 1 0 2 1 4 0 0 1 1 137 
383 10 1 0 3 1 4 0 0 2 1 143 
384 10 0 1 0 16 5 16 18 28 15 12 13 -0.070087 19 455 456
385 10 1 0 3 1 4 0 3 0 0 164 
386 10 1 0 8 1 4 8 0 0 0 165 
387 10 0 1 0 28 27 20 15 26 23 20 20 -0.0397727 0 457 458
388 10 1 0 5 1 4 2 3 0 0 174 
389 10 0 1 0 31 20 16 12 29 2 19 13 -0.118278 63 459 460
390 10 1 0 5 1 4 0 0 3 2 182 
391 10 1 0 2 1 4 2 0 0 0 202 
392 10 0 1 0 17 3 20 18 28 3 12 16 -0.322421 16 461 462
393 10 1 0 4 1 4 0 2 0 2 207 
394 10 1 0 167 1 4 0 0 0 167 208 
395 10 1 0 6 1 4 0 0 0 6 209 
396 10 1 0 8 1 4 4 4 0 0 210 
397 10 1 0 8 1 4 0 2 0 6 216 
398 10 0 1 0 32 24 20 15 22 26 15 13 -0.1 -63 463 464
399 10 0 1 0 30 28 18 14 26 19 12 19 -0.166667 91 465 466
400 10 0 1 0 19 13 12 18 16 25 20 19 -0.0631579 -27 467 468
401 10 0 1 0 17 25 13 19 17 23 19 19 -0.13692 2 469 470
402 10 1 0 6 1 4 5 1 0 0 231 
403 10 0 1 0 13 28 13 12 8 0 20 17 -0.247475 21 471 472
404 10 0 1 0 34 35 12 13 24 26 14 12 -0.157773 -33 473 474
405 10 0 1 0 35 19 16 12 15 17 20 18 -0.231633 -26 475 476
406 10 0 1 0 10 4 20 18 21 13 15 16 -0.155187 -16 477 478
407 10 1 0 15 1 4 0 0 0 15 346 
408 10 1 0 2 1 4 1 1 0 0 347 
409 10 0 1 0 3 25 18 16 0 24 13 20 -0.518287 5 479 480
410 10 0 1 0 16 20 17 20 10 11 16 20 -0.0555556 25 481 482
411 10 0 1 0 15 1 13 17 12 8 13 20 -0.0249335 -11 483 484
412 10 1 0 3 1 4 0 2 1 0 379 
413 10 0 1 0 12 28 17 18 1 19 18 20 -0.0166667 39 485 486
414 10 1 0 4 1 4 0 4 0 0 382 
415 10 1 0 2 1 4 0 1 1 0 385 
416 10 1 0 8 1 4 0 8 0 0 386 
417 10 1 0 3 1 4 0 0 3 0 392 
418 10 0 1 0 26 15 16 14 24 9 19 17 -0.0562961 15 487 488
419 10 1 0 4 1 4 3 1 0 0 421 
420 10 0 1 0 28 34 13 13 27 8 15 15 -0.025 40 489 490
421 10 0 1 0 8 25 20 17 21 24 18 19 -0.0957265 -5 491 492
422 10 0 1 0 21 11 14 14 13 31 15 17 -0.160959 -50 493 494
423 10 1 0 32 1 4 32 0 0 0 436 
424 10 1 0 2 1 4 1 1 0 0 437 
425 10 0 1 0 21 29 14 15 16 23 12 15 -0.0192308 -3 495 496
426 10 1 0 2 1 4 0 1 0 1 456 
427 10 1 0 2 1 4 0 1 0 1 457 
428 10 1 0 8 1 4 0 0 0 8 458 
429 10 1 0 3 1 4 0 2 0 1 459 
430 10 1 0 32 1 4 0 0 0 32 460 
431 10 0 1 0 19 18 16 13 16 17 20 20 -0.299043 14 497 498
432 10 1 0 9 1 4 3 6 0 0 498 
433 10 1 0 2 1 4 0 1 0 1 499 
434 10 1 0 16 1 4 0 0 0 16 500 
435 10 0 1 0 13 10 16 19 6 16 18 18 -0.272727 23 499 500
436 10 0 1 0 22 19 12 18 23 22 16 16 -0.422763 -1 501 502
437 10 1 0 5 1 4 3 0 1 1 512 
438 10 0 1 0 20 19 13 20 28 10 19 13 -0.0744736 66 503 504
439 10 1 0 8 1 4 2 1 0 5 548 
440 10 0 1 0 8 25 18 12 4 30 14 16 -0.0363102 -11 505 506
441 11 1 0 5 1 4 0 0 1 4 13 
442 11 0 1 0 0 28 13 13 26 25 19 13 -0 -71 507 508
443 11 0 1 0 23 7 19 12 31 10 19 13 -0.102366 11 509 510
444 11 0 1 0 0 30 17 14 29 14 12 13 -0.28869 5 511 512
445 11 1 0 7 1 4 0 0 6 1 28 
446 11 0 1 0 22 26 19 14 1 20 20 12 -0.0102041 71 513 514
447 11 0 1 0 26 33 14 18 22 35 12 14 -0.181838 1 515 516
448 11 1 0 3 1 4 2 1 0 0 39 
449 11 0 1 0 32 27 19 15 30 16 19 14 -0.289941 24 517 518
450 11 0 1 0 34 32 15 12 27 33 12 20 -0.113302 -17 519 520
451 11 1 0 3 1 4 0 0 3 0 129 
452 11 0 1 0 25 4 13 16 7 13 19 12 -0.0172249 -6 521 522
453 11 1 0 2 1 4 0 0 1 1 135 
454 11 1 0 100 1 4 0 0 0 100 136 
455 11 0 1 0 33 25 13 13 29 21 19 14 -0.0611691 27 523 524
456 11 0 1 0 1 24 20 20 31 3 12 12 -0 11 525 526
457 11 1 0 2 1 4 0 0 0 2 171 
458 11 0 1 0 30 20 14 15 10 2 12 12 -0.0227273 -7 527 528
459 11 0 1 0 12 35 12 12 1 17 18 20 -0.0816693 79 529 530
460 11 1 0 7 1 4 0 1 6 0 181 
461 11 1 0 8 1 4 0 3 4 1 203 
462 11 0 1 0 35 4 15 12 26 0 17 12 -0.0238095 2 531 532
463 11 1 0 2 1 4 0 1 0 1 217 
464 11 1 0 18 1 4 0 18 0 0 218 
465 11 1 0 10 1 4 10 0 0 0 219 
466 11 1 0 2 1 4 1 0 1 0 220 
467 11 0 1 0 20 14 13 20 30 22 19 14 -0.0434622 30 533 534
468 11 1 0 4 1 4 4 0 0 0 224 
469 11 0 1 0 14 23 19 17 22 34 13 13 -0.0606061 -8 535 536
470 11 1 0 5 1 4 0 2 2 1 230 
471 11 0 1 0 25 30 17 20 20 10 16 15 -0.0557576 -5 537 538
472 11 1 0 3 1 4 0 0 0 3 237 
473 11 0 1 0 6 30 17 17 23 26 19 14 -0.184332 14 539 540
474 11 0 1 0 31 0 18 12 21 5 18 13 -0.114715 -124 541 542
475 11 0 1 0 30 21 13 14 20 1 13 15 -0.207962 -38 543 544
476 11 0 1 0 13 27 18 15 31 24 15 15 -0.263077 3 545 546
477 11 0 1 0 6 8 20 14 24 13 19 15 -0.0119048 -68 547 548
478 11 0 1 0 13 18 20 14 21 25 16 19 -0.257143 70 549 550
479 11 0 1 0 4 16 15 16 3 32 13 20 -0.33516 -22 551 552
480 11 0 1 0 23 24 17 12 21 1 16 18 -0.461426 9 553 554
481 11 1 0 9 1 4 0 0 0 9 373 
482 11 1 0 3 1 4 0 1 2 0 374 
483 11 0 1 0 9 5 15 12 3 5 16 15 -0.0144505 2 555 556
484 11 1 0 4 1 4 1 3 0 0 378 
485 11 1 0 2 1 4 0 0 1 1 380 
486 11 1 0 28 1 4 0 0 0 28 381 
487 11 0 1 0 30 3 18 12 23 10 12 14 -0.0342447 -12 557 558
488 11 0 1 0 5 0 17 13 12 29 18 13 -0.212231 -132 559 560
489 11 1 0 2 1 4 0 1 0 1 422 
490 11 1 0 78 1 4 0 78 0 0 423 
491 11 1 0 5 1 4 1 4 0 0 427 
492 11 0 1 0 1 25 12 16 1 28 14 13 -0.0384615 -27 561 562
493 11 0 1 0 14 34 13 16 13 12 14 13 -0.106046 28 563 564
494 11 1 0 9 1 4 9 0 0 0 434 
495 11 1 0 2 1 4 1 1 0 0 454 
496 11 1 0 24 1 4 0 24 0 0 455 
497 11 0 1 0 14 29 16 16 27 6 16 14 -0 87 565 566
498 11 1 0 8 1 4 0 7 0 1 497 
499 11 1 0 7 1 4 7 0 0 0 501 
500 11 1 0 4 1 4 0 3 0 1 502 
501 11 0 1 0 15 23 16 13 10 24 15 19 -0.632381 11 567 568
502 11 0 1 0 35 5 12 12 27 10 14 17 -0.113051 -76 569 570
503 11 0 1 0 4 31 13 17 2 26 15 13 -0.0687101 -6 571 572
504 11 1 0 2 1 4 1 1 0 0 537 
505 11 1 0 3 1 4 1 0 0 2 549 
506 11 0 1 0 15 19 19 16 13 25 19 12 -0.00735294 14 573 574
507 12 1 0 3 1 4 0 3 0 0 14 
508 12 1 0 25 1 4 0 0 25 0 15 
509 12 0 1 0 23 26 18 14 21 31 13 13 -0 -11 575 576
510 12 1 0 6 1 4 2 4 0 0 24 
511 12 0 1 0 25 9 20 20 14 7 13 20 -0.0277778 4 577 578
512 12 1 0 4 1 4 1 1 2 0 27 
513 12 1 0 47 1 4 0 0 0 47 29 
514 12 1 0 2 1 4 0 0 1 1 30 
515 12 0 1 0 23 16 20 12 20 20 14 13 -0.112418 -1 579 580
516 12 0 1 0 27 24 20 18 12 4 12 20 -0.0798611 132 581 582
517 12 0 1 0 24 20 16 14 20 18 16 19 -0 7 583 584
518 12 0 1 0 14 6 17 15 10 10 16 16 -0.0683761 14 585 586
519 12 0 1 0 8 4 18 19 14 6 12 16 -0.280624 1 587 588
520 12 0 1 0 28 0 20 18 18 0 16 17 -0.0979102 -30 589 590
521 12 0 1 0 9 4 17 12 29 12 18 13 -0.00909091 -1 591 592
522 12 1 0 2 1 4 0 0 2 0 132 
523 12 0 1 0 26 20 17 13 26 28 16 16 -0.0530095 8 593 594
524 12 1 0 2 1 4 0 0 1 1 161 
525 12 1 0 3 1 4 0 3 0 0 162 
526 12 1 0 7 1 4 7 0 0 0 163 
527 12 1 0 2 1 4 0 1 1 0 172 
528 12 1 0 20 1 4 0 0 20 0 173 
529 12 0 1 0 30 20 20 16 27 15 17 13 -0.0465994 -9 595 596
530 12 1 0 2 1 4 0 0 1 1 180 
531 12 1 0 25 1 4 0 0 0 25 204 
532 12 1 0 3 1 4 0 2 1 0 205 
533 12 0 1 0 12 11 20 14 14 30 17 12 -0.011236 -21 597 598
534 12 1 0 2 1 4 0 1 0 1 223 
535 12 0 1 0 27 1 19 19 31 3 20 13 -0.03596 -4 599 600
536 12 1 0 3 1 4 2 1 0 0 229 
537 12 1 0 8 1 4 8 0 0 0 234 
538 12 0 1 0 2 23 13 20 15 27 15 12 -0 -2 601 602
539 12 0 1 0 1 6 19 13 14 9 16 19 -0 -53 603 604
540 12 1 0 3 1 4 0 0 0 3 240 
541 12 1 0 3 1 4 0 0 3 0 241 
542 12 0 1 0 27 13 13 15 30 10 19 14 -0.0990539 -5 605 606
543 12 0 1 0 21 32 13 14 16 23 19 13 -0.39599 2 607 608
544 12 0 1 0 4 1 17 16 6 31 16 16 -0.190755 -107 609 610
545 12 0 1 0 22 18 17 13 11 12 16 18 -0.220926 5 611 612
546 12 0 1 0 7 27 16 15 3 20 20 15 -0.0329078 4 613 614
547 12 1 0 2 1 4 1 1 0 0 341 
548 12 1 0 40 1 4 40 0 0 0 342 
549 12 0 1 0 33 21 18 13 22 29 16 16 -0.2 -60 615 616
550 12 1 0 4 1 4 4 0 0 0 345 
551 12 0 1 0 18 10 12 13 15 3 19 12 -0.12963 39 617 618
552 12 0 1 0 16 28 12 15 7 33 13 20 -0.254684 -10 619 620
553 12 1 0 5 1 4 0 0 0 5 366 
554 12 0 1 0 3 12 13 15 7 20 17 14 -0.359477 -44 621 622
555 12 1 0 3 1 4 1 2 0 0 375 
556 12 0 1 0 16 8 14 13 11 3 15 15 -0.00740741 6 623 624
557 12 0 1 0 13 29 18 12 7 25 17 18 -0.0251739 56 625 626
558 12 0 1 0 18 6 17 15 25 13 19 17 -0.168016 15 627 628
559 12 1 0 5 1 4 0 0 2 3 411 
560 12 0 1 0 17 18 19 14 16 33 14 19 -0.111849 -12 629 630
561 12 1 0 2 1 4 0 1 1 0 428 
562 12 1 0 11 1 4 0 0 11 0 429 
563 12 1 0 7 1 4 6 1 0 0 430 
564 12 0 1 0 5 24 14 12 3 32 14 14 -0.0523067 -28 631 632
565 12 1 0 3 1 4 0 0 3 0 495 
566 12 1 0 8 1 4 0 0 0 8 496 
567 12 0 1 0 20 25 15 20 4 30 13 12 -0.1 -3 633 634
568 12 0 1 0 21 20 15 16 19 23 15 18 -0.309091 -1 635 636
569 12 1 0 2 1 4 0 2 0 0 508 
570 12 0 1 0 17 20 19 15 12 29 15 19 -0.076246 16 637 638
571 12 1 0 2 1 4 1 1 0 0 513 
572 12 0 1 0 28 10 17 17 29 30 17 18 -0.0651646 -8 639 640
573 12 1 0 270 1 4 0 0 0 270 550 
574 12 1 0 2 1 4 0 1 0 1 551 
575 13 1 0 2 1 4 0 2 0 0 22 
576 13 1 0 23 1 4 0 0 23 0 23 
577 13 1 0 3 1 4 0 1 2 0 25 
578 13 1 0 21 1 4 0 0 0 21 26 
579 13 1 0 9 1 4 0 0 9 0 31 
580 13 0 1 0 28 28 12 15 25 23 15 18 -0.0712418 15 641 642
581 13 0 1 0 6 4 19 19 0 27 18 13 -0.03125 0 643 644
582 13 1 0 2 1 4 0 1 1 0 38 
583 13 1 0 7 1 4 7 0 0 0 40 
584 13 1 0 6 1 4 0 6 0 0 41 
585 13 1 0 9 1 4 0 0 8 1 42 
586 13 1 0 4 1 4 0 4 0 0 43 
587 13 0 1 0 4 26 17 12 11 26 14 13 -0.168398 -36 645 646
588 13 0 1 0 1 26 20 20 4 29 18 14 -0.136493 -5 647 648
589 13 1 0 4 1 4 2 2 0 0 56 
590 13 0 1 0 1 27 19 17 2 27 12 13 -0.0944864 -17 649 650
591 13 1 0 2 1 4 1 1 0 0 130 
592 13 1 0 53 1 4 0 53 0 0 131 
593 13 0 1 0 8 29 17 19 8 29 18 19 -0.0485473 -3 651 652
594 13 1 0 5 1 4 5 0 0 0 160 
595 13 1 0 6 1 4 5 1 0 0 175 
596 13 0 1 0 0 1 13 17 20 8 14 18 -0.0251383 30 653 654
597 13 1 0 85 1 4 0 85 0 0 221 
598 13 1 0 4 1 4 2 2 0 0 222 
599 13 1 0 2 1 4 0 1 1 0 226 
600 13 0 1 0 13 17 18 12 1 15 16 16 -0.0128205 72 655 656
601 13 1 0 23 1 4 0 23 0 0 235 
602 13 1 0 2 1 4 0 0 2 0 236 
603 13 1 0 8 1 4 8 0 0 0 238 
604 13 1 0 20 1 4 0 20 0 0 239 
605 13 1 0 6 1 4 2 0 4 0 242 
606 13 0 1 0 9 26 17 13 1 34 12 19 -0.0840914 17 657 658
607 13 0 1 0 19 23 15 12 23 25 20 19 -0 45 659 660
608 13 1 0 7 1 4 1 6 0 0 267 
609 13 0 1 0 6 22 16 19 6 28 13 12 -0.136364 -5 661 662
610 13 0 1 0 34 5 18 12 30 0 13 17 -0.182641 19 663 664
611 13 1 0 3 1 4 0 0 1 2 332 
612 13 0 1 0 22 30 12 18 3 14 17 12 -0.112605 42 665 666
613 13 1 0 3 1 4 0 2 1 0 338 
614 13 0 1 0 6 8 20 14 24 13 19 15 -0.0106383 12 667 668
615 13 1 0 8 1 4 0 8 0 0 343 
616 13 1 0 2 1 4 0 1 0 1 344 
617 13 1 0 9 1 4 0 0 1 8 348 
618 13 1 0 3 1 4 1 2 0 0 349 
619 13 1 0 4 1 4 0 0 1 3 350 
620 13 0 1 0 25 31 16 13 20 17 16 16 -0.206981 21 669 670
621 13 1 0 6 1 4 2 1 0 3 367 
622 13 0 1 0 3 33 14 16 1 4 15 19 -0.186594 4 671 672
623 13 1 0 6 1 4 4 2 0 0 376 
624 13 1 0 174 1 4 174 0 0 0 377 
625 13 0 1 0 20 25 16 19 17 15 15 17 -0.0227002 38 673 674
626 13 1 0 2 1 4 0 1 0 1 407 
627 13 1 0 6 1 4 0 3 3 0 408 
628 13 0 1 0 12 25 12 20 18 30 15 15 -0 -25 675 676
629 13 0 1 0 1 3 20 19 31 7 18 15 -0.0444444 -14 677 678
630 13 0 1 0 19 2 20 18 29 4 12 13 -0.00943396 23 679 680
631 13 0 1 0 20 20 19 20 9 27 14 15 -0.00925926 10 681 682
632 13 1 0 3 1 4 0 1 1 1 433 
633 13 1 0 2 1 4 1 0 1 0 503 
634 13 1 0 18 1 4 0 0 0 18 504 
635 13 0 1 0 20 28 19 13 3 25 14 14 -0 70 683 684
636 13 1 0 4 1 4 0 1 0 3 507 
637 13 0 1 0 19 26 18 13 18 29 17 14 -0.0183486 -16 685 686
638 13 1 0 2 1 4 1 0 0 1 511 
639 13 0 1 0 23 28 18 18 25 17 14 13 -0.509972 -10 687 688
640 13 0 1 0 5 27 19 17 2 18 19 20 -0.0466313 9 689 690
641 14 0 1 0 1 22 15 18 19 27 12 20 -0.0217054 -126 691 692
642 14 1 0 6 1 4 0 0 5 1 35 
643 14 1 0 14 1 4 0 0 14 0 36 
644 14 1 0 2 1 4 0 0 1 1 37 
645 14 1 0 7 1 4 0 0 1 6 44 
646 14 0 1 0 25 16 13 16 26 22 16 20 -0.105572 -2 693 694
647 14 0 1 0 29 26 18 12 18 10 20 20 -0.10559 27 695 696
648 14 0 1 0 9 23 19 16 10 20 19 18 -0.0226886 0 697 698
649 14 0 1 0 31 18 19 14 14 12 18 20 -0 14 699 700
650 14 0 1 0 16 13 13 15 15 12 17 19 -0.0907517 10 701 702
651 14 1 0 5 1 4 0 1 4 0 144 
652 14 0 1 0 2 1 15 20 7 2 16 13 -0.0430389 8 703 704
653 14 0 1 0 8 27 20 20 3 31 16 17 -0.0206793 16 705 706
654 14 1 0 2 1 4 0 0 2 0 179 
655 14 1 0 37 1 4 0 37 0 0 227 
656 14 1 0 2 1 4 1 1 0 0 228 
657 14 0 1 0 16 6 13 17 32 1 16 12 -0.0694718 24 707 708
658 14 1 0 2 1 4 1 0 0 1 253 
659 14 1 0 10 1 4 0 0 0 10 265 
660 14 1 0 2 1 4 0 2 0 0 266 
661 14 1 0 5 1 4 0 5 0 0 268 
662 14 0 1 0 14 24 20 20 2 24 18 12 -0 35 709 710
663 14 0 1 0 21 31 15 16 18 19 17 15 -0.171232 0 711 712
664 14 0 1 0 26 16 14 12 13 6 18 18 -0.0641026 5 713 714
665 14 1 0 8 1 4 8 0 0 0 333 
666 14 0 1 0 0 26 16 14 3 3 20 13 -0.0682643 77 715 716
667 14 1 0 45 1 4 45 0 0 0 339 
668 14 1 0 2 1 4 1 1 0 0 340 
669 14 0 1 0 25 3 19 16 22 0 17 19 -0.24285 -4 717 718
670 14 0 1 0 0 7 13 14 22 34 13 12 -0.0925809 -46 719 720
671 14 1 0 4 1 4 0 3 0 1 368 
672 14 0 1 0 25 30 15 13 27 30 17 18 -0.125988 21 721 722
673 14 0 1 0 19 27 18 14 17 24 12 17 -0.0185531 36 723 724
674 14 1 0 3 1 4 0 3 0 0 406 
675 14 1 0 2 1 4 0 2 0 0 409 
676 14 1 0 11 1 4 11 0 0 0 410 
677 14 1 0 5 1 4 4 1 0 0 412 
678 14 1 0 13 1 4 0 13 0 0 413 
679 14 1 0 2 1 4 0 1 1 0 414 
680 14 1 0 51 1 4 51 0 0 0 415 
681 14 1 0 52 1 4 0 52 0 0 431 
682 14 1 0 2 1 4 1 1 0 0 432 
683 14 1 0 2 1 4 2 0 0 0 505 
684 14 1 0 9 1 4 0 9 0 0 506 
685 14 1 0 2 1 4 0 1 0 1 509 
686 14 1 0 107 1 4 0 0 0 107 510 
687 14 1 0 3 1 4 2 1 0 0 514 
688 14 0 1 0 9 7 15 16 11 26 19 20 -0.263889 -60 725 726
689 14 0 1 0 21 30 12 17 23 16 16 14 -0.185185 6 727 728
690 14 0 1 0 0 24 20 15 2 24 20 15 -0.0390481 4 729 730
691 15 1 0 2 1 4 0 0 2 0 32 
692 15 0 1 0 21 33 14 19 25 24 17 14 -0.0116279 50 731 732
693 15 0 1 0 23 5 20 17 6 11 19 18 -0.0600667 -11 733 734
694 15 1 0 2 1 4 0 0 0 2 48 
695 15 1 0 5 1 4 0 5 0 0 49 
696 15 0 1 0 8 23 15 12 4 31 15 18 -0.0702899 -53 735 736
697 15 1 0 2 1 4 0 0 2 0 53 
698 15 0 1 0 26 14 13 16 12 0 20 15 -0.0121951 8 737 738
699 15 1 0 11 1 4 0 11 0 0 57 
700 15 1 0 2 1 4 0 0 2 0 58 
701 15 0 1 0 2 25 15 19 22 8 16 18 -0.0854401 -17 739 740
702 15 1 0 8 1 4 3 3 2 0 125 
703 15 0 1 0 24 4 20 15 19 0 16 17 -0.0365901 -9 741 742
704 15 1 0 3 1 4 0 1 1 1 159 
705 15 1 0 7 1 4 2 5 0 0 176 
706 15 0 1 0 29 32 15 14 14 26 13 18 -0.00454545 43 743 744
707 15 0 1 0 10 24 15 16 12 33 13 13 -0.391767 -32 745 746
708 15 0 1 0 2 33 14 15 20 3 12 13 -0.00561762 -74 747 748
709 15 1 0 8 1 4 0 0 8 0 269 
710 15 1 0 3 1 4 0 0 0 3 270 
711 15 0 1 0 9 35 12 19 14 21 18 14 -0.354722 10 749 750
712 15 0 1 0 29 20 19 16 26 9 19 13 -0.135043 -6 751 752
713 15 1 0 6 1 4 0 0 1 5 330 
714 15 1 0 7 1 4 0 7 0 0 331 
715 15 0 1 0 12 18 16 14 12 12 15 16 -0.0191993 5 753 754
716 15 1 0 3 1 4 0 0 3 0 337 
717 15 1 0 2 1 4 0 0 0 2 351 
718 15 0 1 0 32 18 12 14 25 6 17 14 -0.116628 -6 755 756
719 15 0 1 0 20 5 12 15 22 5 16 17 -0.0545227 16 757 758
720 15 0 1 0 6 9 16 19 23 12 14 20 -0.0729167 66 759 760
721 15 0 1 0 21 22 13 17 22 17 12 19 -0.10107 42 761 762
722 15 1 0 4 1 4 0 4 0 0 372 
723 15 0 1 0 6 10 20 15 10 7 17 17 -0.0163947 -14 763 764
724 15 1 0 3 1 4 0 2 0 1 405 
725 15 1 0 28 1 4 0 0 0 28 515 
726 15 1 0 8 1 4 1 3 1 3 516 
727 15 1 0 9 1 4 0 0 2 7 517 
728 15 1 0 3 1 4 1 2 0 0 518 
729 15 0 1 0 23 0 12 20 26 8 12 13 -0.0348855 17 765 766
730 15 1 0 2 1 4 1 0 0 1 536 
731 16 1 0 41 1 4 0 0 0 41 33 
732 16 1 0 2 1 4 0 0 1 1 34 
733 16 1 0 2 1 4 0 2 0 0 45 
734 16 0 1 0 25 1 20 12 17 4 20 18 -0.0229885 7 767 768
735 16 1 0 3 1 4 0 2 1 0 50 
736 16 0 1 0 26 14 13 16 12 0 20 15 -0.025 25 769 770
737 16 1 0 39 1 4 0 39 0 0 54 
738 16 1 0 2 1 4 1 1 0 0 55 
739 16 1 0 6 1 4 3 2 1 0 59 
740 16 0 1 0 29 34 13 15 18 22 19 18 -0.0815559 111 771 772
741 16 1 0 4 1 4 0 1 3 0 145 
742 16 0 1 0 19 21 12 13 30 16 20 13 -0.0325988 97 773 774
743 16 1 0 108 1 4 0 108 0 0 177 
744 16 1 0 2 1 4 0 1 1 0 178 
745 16 1 0 5 1 4 1 2 0 2 243 
746 16 0 1 0 15 13 17 16 4 20 19 15 -0.186596 -1 775 776
747 16 1 0 3 1 4 0 3 0 0 248 
748 16 0 1 0 4 31 16 13 0 12 20 18 -0.00472045 1 777 778
749 16 0 1 0 20 4 15 19 8 6 13 16 -0.292623 -6 779 780
750 16 1 0 4 1 4 0 1 0 3 283 
751 16 0 1 0 12 18 16 12 6 27 17 16 -0.600167 26 781 782
752 16 0 1 0 24 24 19 14 29 24 15 16 -0.0806059 18 783 784
753 16 0 1 0 18 4 20 20 11 23 16 16 -0.0104167 68 785 786
754 16 1 0 3 1 4 3 0 0 0 336 
755 16 0 1 0 19 19 17 20 10 35 12 16 -0.0388727 27 787 788
756 16 0 1 0 2 2 14 20 17 35 12 20 -0.0222222 -30 789 790
757 16 0 1 0 0 21 12 15 0 33 14 15 -0.0441877 -5 791 792
758 16 1 0 4 1 4 4 0 0 0 363 
759 16 1 0 8 1 4 0 0 7 1 364 
760 16 1 0 4 1 4 0 4 0 0 365 
761 16 0 1 0 10 18 18 18 13 25 16 13 -0.0847059 -19 793 794
762 16 1 0 3 1 4 0 3 0 0 371 
763 16 0 1 0 2 2 14 18 5 23 12 19 -0.00399341 -1 795 796
764 16 0 1 0 15 29 16 16 13 19 16 20 -0.154179 28 797 798
765 16 0 1 0 12 15 18 13 0 18 17 20 -0.0332301 -15 799 800
766 16 1 0 2 1 4 0 1 1 0 535 
767 17 1 0 26 1 4 0 0 26 0 46 
768 17 1 0 3 1 4 0 2 1 0 47 
769 17 1 0 18 1 4 0 0 18 0 51 
770 17 1 0 2 1 4 0 0 1 1 52 
771 17 0 1 0 25 6 20 19 1 31 14 12 -0.0786012 10 801 802
772 17 1 0 8 1 4 0 8 0 0 124 
773 17 0 1 0 15 6 15 17 0 34 13 12 -0.0307 -7 803 804
774 17 1 0 2 1 4 2 0 0 0 158 
775 17 1 0 4 1 4 0 2 2 0 244 
776 17 0 1 0 7 30 16 14 7 23 18 19 -0.0973877 -4 805 806
777 17 1 0 2 1 4 1 1 0 0 249 
778 17 0 1 0 1 20 19 18 18 0 12 19 -0.00284808 109 807 808
779 17 0 1 0 16 13 16 15 17 20 15 17 -0.159185 12 809 810
780 17 0 1 0 25 32 12 15 2 18 16 16 -0.22584 6 811 812
781 17 0 1 0 28 4 16 15 30 6 12 12 -0.813735 4 813 814
782 17 0 1 0 29 26 17 18 25 7 20 19 -0.0624512 -3 815 816
783 17 0 1 0 25 24 16 18 13 28 17 20 -0.215496 1 817 818
784 17 0 1 0 1 0 13 16 7 7 14 13 -0.0637207 3 819 820
785 17 1 0 46 1 4 0 46 0 0 334 
786 17 1 0 2 1 4 1 1 0 0 335 
787 17 0 1 0 17 11 20 14 14 29 13 16 -0 -30 821 822
788 17 1 0 7 1 4 0 7 0 0 354 
789 17 1 0 27 1 4 0 27 0 0 355 
790 17 1 0 3 1 4 2 1 0 0 356 
791 17 1 0 2 1 4 0 1 0 1 357 
792 17 0 1 0 17 0 13 20 29 3 18 17 -0.0224697 -17 823 824
793 17 1 0 5 1 4 4 0 0 1 369 
794 17 1 0 80 1 4 80 0 0 0 370 
795 17 0 1 0 14 25 17 17 12 28 12 19 -0.00137923 19 825 826
796 17 0 1 0 14 28 12 19 25 30 12 12 -0.023183 -22 827 828
797 17 0 1 0 13 30 17 18 13 30 14 17 -0.0340816 8 829 830
798 17 1 0 7 1 4 3 1 2 1 404 
799 17 1 0 5 1 4 0 0 4 1 519 
800 17 0 1 0 22 13 12 17 22 10 15 18 -0.0322598 27 831 832
801 18 0 1 0 27 31 15 15 15 21 13 16 -0.0758533 -10 833 834
802 18 0 1 0 29 25 18 13 13 34 12 12 -0 -5 835 836
803 18 0 1 0 14 8 20 14 16 33 13 14 -0.0389179 -42 837 838
804 18 0 1 0 27 17 14 16 34 16 17 12 -0.0197043 -9 839 840
805 18 1 0 3 1 4 1 1 0 1 245 
806 18 0 1 0 12 3 19 20 11 1 14 14 -0.00909091 7 841 842
807 18 0 1 0 31 24 14 12 13 26 19 19 -0.000954198 17 843 844
808 18 1 0 2 1 4 1 1 0 0 252 
809 18 0 1 0 19 7 15 14 21 23 17 20 -0.0701691 9 845 846
810 18 1 0 7 1 4 6 1 0 0 276 
811 18 1 0 2 1 4 0 0 0 2 277 
812 18 0 1 0 33 18 14 14 0 25 19 16 -0.055243 4 847 848
813 18 0 1 0 25 17 13 18 19 10 18 20 -0.388462 -20 849 850
814 18 0 1 0 1 4 16 13 11 3 15 18 -0.359703 -37 851 852
815 18 1 0 2 1 4 2 0 0 0 292 
816 18 0 1 0 3 23 20 20 7 23 18 20 -0.0437158 -15 853 854
817 18 0 1 0 28 20 14 13 28 6 12 17 -0.0610119 14 855 856
818 18 0 1 0 1 24 20 17 21 9 14 18 -0.124583 -2 857 858
819 18 0 1 0 17 11 15 15 22 24 20 12 -0.0611608 8 859 860
820 18 1 0 4 1 4 0 0 3 1 329 
821 18 1 0 2 1 4 0 2 0 0 352 
822 18 1 0 40 1 4 40 0 0 0 353 
823 18 1 0 2 1 4 2 0 0 0 358 
824 18 0 1 0 25 19 12 15 17 20 20 19 -0.0188658 -74 861 862
825 18 0 1 0 25 28 17 19 32 29 18 15 -0.000828881 30 863 864
826 18 1 0 2 1 4 1 1 0 0 397 
827 18 1 0 4 1 4 0 4 0 0 398 
828 18 0 1 0 18 24 18 20 17 29 18 20 -0.0131579 -19 865 866
829 18 0 1 0 27 34 12 20 24 28 12 14 -0 -16 867 868
830 18 1 0 2 1 4 0 1 1 0 403 
831 18 0 1 0 26 12 15 12 27 6 18 19 -0.0277513 -7 869 870
832 18 1 0 6 1 4 1 0 0 5 534 
833 19 1 0 9 1 4 2 4 2 1 60 
834 19 0 1 0 33 35 12 13 5 14 13 15 -0.0710469 -6 871 872
835 19 1 0 12 1 4 0 0 0 12 122 
836 19 1 0 5 1 4 0 0 5 0 123 
837 19 0 1 0 14 19 14 15 8 28 19 12 -0 25 873 874
838 19 1 0 6 1 4 6 0 0 0 148 
839 19 1 0 3 1 4 0 1 2 0 149 
840 19 0 1 0 33 3 20 12 19 3 16 12 -0.0175651 -22 875 876
841 19 1 0 2 1 4 1 1 0 0 246 
842 19 1 0 53 1 4 53 0 0 0 247 
843 19 1 0 522 1 4 522 0 0 0 250 
844 19 1 0 2 1 4 1 1 0 0 251 
845 19 0 1 0 20 23 13 13 24 6 14 13 -0.042401 40 877 878
846 19 1 0 2 1 4 0 0 0 2 275 
847 19 0 1 0 21 7 16 19 28 4 17 19 -0.0217054 12 879 880
848 19 0 1 0 1 8 13 17 14 22 20 16 -0.0217391 -96 881 882
849 19 1 0 4 1 4 0 1 0 3 284 
850 19 0 1 0 25 9 12 12 28 23 14 13 -0.178205 14 883 884
851 19 0 1 0 24 20 15 12 22 4 17 16 -0 19 885 886
852 19 0 1 0 15 20 19 12 0 28 15 17 -0.117647 25 887 888
853 19 1 0 58 1 4 0 58 0 0 293 
854 19 1 0 3 1 4 0 2 0 1 294 
855 19 1 0 4 1 4 0 3 1 0 295 
856 19 0 1 0 18 33 14 19 3 15 20 15 -0.0208333 14 889 890
857 19 0 1 0 7 6 17 16 4 23 13 17 -0 76 891 892
858 19 1 0 2 1 4 0 1 0 1 300 
859 19 0 1 0 23 22 12 13 19 8 19 18 -0.0593653 -5 893 894
860 19 1 0 3 1 4 3 0 0 0 328 
861 19 0 1 0 3 35 12 13 15 23 12 16 -0 -68 895 896
862 19 0 1 0 15 28 16 14 22 2 16 16 -0.00308642 -17 897 898
863 19 0 1 0 28 22 16 14 35 29 18 12 -0.000538447 7 899 900
864 19 1 0 2 1 4 1 1 0 0 396 
865 19 1 0 2 1 4 1 1 0 0 399 
866 19 1 0 36 1 4 36 0 0 0 400 
867 19 1 0 3 1 4 0 3 0 0 401 
868 19 1 0 95 1 4 95 0 0 0 402 
869 19 1 0 7 1 4 0 1 2 4 520 
870 19 0 1 0 4 17 12 20 5 19 17 20 -0.0251419 6 901 902
871 20 1 0 4 1 4 1 3 0 0 61 
872 20 0 1 0 18 12 18 15 26 29 16 16 -0.0690563 -135 903 904
873 20 1 0 41 1 4 0 41 0 0 146 
874 20 1 0 2 1 4 2 0 0 0 147 
875 20 0 1 0 29 24 14 14 5 20 20 17 -0 34 905 906
876 20 0 1 0 1 27 16 15 1 29 13 15 -0.00848696 -2 907 908
877 20 1 0 3 1 4 3 0 0 0 271 
878 20 0 1 0 6 27 18 15 6 29 14 13 -0.0285937 16 909 910
879 20 1 0 2 1 4 0 2 0 0 278 
880 20 0 1 0 13 26 14 12 11 18 14 19 -0.0116279 -26 911 912
881 20 1 0 2 1 4 1 1 0 0 281 
882 20 1 0 21 1 4 0 21 0 0 282 
883 20 0 1 0 16 32 13 19 17 32 12 17 -0.1 -2 913 914
884 20 1 0 6 1 4 5 1 0 0 287 
885 20 1 0 2 1 4 0 0 0 2 288 
886 20 1 0 10 1 4 0 10 0 0 289 
887 20 1 0 2 1 4 0 1 0 1 290 
888 20 1 0 15 1 4 0 0 0 15 291 
889 20 1 0 2 1 4 1 1 0 0 296 
890 20 1 0 22 1 4 22 0 0 0 297 
891 20 1 0 27 1 4 0 27 0 0 298 
892 20 1 0 2 1 4 2 0 0 0 299 
893 20 1 0 6 1 4 0 4 0 2 301 
894 20 0 1 0 6 35 12 15 14 25 18 16 -0.053744 3 915 916
895 20 1 0 10 1 4 0 10 0 0 359 
896 20 1 0 3 1 4 3 0 0 0 360 
897 20 1 0 2 1 4 0 1 1 0 361 
898 20 1 0 160 1 4 0 160 0 0 362 
899 20 1 0 1770 1 4 1770 0 0 0 393 
900 20 0 1 0 20 8 18 14 10 11 20 19 -0.0135135 13 917 918
901 20 0 1 0 12 27 18 16 20 3 18 16 -0.0239101 1 919 920
902 20 1 0 2 1 4 0 1 0 1 533 
903 21 1 0 5 1 4 0 5 0 0 62 
904 21 0 1 0 14 9 20 13 32 30 16 15 -0.0669792 -1 921 922
905 21 1 0 5 1 4 0 0 5 0 150 
906 21 1 0 35 1 4 0 35 0 0 151 
907 21 1 0 3 1 4 2 1 0 0 152 
908 21 0 1 0 3 25 20 15 7 28 18 12 -0.00637996 8 923 924
909 21 0 1 0 22 22 18 19 22 20 14 19 -0.00617284 16 925 926
910 21 1 0 6 1 4 3 3 0 0 274 
911 21 1 0 2 1 4 1 1 0 0 279 
912 21 1 0 41 1 4 41 0 0 0 280 
913 21 1 0 2 1 4 0 1 0 1 285 
914 21 1 0 18 1 4 0 18 0 0 286 
915 21 0 1 0 29 27 12 13 26 13 12 15 -0.0511318 4 927 928
916 21 1 0 6 1 4 4 2 0 0 327 
917 21 1 0 2 1 4 1 1 0 0 394 
918 21 1 0 35 1 4 35 0 0 0 395 
919 21 0 1 0 4 3 13 14 30 10 13 13 -0.346154 -37 929 930
920 21 0 1 0 31 28 19 12 28 26 16 18 -0.0196333 8 931 932
921 22 0 1 0 26 22 13 17 29 16 20 12 -0.0642119 -9 933 934
922 22 0 1 0 10 32 13 20 15 11 19 12 -0 25 935 936
923 22 0 1 0 24 23 17 16 24 20 13 12 -0.00504153 -17 937 938
924 22 1 0 2 1 4 0 1 1 0 157 
925 22 1 0 79 1 4 0 79 0 0 272 
926 22 1 0 2 1 4 1 1 0 0 273 
927 22 0 1 0 9 19 19 14 17 24 16 14 -0.128 -37 939 940
928 22 0 1 0 1 18 17 14 4 25 19 13 -0.0395896 -38 941 942
929 22 1 0 11 1 4 0 0 0 11 521 
930 22 1 0 2 1 4 1 0 0 1 522 
931 22 0 1 0 4 18 18 15 4 25 16 12 -0.0110217 24 943 944
932 22 0 1 0 1 21 16 12 8 16 12 18 -0.225091 23 945 946
933 23 0 1 0 14 24 20 12 3 32 14 17 -0 -10 947 948
934 23 0 1 0 34 31 15 12 25 9 14 20 -0.0614073 -1 949 950
935 23 1 0 3 1 4 0 0 3 0 120 
936 23 1 0 8 1 4 0 0 0 8 121 
937 23 1 0 4 1 4 1 3 0 0 153 
938 23 0 1 0 26 31 13 19 23 29 16 19 -0.00332987 14 951 952
939 23 1 0 5 1 4 0 1 0 4 302 
940 23 1 0 20 1 4 0 20 0 0 303 
941 23 1 0 5 1 4 0 2 2 1 304 
942 23 0 1 0 33 6 18 14 9 15 18 18 -0.0361082 -15 953 954
943 23 0 1 0 17 13 13 20 14 15 20 16 -0.0105757 -21 955 956
944 23 1 0 2 1 4 0 0 1 1 529 
945 23 0 1 0 14 33 12 18 5 1 12 17 -0.0978261 53 957 958
946 23 1 0 2 1 4 1 0 1 0 532 
947 24 1 0 5 1 4 0 0 5 0 63 
948 24 1 0 9 1 4 0 0 0 9 64 
949 24 0 1 0 13 27 20 14 4 33 14 19 -0 -2 959 960
950 24 0 1 0 28 33 12 13 23 26 18 19 -0.0586656 -4 961 962
951 24 0 1 0 20 10 16 12 26 15 15 16 -0.00155763 16 963 964
952 24 1 0 5 1 4 1 4 0 0 156 
953 24 0 1 0 31 18 18 15 27 16 20 19 -0.033162 1 965 966
954 24 1 0 2 1 4 0 1 0 1 326 
955 24 0 1 0 18 28 18 19 21 31 13 18 -0.0810761 14 967 968
956 24 0 1 0 23 6 17 13 24 3 19 15 -0.000970403 -7 969 970
957 24 1 0 2 1 4 1 0 0 1 530 
958 24 1 0 44 1 4 0 0 0 44 531 
959 25 1 0 6 1 4 0 0 6 0 65 
960 25 1 0 9 1 4 0 9 0 0 66 
961 25 0 1 0 16 11 19 16 0 25 19 16 -0 -10 971 972
962 25 0 1 0 10 14 18 13 8 14 17 18 -0.0566881 -7 973 974
963 25 1 0 529 1 4 0 529 0 0 154 
964 25 1 0 6 1 4 1 5 0 0 155 
965 25 0 1 0 10 2 19 15 21 1 13 19 -0.0316855 -11 975 976
966 25 1 0 2 1 4 2 0 0 0 325 
967 25 0 1 0 7 23 12 17 9 7 19 20 -0.21164 20 977 978
968 25 1 0 174 1 4 0 0 0 174 525 
969 25 0 1 0 0 26 13 18 30 11 19 17 -0 -5 979 980
970 25 1 0 1814 1 4 0 0 0 1814 528 
971 26 1 0 4 1 4 0 0 4 0 67 
972 26 1 0 7 1 4 0 0 0 7 68 
973 26 0 1 0 14 24 19 14 17 22 19 20 -0.157738 -6 981 982
974 26 0 1 0 3 27 17 12 30 20 20 15 -0.0519875 -69 983 984
975 26 1 0 2 1 4 0 1 0 1 305 
976 26 0 1 0 4 25 17 20 6 31 14 14 -0.0280684 -9 985 986
977 26 1 0 7 1 4 0 5 0 2 523 
978 26 1 0 20 1 4 0 0 0 20 524 
979 26 1 0 16 1 4 0 0 0 16 526 
980 26 1 0 2 1 4 0 0 2 0 527 
981 27 1 0 6 1 4 2 4 0 0 69 
982 27 1 0 8 1 4 0 0 7 1 70 
983 27 1 0 7 1 4 0 0 2 5 71 
984 27 0 1 0 22 21 17 17 11 20 14 18 -0.0504678 -35 987 988
985 27 0 1 0 21 20 18 18 21 19 20 17 -0 -2 989 990
986 27 0 1 0 19 0 16 12 11 6 16 17 -0.0227823 1 991 992
987 28 1 0 3 1 4 0 3 0 0 72 
988 28 0 1 0 8 26 20 13 10 26 12 17 -0.0492706 -19 993 994
989 28 1 0 19 1 4 0 19 0 0 306 
990 28 1 0 9 1 4 9 0 0 0 307 
991 28 0 1 0 22 21 20 12 19 8 14 17 -0.0142189 21 995 996
992 28 0 1 0 1 3 20 20 28 13 18 17 -0 -5 997 998
993 29 1 0 5 1 4 0 0 1 4 73 
994 29 0 1 0 14 9 16 18 20 10 16 13 -0.0479421 16 999 1000
995 29 0 1 0 23 9 17 19 25 7 19 14 -0.0546218 4 1001 1002
996 29 0 1 0 16 32 13 18 3 27 19 17 -0.0115697 9 1003 1004
997 29 1 0 21 1 4 0 21 0 0 323 
998 29 1 0 3 1 4 0 0 0 3 324 
999 30 0 1 0 15 25 12 15 13 23 16 15 -0.046486 22 1005 1006
1000 30 1 0 3 1 4 1 1 1 0 119 
1001 30 0 1 0 11 16 17 12 6 27 18 12 -0.0357143 19 1007 1008
1002 30 1 0 3 1 4 3 0 0 0 310 
1003 30 1 0 2 1 4 0 1 1 0 311 
1004 30 0 1 0 6 12 15 16 8 13 17 18 -0.0105413 -29 1009 1010
1005 31 0 1 0 1 27 15 14 19 17 13 19 -0.0447562 -50 1011 1012
1006 31 1 0 2 1 4 1 0 1 0 118 
1007 31 1 0 2 1 4 1 1 0 0 308 
1008 31 1 0 12 1 4 0 12 0 0 309 
1009 31 1 0 5 1 4 0 4 0 1 312 
1010 31 0 1 0 9 25 20 18 14 6 14 18 -0.00761859 125 1013 1014
1011 32 0 1 0 20 3 12 14 30 21 14 17 -0 -66 1015 1016
1012 32 0 1 0 30 31 16 17 21 12 15 12 -0.0433169 38 1017 1018
1013 32 0 1 0 16 29 12 17 17 26 12 15 -0.00703117 -15 1019 1020
1014 32 1 0 2 1 4 1 1 0 0 322 
1015 33 1 0 5 1 4 0 0 5 0 74 
1016 33 1 0 5 1 4 0 0 0 5 75 
1017 33 0 1 0 23 29 13 12 22 35 12 14 -0.135735 -37 1021 1022
1018 33 0 1 0 20 20 19 19 26 23 20 15 -0.0193212 8 1023 1024
1019 33 1 0 4 1 4 1 3 0 0 313 
1020 33 0 1 0 18 31 13 16 15 27 15 19 -0.00618214 -1 1025 1026
1021 34 0 1 0 21 27 16 17 25 26 17 12 -0.0478469 8 1027 1028
1022 34 0 1 0 29 15 20 13 32 17 15 14 -0.124199 12 1029 1030
1023 34 0 1 0 28 17 20 15 30 17 12 12 -0.0174508 -6 1031 1032
1024 34 1 0 2 1 4 1 0 1 0 117 
1025 34 1 0 3 1 4 1 2 0 0 314 
1026 34 0 1 0 17 6 12 13 19 22 13 18 -0.0055578 16 1033 1034
1027 35 0 1 0 24 3 20 19 16 17 12 19 -0.0454545 7 1035 1036
1028 35 1 0 8 1 4 0 0 8 0 78 
1029 35 0 1 0 33 27 13 13 23 12 13 18 -0.0465682 -3 1037 1038
1030 35 0 1 0 15 5 14 13 16 25 16 17 -0.221094 -65 1039 1040
1031 35 1 0 8 1 4 0 0 4 4 94 
1032 35 0 1 0 6 33 13 15 7 26 17 15 -0.0159404 -13 1041 1042
1033 35 0 1 0 21 7 14 13 22 11 16 18 -0.00479998 -21 1043 1044
1034 35 1 0 8 1 4 1 7 0 0 321 
1035 36 1 0 2 1 4 0 1 1 0 76 
1036 36 1 0 9 1 4 0 9 0 0 77 
1037 36 1 0 6 1 4 0 0 2 4 79 
1038 36 0 1 0 8 22 17 12 6 35 12 12 -0.0371517 15 1045 1046
1039 36 0 1 0 13 6 17 16 5 7 17 16 -0.00510204 -6 1047 1048
1040 36 0 1 0 6 16 16 19 7 15 13 15 -0.470494 16 1049 1050
1041 36 1 0 3 1 4 0 2 1 0 95 
1042 36 0 1 0 13 9 13 12 31 18 16 16 -0.0146987 25 1051 1052
1043 36 0 1 0 22 8 16 19 19 28 12 20 -0.05 -77 1053 1054
1044 36 0 1 0 17 15 20 17 14 17 12 19 -0.00403121 13 1055 1056
1045 37 0 1 0 18 24 15 20 22 23 20 18 -0.0311136 8 1057 1058
1046 37 1 0 2 1 4 0 2 0 0 87 
1047 37 1 0 2 1 4 0 1 1 0 88 
1048 37 1 0 96 1 4 0 0 96 0 89 
1049 37 0 1 0 23 17 18 17 19 20 16 13 -0.283838 -21 1059 1060
1050 37 1 0 5 1 4 5 0 0 0 93 
1051 37 0 1 0 0 26 20 15 6 13 15 13 -0.0140479 2 1061 1062
1052 37 1 0 2 1 4 0 2 0 0 116 
1053 37 1 0 8 1 4 0 8 0 0 315 
1054 37 1 0 2 1 4 1 1 0 0 316 
1055 37 0 1 0 26 26 16 16 28 24 20 16 -0.000746587 6 1063 1064
1056 37 0 1 0 11 13 20 12 14 30 14 20 -0.0638298 -41 1065 1066
1057 38 0 1 0 6 33 13 12 18 27 19 13 -0.0219335 -34 1067 1068
1058 38 1 0 2 1 4 1 0 1 0 86 
1059 38 1 0 3 1 4 3 0 0 0 90 
1060 38 0 1 0 10 25 19 15 9 20 13 19 -0.04 29 1069 1070
1061 38 0 1 0 1 8 17 18 14 14 12 16 -0.0992908 6 1071 1072
1062 38 0 1 0 23 21 14 16 23 19 12 12 -0.00953536 -13 1073 1074
1063 38 1 0 8 1 4 1 7 0 0 317 
1064 38 1 0 1164 1 4 0 1164 0 0 318 
1065 38 1 0 43 1 4 0 43 0 0 319 
1066 38 1 0 4 1 4 0 3 0 1 320 
1067 39 1 0 9 1 4 0 0 6 3 80 
1068 39 0 1 0 0 15 12 18 2 15 19 12 -0.0139679 4 1075 1076
1069 39 1 0 25 1 4 0 0 25 0 91 
1070 39 1 0 5 1 4 2 3 0 0 92 
1071 39 0 1 0 5 3 19 20 11 12 19 19 -0 -1 1077 1078
1072 39 0 1 0 8 24 14 14 9 28 16 14 -0.0419913 -11 1079 1080
1073 39 1 0 3 1 4 0 0 1 2 101 
1074 39 0 1 0 3 25 18 19 8 22 12 18 -0.00858264 -10 1081 1082
1075 40 0 1 0 9 19 18 16 12 34 13 12 -0.00818012 -72 1083 1084
1076 40 1 0 6 1 4 0 2 4 0 85 
1077 40 1 0 4 1 4 0 0 4 0 96 
1078 40 1 0 8 1 4 0 8 0 0 97 
1079 40 1 0 2 1 4 0 1 1 0 98 
1080 40 0 1 0 14 29 18 14 9 24 15 19 -0.0151515 25 1085 1086
1081 40 1 0 3 1 4 0 0 1 2 102 
1082 40 0 1 0 16 17 19 19 17 19 14 19 -0.00791044 15 1087 1088
1083 41 1 0 2 1 4 0 1 1 0 81 
1084 41 0 1 0 10 29 14 20 21 18 12 16 -0.00495585 66 1089 1090
1085 41 1 0 31 1 4 0 0 31 0 99 
1086 41 1 0 2 1 4 0 0 1 1 100 
1087 41 0 1 0 12 27 16 13 3 28 19 19 -0.00661093 44 1091 1092
1088 41 0 1 0 20 23 18 17 26 34 12 20 -0 -54 1093 1094
1089 42 0 1 0 24 18 20 17 30 27 18 12 -0.00166667 2 1095 1096
1090 42 1 0 2 1 4 0 0 1 1 84 
1091 42 0 1 0 11 28 13 20 20 32 15 12 -0.00612721 -63 1097 1098
1092 42 1 0 2 1 4 0 0 1 1 113 
1093 42 1 0 3 1 4 0 0 0 3 114 
1094 42 1 0 9 1 4 0 0 9 0 115 
1095 43 1 0 298 1 4 0 0 298 0 82 
1096 43 1 0 2 1 4 0 0 1 1 83 
1097 43 1 0 8 1 4 0 0 6 2 103 
1098 43 0 1 0 24 17 19 13 22 23 12 18 -0.00516635 9 1099 1100
1099 44 0 1 0 30 31 12 17 22 11 17 12 -0.00467762 16 1101 1102
1100 44 1 0 2 1 4 0 0 1 1 112 
1101 45 1 0 2 1 4 0 0 1 1 104 
1102 45 0 1 0 21 12 17 18 8 12 12 12 -0.00428252 -8 1103 1104
1103 46 0 1 0 21 24 18 12 17 25 16 18 -0.0206897 5 1105 1106
1104 46 0 1 0 29 31 16 17 26 31 15 20 -0.00145865 -5 1107 1108
1105 47 1 0 106 1 4 0 0 106 0 105 
1106 47 0 1 0 33 32 15 14 6 8 13 12 -0 55 1109 1110
1107 47 0 1 0 14 19 18 20 9 29 13 13 -0 -35 1111 1112
1108 47 0 1 0 15 25 12 17 15 23 20 14 -0.000396197 -33 1113 1114
1109 48 1 0 6 1 4 0 6 0 0 106 
1110 48 1 0 4 1 4 0 0 4 0 107 
1111 48 1 0 2 1 4 0 0 0 2 108 
1112 48 1 0 17 1 4 0 0 17 0 109 
1113 48 1 0 4 1 4 0 0 3 1 110 
1114 48 1 0 1889 1 4 0 0 1889 0 111 
