-2147483648 -2147483648 data/trees_headpose/tree_026.txt
100 10 5000 30 30000 1 48 1 data/trees_headpose ./data/Cropped_HBO_Data_4view.txt
1 0
0 0 0 1 0 32 34 13 15 27 15 12 16 -0.967032 -12 1 2
1 1 0 1 0 13 10 14 19 9 33 13 15 -0.676599 5 3 4
2 1 0 1 0 16 9 13 14 8 23 19 12 -0.706818 3 5 6
3 2 0 1 0 18 12 20 15 13 27 17 13 -0.529679 3 7 8
4 2 0 1 0 18 28 17 18 14 12 13 16 -1.10493 30 9 10
5 2 0 1 0 0 28 16 18 7 11 16 14 -0.624141 1 11 12
6 2 0 1 0 5 21 18 12 0 28 17 13 -0.488774 -3 13 14
7 3 0 1 0 7 24 18 12 0 27 18 19 -0.286963 -19 15 16
8 3 0 1 0 27 29 18 12 26 20 12 15 -1.58367 -15 17 18
9 3 0 1 0 14 28 12 18 13 32 14 14 -0.900533 -10 19 20
10 3 0 1 0 10 1 17 17 22 14 16 14 -0 -73 21 22
11 3 0 1 0 12 3 13 13 9 7 15 18 -0.362756 -1 23 24
12 3 0 1 0 10 9 20 14 15 4 14 16 -0.612342 -13 25 26
13 3 0 1 0 17 13 16 17 0 0 17 17 -0.216863 16 27 28
14 3 0 1 0 25 5 17 16 34 32 13 13 -0.609122 9 29 30
15 4 0 1 0 5 21 18 20 24 1 18 16 -0.125 48 31 32
16 4 0 1 0 0 20 15 19 2 26 19 17 -0.255096 2 33 34
17 4 0 1 0 10 16 13 13 22 10 12 19 -0.661196 -90 35 36
18 4 0 1 0 0 29 16 17 0 32 15 14 -1.2454 0 37 38
19 4 0 1 0 21 18 14 16 20 13 15 12 -0.702679 -36 39 40
20 4 0 1 0 25 21 14 15 26 27 20 13 -0.572491 34 41 42
21 4 1 0 15 1 4 0 0 0 15 79 
22 4 1 0 3 1 4 0 3 0 0 80 
23 4 0 1 0 0 27 12 18 1 33 13 13 -0.272444 -22 43 44
24 4 0 1 0 17 14 15 14 22 24 14 19 -0.531759 19 45 46
25 4 0 1 0 21 21 15 14 13 34 12 15 -0.73127 -36 47 48
26 4 0 1 0 21 8 16 12 25 28 13 14 -0.507668 16 49 50
27 4 0 1 0 22 30 16 14 23 30 16 19 -0.143519 6 51 52
28 4 0 1 0 13 35 12 19 17 24 18 16 -0.17814 30 53 54
29 4 0 1 0 3 34 13 12 28 5 12 17 -0.44817 31 55 56
30 4 0 1 0 10 14 14 17 6 26 17 20 -1.07511 7 57 58
31 5 1 0 14 1 4 14 0 0 0 0 
32 5 1 0 2 1 4 0 1 0 1 1 
33 5 0 1 0 1 2 16 19 0 7 12 12 -0.226505 -8 59 60
34 5 0 1 0 20 6 18 19 22 8 17 20 -0.263736 0 61 62
35 5 1 0 6 1 4 5 0 0 1 44 
36 5 0 1 0 0 17 18 15 3 13 17 19 -0.464974 9 63 64
37 5 0 1 0 30 25 16 17 1 27 20 12 -0.768804 36 65 66
38 5 0 1 0 20 4 18 16 5 19 18 17 -0.904204 16 67 68
39 5 1 0 8 1 4 7 1 0 0 65 
40 5 0 1 0 14 15 13 13 27 10 15 20 -0.0333333 -8 69 70
41 5 0 1 0 10 24 18 18 15 27 12 18 -0.482579 1 71 72
42 5 1 0 7 1 4 0 0 4 3 78 
43 5 0 1 0 33 29 17 12 24 28 13 20 -0.106345 -10 73 74
44 5 0 1 0 20 30 14 19 18 10 14 13 -0.24346 -15 75 76
45 5 0 1 0 3 10 16 18 8 19 15 17 -0.398907 3 77 78
46 5 1 0 20 1 4 0 0 0 20 153 
47 5 0 1 0 14 29 14 13 22 30 14 15 -0.171351 9 79 80
48 5 0 1 0 12 12 18 17 0 26 20 15 -0.389923 20 81 82
49 5 0 1 0 13 14 12 15 33 21 20 12 -0.453383 5 83 84
50 5 0 1 0 20 27 16 19 14 32 14 13 -0.416673 -31 85 86
51 5 0 1 0 22 6 20 13 29 31 15 17 -0.04851 10 87 88
52 5 1 0 9 1 4 2 6 1 0 369 
53 5 0 1 0 28 23 17 13 31 34 13 15 -0.112148 1 89 90
54 5 0 1 0 30 28 13 17 33 21 12 13 -0.644458 15 91 92
55 5 0 1 0 1 0 20 15 5 11 12 19 -0.371939 -2 93 94
56 5 0 1 0 6 32 15 18 9 32 15 13 -0.500742 -10 95 96
57 5 0 1 0 16 27 15 18 15 30 13 15 -0.861267 -6 97 98
58 5 0 1 0 27 12 12 12 29 30 12 14 -0.795267 20 99 100
59 6 0 1 0 18 5 12 18 19 1 12 14 -0.728938 22 101 102
60 6 0 1 0 15 32 14 19 30 34 13 12 -0.191717 35 103 104
61 6 0 1 0 6 14 14 14 17 31 16 12 -0.0692308 -46 105 106
62 6 0 1 0 21 29 18 16 26 25 13 15 -0 37 107 108
63 6 0 1 0 1 4 14 18 19 19 12 14 -0.354817 -146 109 110
64 6 1 0 3 1 4 3 0 0 0 50 
65 6 0 1 0 11 33 14 14 21 17 14 15 -0.449673 24 111 112
66 6 1 0 4 1 4 0 0 0 4 56 
67 6 0 1 0 2 29 13 15 34 2 18 13 -1.01607 3 113 114
68 6 0 1 0 18 16 13 15 11 1 18 16 -0.166269 40 115 116
69 6 1 0 3 1 4 2 1 0 0 66 
70 6 1 0 17 1 4 0 0 0 17 67 
71 6 0 1 0 13 28 13 13 11 14 13 15 -0.360259 21 117 118
72 6 1 0 5 1 4 1 0 1 3 77 
73 6 0 1 0 25 21 19 15 26 8 17 12 -0.17381 17 119 120
74 6 0 1 0 25 2 13 20 16 0 17 13 -0 -1 121 122
75 6 0 1 0 6 23 20 17 9 7 17 20 -0.386364 -1 123 124
76 6 0 1 0 15 17 14 18 21 11 17 12 -0.203925 0 125 126
77 6 0 1 0 28 13 17 14 26 15 14 19 -0.29332 4 127 128
78 6 0 1 0 28 15 17 14 25 6 13 17 -0.0945473 3 129 130
79 6 0 1 0 27 13 14 13 29 18 14 18 -0.125 16 131 132
80 6 0 1 0 4 9 15 18 12 14 17 19 -0 -7 133 134
81 6 0 1 0 22 14 19 13 28 1 16 19 -0.269503 15 135 136
82 6 0 1 0 6 19 12 12 10 11 17 15 -0 0 137 138
83 6 0 1 0 0 27 18 18 2 23 15 13 -0.2641 -1 139 140
84 6 0 1 0 8 29 17 13 2 30 17 17 -0.993964 16 141 142
85 6 0 1 0 31 9 18 14 26 8 17 19 -0.0527339 -35 143 144
86 6 0 1 0 0 2 17 15 3 12 20 12 -0.930952 -15 145 146
87 6 0 1 0 13 21 20 13 21 3 15 14 -0 24 147 148
88 6 1 0 2 1 4 0 0 0 2 368 
89 6 0 1 0 8 20 20 14 19 28 19 12 -0.0691693 7 149 150
90 6 0 1 0 13 8 14 13 27 23 20 18 -0.447701 -45 151 152
91 6 0 1 0 5 0 15 19 18 15 12 17 -0.0702899 -23 153 154
92 6 0 1 0 20 25 19 19 25 29 18 12 -0.24232 -19 155 156
93 6 0 1 0 14 31 16 19 21 28 15 13 -0.337268 16 157 158
94 6 0 1 0 10 29 15 15 26 10 14 14 -0.436274 -20 159 160
95 6 0 1 0 1 21 13 13 5 4 12 16 -0.671738 -5 161 162
96 6 0 1 0 26 16 18 18 24 33 12 18 -0.271523 -9 163 164
97 6 0 1 0 22 28 15 19 24 8 15 12 -0.285513 15 165 166
98 6 0 1 0 26 27 20 13 30 24 15 16 -1.0417 34 167 168
99 6 0 1 0 1 17 18 19 1 22 19 18 -0.680563 -1 169 170
100 6 0 1 0 20 19 14 16 10 25 14 20 -0.0227273 -27 171 172
101 7 0 1 0 25 30 12 16 7 17 18 16 -0.177778 19 173 174
102 7 0 1 0 3 22 12 17 20 4 16 17 -0.0384615 66 175 176
103 7 0 1 0 10 6 15 15 3 9 20 19 -0.68936 7 177 178
104 7 0 1 0 7 26 20 14 13 2 17 17 -0.103265 2 179 180
105 7 1 0 3 1 4 0 0 0 3 39 
106 7 0 1 0 6 22 15 20 2 12 16 14 -0.05 10 181 182
107 7 1 0 8 1 4 8 0 0 0 42 
108 7 1 0 6 1 4 0 6 0 0 43 
109 7 1 0 2 1 4 2 0 0 0 45 
110 7 0 1 0 19 0 14 19 10 35 12 16 -0.255358 -27 183 184
111 7 0 1 0 20 16 18 12 17 25 12 19 -0.271292 1 185 186
112 7 1 0 4 1 4 0 0 0 4 55 
113 7 1 0 8 1 4 0 1 0 7 57 
114 7 0 1 0 4 12 19 20 13 6 18 17 -0.188235 -12 187 188
115 7 1 0 6 1 4 1 5 0 0 61 
116 7 0 1 0 27 3 20 12 22 5 18 19 -0.0579323 -19 189 190
117 7 0 1 0 4 20 19 15 5 20 20 14 -0.249829 1 191 192
118 7 0 1 0 13 1 15 19 25 4 18 18 -0.0795455 -36 193 194
119 7 1 0 2 1 4 0 0 1 1 81 
120 7 0 1 0 23 11 14 13 28 4 20 16 -0.0306122 33 195 196
121 7 1 0 87 1 4 87 0 0 0 84 
122 7 1 0 2 1 4 0 2 0 0 85 
123 7 1 0 4 1 4 4 0 0 0 86 
124 7 0 1 0 12 19 13 17 12 15 14 18 -0.25 13 197 198
125 7 0 1 0 31 10 17 13 26 16 20 12 -0.0215054 -3 199 200
126 7 0 1 0 14 25 17 15 7 0 14 13 -0.190424 -3 201 202
127 7 0 1 0 18 13 15 15 17 14 16 13 -0.189822 4 203 204
128 7 0 1 0 31 30 15 12 21 33 14 12 -0.1 -20 205 206
129 7 0 1 0 2 16 18 12 13 31 16 12 -0 -8 207 208
130 7 0 1 0 1 24 19 18 23 14 17 14 -0.0357143 -15 209 210
131 7 0 1 0 23 23 20 18 1 6 20 19 -0 71 211 212
132 7 1 0 4 1 4 1 3 0 0 156 
133 7 1 0 39 1 4 0 0 0 39 157 
134 7 1 0 2 1 4 0 0 2 0 158 
135 7 1 0 7 1 4 0 0 6 1 159 
136 7 0 1 0 24 29 17 15 24 27 16 16 -0.171193 15 213 214
137 7 1 0 16 1 4 0 0 0 16 167 
138 7 1 0 3 1 4 0 3 0 0 168 
139 7 0 1 0 21 5 17 12 9 8 19 13 -0.341956 18 215 216
140 7 0 1 0 0 25 20 13 27 13 17 15 -0.22301 -10 217 218
141 7 0 1 0 16 11 18 13 7 29 16 15 -0.765333 -20 219 220
142 7 0 1 0 24 6 16 12 5 14 19 17 -0.724551 -11 221 222
143 7 1 0 2 1 4 2 0 0 0 359 
144 7 0 1 0 2 24 14 20 14 7 17 15 -0.0107527 43 223 224
145 7 0 1 0 11 8 13 16 18 26 13 14 -0.0357143 7 225 226
146 7 0 1 0 29 0 13 15 30 16 18 15 -0.45 -1 227 228
147 7 1 0 35 1 4 0 0 35 0 366 
148 7 1 0 2 1 4 0 2 0 0 367 
149 7 0 1 0 26 34 13 13 15 30 14 18 -0.0577594 31 229 230
150 7 1 0 4 1 4 0 0 2 2 402 
151 7 0 1 0 30 18 19 12 23 24 14 19 -0.32 -14 231 232
152 7 0 1 0 21 28 18 17 18 6 16 20 -0.205337 36 233 234
153 7 0 1 0 6 15 19 16 19 7 17 13 -0.025 -19 235 236
154 7 1 0 3 1 4 2 1 0 0 416 
155 7 0 1 0 26 13 12 15 23 13 15 15 -0.112554 -1 237 238
156 7 0 1 0 24 9 19 18 27 19 18 12 -0 -27 239 240
157 7 0 1 0 22 8 14 14 26 24 18 12 -0.286271 -6 241 242
158 7 0 1 0 26 1 16 18 1 10 19 20 -0.243197 -21 243 244
159 7 1 0 9 1 4 2 7 0 0 502 
160 7 0 1 0 3 27 18 14 28 6 12 19 -0.296019 8 245 246
161 7 0 1 0 20 20 12 12 18 22 16 13 -0.468473 -22 247 248
162 7 0 1 0 6 25 12 19 5 19 14 15 -0.375 43 249 250
163 7 0 1 0 27 24 14 16 34 26 18 13 -0.227633 9 251 252
164 7 1 0 5 1 4 0 0 0 5 534 
165 7 0 1 0 9 26 20 16 1 31 14 12 -0.0420907 18 253 254
166 7 0 1 0 3 13 14 16 7 17 13 15 -0 -25 255 256
167 7 0 1 0 23 10 14 16 28 25 20 18 -0.214286 15 257 258
168 7 0 1 0 27 17 17 20 29 13 12 15 -0.78105 2 259 260
169 7 0 1 0 24 10 20 17 0 29 17 14 -0.409091 -4 261 262
170 7 0 1 0 27 24 18 16 20 3 14 20 -0.501099 -32 263 264
171 7 1 0 2 1 4 1 1 0 0 560 
172 7 1 0 20 1 4 20 0 0 0 561 
173 8 1 0 12 1 4 0 0 0 12 2 
174 8 1 0 3 1 4 1 0 2 0 3 
175 8 1 0 11 1 4 11 0 0 0 4 
176 8 1 0 2 1 4 0 0 1 1 5 
177 8 0 1 0 29 9 13 12 29 3 20 17 -0.285167 52 265 266
178 8 0 1 0 7 28 14 18 1 27 17 17 -0.601412 33 267 268
179 8 0 1 0 17 23 14 17 21 26 16 13 -0.331034 -2 269 270
180 8 0 1 0 3 28 13 19 7 26 18 14 -0.0855021 2 271 272
181 8 1 0 2 1 4 0 1 1 0 40 
182 8 1 0 8 1 4 0 0 8 0 41 
183 8 0 1 0 31 3 12 12 25 16 13 19 -0.0701897 -91 273 274
184 8 1 0 9 1 4 4 0 0 5 49 
185 8 1 0 2 1 4 0 0 0 2 51 
186 8 0 1 0 10 27 19 16 10 26 14 14 -0.0618116 41 275 276
187 8 1 0 3 1 4 0 0 0 3 58 
188 8 0 1 0 18 17 16 16 22 16 18 16 -0.117647 4 277 278
189 8 1 0 2 1 4 0 2 0 0 62 
190 8 0 1 0 24 14 18 13 31 28 16 14 -0.030303 31 279 280
191 8 0 1 0 21 12 17 12 20 31 13 16 -0.111978 4 281 282
192 8 1 0 6 1 4 3 0 0 3 74 
193 8 1 0 3 1 4 0 0 0 3 75 
194 8 1 0 8 1 4 1 7 0 0 76 
195 8 1 0 21 1 4 0 21 0 0 82 
196 8 1 0 7 1 4 6 1 0 0 83 
197 8 1 0 16 1 4 0 0 0 16 87 
198 8 1 0 2 1 4 1 0 0 1 88 
199 8 1 0 28 1 4 28 0 0 0 89 
200 8 1 0 3 1 4 0 2 1 0 90 
201 8 0 1 0 28 31 14 14 21 18 14 18 -0.0833333 27 283 284
202 8 0 1 0 16 10 15 19 31 16 15 16 -0.176426 -26 285 286
203 8 0 1 0 28 3 15 12 25 2 15 14 -0.155848 -2 287 288
204 8 1 0 6 1 4 0 0 5 1 146 
205 8 1 0 6 1 4 0 0 0 6 147 
206 8 1 0 4 1 4 0 2 2 0 148 
207 8 1 0 4 1 4 0 4 0 0 149 
208 8 1 0 29 1 4 0 0 29 0 150 
209 8 1 0 2 1 4 0 0 1 1 151 
210 8 1 0 12 1 4 0 0 0 12 152 
211 8 1 0 14 1 4 0 0 14 0 154 
212 8 1 0 2 1 4 0 0 0 2 155 
213 8 0 1 0 0 27 20 15 14 21 20 16 -0.102661 -56 289 290
214 8 1 0 3 1 4 0 0 0 3 166 
215 8 0 1 0 34 23 15 13 17 8 16 13 -0.243037 19 291 292
216 8 0 1 0 25 30 15 14 1 4 20 18 -0.189583 82 293 294
217 8 0 1 0 3 3 18 19 1 26 19 12 -0.469267 -12 295 296
218 8 0 1 0 18 17 17 17 17 19 17 20 -0.169271 3 297 298
219 8 0 1 0 27 24 20 17 25 31 16 16 -0.598265 -14 299 300
220 8 0 1 0 11 0 17 19 12 8 12 14 -0.640942 -3 301 302
221 8 0 1 0 14 10 19 20 23 27 15 20 -0.469051 14 303 304
222 8 0 1 0 11 15 15 13 7 29 14 17 -0.55335 -14 305 306
223 8 1 0 184 1 4 0 0 0 184 360 
224 8 1 0 2 1 4 1 0 1 0 361 
225 8 1 0 12 1 4 0 0 0 12 362 
226 8 1 0 2 1 4 0 0 1 1 363 
227 8 1 0 11 1 4 11 0 0 0 364 
228 8 1 0 5 1 4 1 0 0 4 365 
229 8 0 1 0 0 3 17 13 7 12 17 20 -0.048589 -118 307 308
230 8 0 1 0 22 9 12 13 32 34 12 13 -0.0791789 -24 309 310
231 8 0 1 0 28 10 12 16 14 9 14 18 -0.2 -25 311 312
232 8 1 0 5 1 4 2 3 0 0 405 
233 8 0 1 0 3 1 14 14 0 21 12 19 -0.14489 5 313 314
234 8 0 1 0 4 2 12 13 27 1 15 19 -0.0985507 -26 315 316
235 8 1 0 18 1 4 0 0 0 18 414 
236 8 1 0 2 1 4 0 0 1 1 415 
237 8 0 1 0 9 7 12 14 20 13 17 19 -0.0454545 -69 317 318
238 8 1 0 3 1 4 0 0 2 1 419 
239 8 1 0 3 1 4 0 3 0 0 420 
240 8 1 0 20 1 4 20 0 0 0 421 
241 8 0 1 0 12 27 17 13 14 6 19 14 -0.213792 54 319 320
242 8 0 1 0 0 22 17 12 0 28 18 12 -0.529215 -1 321 322
243 8 0 1 0 27 24 12 14 33 24 16 12 -0 0 323 324
244 8 0 1 0 20 17 18 17 20 18 19 12 -0.0285714 -5 325 326
245 8 0 1 0 21 27 15 17 21 23 19 12 -0.137716 0 327 328
246 8 1 0 5 1 4 2 3 0 0 509 
247 8 1 0 4 1 4 0 0 0 4 510 
248 8 0 1 0 24 32 15 18 19 28 12 16 -0.341397 1 329 330
249 8 1 0 10 1 4 0 0 0 10 518 
250 8 1 0 2 1 4 1 0 0 1 519 
251 8 0 1 0 12 25 19 14 1 7 18 17 -0.104546 116 331 332
252 8 0 1 0 19 15 14 14 21 24 20 13 -0.277532 -6 333 334
253 8 1 0 2 1 4 2 0 0 0 535 
254 8 0 1 0 5 10 20 14 19 10 16 15 -0.0217391 -17 335 336
255 8 1 0 3 1 4 0 0 0 3 538 
256 8 1 0 10 1 4 0 10 0 0 539 
257 8 1 0 7 1 4 0 6 0 1 540 
258 8 1 0 9 1 4 9 0 0 0 541 
259 8 0 1 0 30 27 13 12 18 12 18 15 -0.471248 -5 337 338
260 8 0 1 0 4 18 16 20 10 10 13 17 -0.26087 -5 339 340
261 8 1 0 2 1 4 1 0 0 1 549 
262 8 1 0 9 1 4 0 0 0 9 550 
263 8 1 0 4 1 4 0 0 0 4 551 
264 8 0 1 0 24 13 12 17 28 30 12 12 -0.377622 19 341 342
265 9 0 1 0 1 31 16 15 7 26 16 13 -0.17741 14 343 344
266 9 1 0 6 1 4 4 0 0 2 12 
267 9 0 1 0 13 15 12 17 12 1 20 16 -0.0758514 12 345 346
268 9 0 1 0 8 13 19 12 9 7 15 13 -0.0363636 -10 347 348
269 9 0 1 0 14 16 16 13 13 10 20 19 -0 -3 349 350
270 9 1 0 14 1 4 0 0 0 14 20 
271 9 0 1 0 0 29 18 13 2 30 15 13 -0.0544081 4 351 352
272 9 0 1 0 12 32 14 13 16 6 17 15 -0.432171 40 353 354
273 9 1 0 3 1 4 1 0 1 1 46 
274 9 0 1 0 6 5 19 18 16 2 18 19 -0.0166667 -56 355 356
275 9 0 1 0 14 6 15 14 19 5 19 16 -0.00649351 -6 357 358
276 9 1 0 2 1 4 0 0 0 2 54 
277 9 1 0 2 1 4 1 0 1 0 59 
278 9 1 0 15 1 4 15 0 0 0 60 
279 9 1 0 2 1 4 0 1 0 1 63 
280 9 1 0 64 1 4 0 0 0 64 64 
281 9 0 1 0 11 22 17 19 1 10 19 14 -0.0666667 52 359 360
282 9 0 1 0 10 32 12 15 0 26 19 15 -0.0243231 86 361 362
283 9 1 0 4 1 4 0 0 0 4 91 
284 9 1 0 6 1 4 0 1 5 0 92 
285 9 0 1 0 10 23 18 20 5 26 20 13 -0.0729167 49 363 364
286 9 0 1 0 34 12 16 12 2 1 19 17 -0.163952 14 365 366
287 9 1 0 5 1 4 4 1 0 0 138 
288 9 0 1 0 6 14 14 19 2 6 20 16 -0.117192 -3 367 368
289 9 1 0 2 1 4 0 0 0 2 160 
290 9 0 1 0 20 16 20 12 27 33 14 20 -0.0536589 -41 369 370
291 9 0 1 0 24 1 17 17 16 1 13 17 -0.298436 8 371 372
292 9 0 1 0 15 32 12 20 4 34 13 13 -0.112523 53 373 374
293 9 0 1 0 10 31 13 12 9 21 18 14 -0.0833333 30 375 376
294 9 0 1 0 24 25 18 19 6 17 13 20 -0 29 377 378
295 9 0 1 0 18 34 12 20 22 7 18 15 -0.386153 34 379 380
296 9 0 1 0 28 30 17 14 24 14 12 18 -0.260002 54 381 382
297 9 0 1 0 31 34 13 12 2 31 14 17 -0.147138 110 383 384
298 9 0 1 0 10 23 16 18 9 26 19 14 -0.417857 -10 385 386
299 9 0 1 0 26 32 13 19 15 11 16 16 -0.459649 37 387 388
300 9 0 1 0 6 29 15 12 0 31 12 18 -0.280612 1 389 390
301 9 0 1 0 8 24 18 14 16 27 20 15 -0.443304 -1 391 392
302 9 0 1 0 16 8 12 12 10 12 18 12 -0.418026 -10 393 394
303 9 0 1 0 6 17 12 19 34 22 19 12 -0.354642 19 395 396
304 9 0 1 0 0 27 19 19 10 12 15 12 -0 -9 397 398
305 9 0 1 0 17 10 18 13 10 15 19 15 -0.363362 24 399 400
306 9 1 0 9 1 4 5 2 0 2 358 
307 9 1 0 2 1 4 0 0 2 0 370 
308 9 0 1 0 17 8 12 16 26 29 16 18 -0.0447703 -53 401 402
309 9 0 1 0 9 26 14 14 24 27 15 15 -0 -45 403 404
310 9 1 0 13 1 4 13 0 0 0 401 
311 9 1 0 2 1 4 0 1 0 1 403 
312 9 1 0 8 1 4 0 0 0 8 404 
313 9 0 1 0 21 3 18 19 21 29 13 15 -0.0560395 -51 405 406
314 9 1 0 5 1 4 0 4 0 1 409 
315 9 1 0 5 1 4 4 1 0 0 410 
316 9 0 1 0 22 28 14 14 27 12 12 17 -0.0614919 37 407 408
317 9 1 0 2 1 4 1 1 0 0 417 
318 9 1 0 9 1 4 0 9 0 0 418 
319 9 0 1 0 13 27 18 20 13 31 13 12 -0.202708 -4 409 410
320 9 1 0 8 1 4 0 0 0 8 478 
321 9 0 1 0 29 0 18 15 10 27 13 12 -0.284155 -88 411 412
322 9 0 1 0 35 0 16 12 3 19 15 15 -0.593989 -7 413 414
323 9 1 0 7 1 4 7 0 0 0 498 
324 9 1 0 7 1 4 0 7 0 0 499 
325 9 1 0 23 1 4 0 0 0 23 500 
326 9 1 0 5 1 4 0 1 4 0 501 
327 9 0 1 0 18 15 16 15 23 8 20 13 -0.0416667 -5 415 416
328 9 0 1 0 18 22 13 17 12 26 17 12 -0.0676136 18 417 418
329 9 0 1 0 9 10 12 17 11 8 20 13 -0.268765 -11 419 420
330 9 0 1 0 25 19 19 20 28 16 17 18 -0 37 421 422
331 9 0 1 0 21 23 15 12 18 16 18 19 -0.0764567 -6 423 424
332 9 1 0 3 1 4 0 1 0 2 524 
333 9 0 1 0 7 29 15 15 9 27 14 14 -0.248804 -10 425 426
334 9 0 1 0 22 24 18 18 4 28 19 18 -0.0186335 27 427 428
335 9 1 0 90 1 4 0 0 0 90 536 
336 9 1 0 2 1 4 0 1 0 1 537 
337 9 0 1 0 24 24 20 18 5 17 12 19 -0.195652 16 429 430
338 9 1 0 8 1 4 0 6 0 2 544 
339 9 0 1 0 2 32 14 16 14 5 12 15 -0.188889 -4 431 432
340 9 1 0 3 1 4 0 0 0 3 548 
341 9 0 1 0 21 12 15 12 23 30 14 15 -0.214187 12 433 434
342 9 1 0 3 1 4 0 0 0 3 559 
343 10 0 1 0 5 30 14 18 20 14 13 16 -0.0837662 35 435 436
344 10 1 0 4 1 4 2 0 0 2 11 
345 10 1 0 2 1 4 0 1 1 0 13 
346 10 0 1 0 9 33 14 18 29 28 18 12 -0.0294118 7 437 438
347 10 1 0 5 1 4 1 4 0 0 16 
348 10 1 0 17 1 4 0 0 0 17 17 
349 10 1 0 3 1 4 0 0 0 3 18 
350 10 1 0 12 1 4 0 12 0 0 19 
351 10 0 1 0 6 23 20 19 1 26 15 17 -0.0468735 56 439 440
352 10 1 0 6 1 4 3 0 1 2 35 
353 10 1 0 9 1 4 6 1 0 2 36 
354 10 0 1 0 34 5 19 13 29 7 20 16 -0.0765766 -11 441 442
355 10 1 0 2 1 4 0 1 0 1 47 
356 10 1 0 118 1 4 0 0 0 118 48 
357 10 1 0 75 1 4 75 0 0 0 52 
358 10 1 0 2 1 4 0 1 1 0 53 
359 10 1 0 7 1 4 7 0 0 0 68 
360 10 0 1 0 4 9 17 19 17 20 14 15 -0 -89 443 444
361 10 0 1 0 30 15 12 17 31 25 16 15 -0.00413223 -1 445 446
362 10 1 0 2 1 4 0 1 0 1 73 
363 10 0 1 0 2 11 15 18 18 21 13 20 -0 -83 447 448
364 10 1 0 8 1 4 0 8 0 0 95 
365 10 0 1 0 24 24 18 19 22 13 13 15 -0.151495 -9 449 450
366 10 0 1 0 9 21 14 17 22 17 13 13 -0.107246 2 451 452
367 10 1 0 4 1 4 0 0 4 0 139 
368 10 0 1 0 0 28 19 14 21 16 13 17 -0.100994 9 453 454
369 10 1 0 5 1 4 0 2 3 0 161 
370 10 0 1 0 5 11 17 17 4 6 12 19 -0.0312784 34 455 456
371 10 0 1 0 14 33 13 17 3 32 12 20 -0.221687 6 457 458
372 10 1 0 6 1 4 6 0 0 0 177 
373 10 0 1 0 17 16 12 12 17 19 18 19 -0.0727219 11 459 460
374 10 1 0 9 1 4 1 8 0 0 185 
375 10 1 0 22 1 4 22 0 0 0 186 
376 10 1 0 2 1 4 1 0 1 0 187 
377 10 1 0 6 1 4 0 0 6 0 188 
378 10 1 0 10 1 4 0 10 0 0 189 
379 10 1 0 7 1 4 7 0 0 0 190 
380 10 0 1 0 30 33 14 16 33 27 14 12 -0.337428 -7 461 462
381 10 0 1 0 31 28 16 16 17 8 16 13 -0.107937 4 463 464
382 10 0 1 0 29 14 13 12 8 15 16 17 -0.345411 5 465 466
383 10 0 1 0 26 2 20 19 12 1 12 20 -0.137456 -26 467 468
384 10 0 1 0 7 3 16 18 12 8 15 19 -0.0237484 2 469 470
385 10 1 0 8 1 4 0 0 6 2 291 
386 10 0 1 0 19 12 18 12 5 17 20 12 -0 11 471 472
387 10 0 1 0 19 28 18 14 14 10 20 18 -0.444611 26 473 474
388 10 0 1 0 5 26 17 12 6 10 17 16 -0.235603 50 475 476
389 10 1 0 7 1 4 0 6 1 0 319 
390 10 0 1 0 15 18 14 18 20 11 19 18 -0.160714 29 477 478
391 10 0 1 0 19 32 15 13 6 34 13 13 -0.331471 -14 479 480
392 10 0 1 0 2 2 14 18 26 0 13 14 -0.286765 10 481 482
393 10 1 0 9 1 4 4 2 3 0 337 
394 10 0 1 0 18 28 12 13 10 17 19 13 -0 4 483 484
395 10 0 1 0 10 1 17 15 20 2 16 16 -0.237607 6 485 486
396 10 0 1 0 21 2 17 18 24 12 19 13 -0.139578 4 487 488
397 10 1 0 2 1 4 0 2 0 0 349 
398 10 1 0 13 1 4 0 0 0 13 350 
399 10 0 1 0 23 27 18 16 4 23 18 20 -0.253096 48 489 490
400 10 1 0 4 1 4 3 0 0 1 357 
401 10 0 1 0 3 27 15 18 2 25 14 19 -0.151515 18 491 492
402 10 0 1 0 13 11 13 15 2 1 20 20 -0.0380937 10 493 494
403 10 1 0 27 1 4 0 27 0 0 399 
404 10 1 0 4 1 4 0 0 4 0 400 
405 10 1 0 7 1 4 3 4 0 0 406 
406 10 0 1 0 28 34 12 19 21 27 12 19 -0.0121951 11 495 496
407 10 1 0 2 1 4 0 1 0 1 411 
408 10 0 1 0 6 5 13 15 29 0 16 16 -0.0107527 0 497 498
409 10 0 1 0 26 21 12 20 19 16 17 20 -0.849432 -21 499 500
410 10 0 1 0 1 32 14 12 0 31 13 14 -0.145626 3 501 502
411 10 1 0 2 1 4 0 0 0 2 479 
412 10 0 1 0 14 1 18 20 1 7 12 12 -0.205217 6 503 504
413 10 0 1 0 22 22 18 20 32 5 12 15 -0.235119 20 505 506
414 10 0 1 0 28 15 18 12 19 32 12 18 -0.46245 -52 507 508
415 10 1 0 2 1 4 0 0 1 1 503 
416 10 1 0 10 1 4 0 0 0 10 504 
417 10 0 1 0 20 1 17 19 3 22 18 16 -0.0243421 22 509 510
418 10 1 0 4 1 4 0 4 0 0 508 
419 10 1 0 4 1 4 0 1 0 3 511 
420 10 0 1 0 11 23 17 19 10 27 20 17 -0.135997 -16 511 512
421 10 1 0 18 1 4 18 0 0 0 516 
422 10 1 0 4 1 4 0 4 0 0 517 
423 10 1 0 6 1 4 4 0 0 2 520 
424 10 0 1 0 29 28 12 17 29 15 17 15 -0.0291686 1 513 514
425 10 1 0 2 1 4 0 0 0 2 525 
426 10 0 1 0 12 26 12 20 19 29 13 13 -0.167759 -9 515 516
427 10 1 0 39 1 4 39 0 0 0 532 
428 10 1 0 7 1 4 1 6 0 0 533 
429 10 1 0 2 1 4 1 0 0 1 542 
430 10 1 0 21 1 4 0 0 0 21 543 
431 10 0 1 0 4 18 18 18 13 26 17 20 -0.111111 -48 517 518
432 10 1 0 2 1 4 2 0 0 0 547 
433 10 0 1 0 6 23 13 13 7 16 12 12 -0.134233 0 519 520
434 10 0 1 0 32 1 17 12 18 0 20 14 -0.0431818 -19 521 522
435 11 0 1 0 7 0 20 20 6 11 13 13 -0.0194372 -16 523 524
436 11 0 1 0 18 27 13 13 27 18 17 13 -0.342857 12 525 526
437 11 1 0 2 1 4 1 1 0 0 14 
438 11 1 0 15 1 4 15 0 0 0 15 
439 11 0 1 0 13 25 15 12 13 19 18 14 -0.0431717 1 527 528
440 11 1 0 2 1 4 1 0 0 1 34 
441 11 1 0 31 1 4 0 0 0 31 37 
442 11 1 0 6 1 4 0 1 3 2 38 
443 11 1 0 2 1 4 2 0 0 0 69 
444 11 1 0 18 1 4 0 18 0 0 70 
445 11 1 0 2 1 4 1 1 0 0 71 
446 11 1 0 119 1 4 119 0 0 0 72 
447 11 1 0 2 1 4 0 0 0 2 93 
448 11 1 0 14 1 4 0 0 14 0 94 
449 11 0 1 0 17 15 17 14 4 34 12 12 -0.216667 30 529 530
450 11 0 1 0 26 27 15 16 32 31 15 15 -0.129399 6 531 532
451 11 1 0 3 1 4 0 2 1 0 135 
452 11 0 1 0 21 30 12 20 8 28 12 18 -0 30 533 534
453 11 0 1 0 25 24 16 20 31 32 12 12 -0.0803245 16 535 536
454 11 1 0 2 1 4 0 0 2 0 145 
455 11 0 1 0 10 27 20 17 9 28 13 19 -0.0129675 -3 537 538
456 11 1 0 2 1 4 0 1 1 0 165 
457 11 0 1 0 30 18 16 14 14 10 14 14 -0.1 -7 539 540
458 11 0 1 0 32 2 12 15 0 2 15 18 -0.131528 -3 541 542
459 11 0 1 0 22 26 19 14 15 27 14 14 -0.0484128 45 543 544
460 11 1 0 2 1 4 2 0 0 0 184 
461 11 0 1 0 6 30 16 19 7 30 17 17 -0.0689655 -2 545 546
462 11 0 1 0 22 3 18 18 24 34 13 14 -0.27159 -52 547 548
463 11 1 0 3 1 4 1 0 0 2 203 
464 11 0 1 0 19 13 15 14 12 19 13 18 -0.0429505 -19 549 550
465 11 1 0 8 1 4 0 6 2 0 209 
466 11 0 1 0 3 23 12 18 28 30 15 16 -0.233569 -136 551 552
467 11 0 1 0 22 25 19 14 1 15 17 15 -0.05 47 553 554
468 11 0 1 0 25 32 14 16 27 34 13 13 -0.125525 4 555 556
469 11 0 1 0 16 1 15 13 6 25 20 12 -0.0131579 -17 557 558
470 11 1 0 3 1 4 0 0 3 0 290 
471 11 1 0 3 1 4 0 0 3 0 292 
472 11 1 0 17 1 4 17 0 0 0 293 
473 11 1 0 8 1 4 1 0 2 5 294 
474 11 0 1 0 13 35 12 20 23 13 16 17 -0.31363 55 559 560
475 11 0 1 0 6 17 14 17 7 23 18 17 -0.154167 -27 561 562
476 11 0 1 0 3 29 17 14 2 31 12 15 -0.163578 -8 563 564
477 11 0 1 0 17 19 13 16 5 4 12 13 -0 2 565 566
478 11 0 1 0 24 11 19 12 32 10 16 14 -0.1375 45 567 568
479 11 1 0 2 1 4 0 0 0 2 324 
480 11 0 1 0 1 0 12 16 18 0 16 15 -0.258142 -59 569 570
481 11 1 0 9 1 4 0 0 6 3 335 
482 11 1 0 8 1 4 2 5 1 0 336 
483 11 1 0 3 1 4 0 0 3 0 338 
484 11 1 0 10 1 4 0 0 0 10 339 
485 11 0 1 0 11 14 15 16 27 25 12 16 -0 -4 571 572
486 11 1 0 5 1 4 2 3 0 0 342 
487 11 0 1 0 15 22 19 20 15 15 15 14 -0.0962248 2 573 574
488 11 1 0 5 1 4 0 0 2 3 348 
489 11 0 1 0 28 25 20 13 11 12 20 15 -0.144316 -29 575 576
490 11 1 0 6 1 4 1 2 1 2 356 
491 11 0 1 0 4 4 16 15 22 15 14 18 -0.108392 -81 577 578
492 11 0 1 0 26 29 16 14 21 26 18 16 -0 7 579 580
493 11 1 0 3 1 4 1 0 1 1 376 
494 11 0 1 0 3 22 19 15 4 18 19 20 -0.0340216 -38 581 582
495 11 1 0 39 1 4 39 0 0 0 407 
496 11 1 0 2 1 4 1 1 0 0 408 
497 11 1 0 3 1 4 2 1 0 0 412 
498 11 1 0 59 1 4 0 59 0 0 413 
499 11 0 1 0 31 3 12 13 34 1 19 13 -0.4375 1 583 584
500 11 0 1 0 1 3 17 19 16 2 14 17 -0.227273 -14 585 586
501 11 0 1 0 1 17 13 20 6 18 18 14 -0.128112 -22 587 588
502 11 0 1 0 14 24 15 16 23 27 19 12 -0.114624 -18 589 590
503 11 1 0 2 1 4 0 0 1 1 480 
504 11 0 1 0 21 24 13 19 12 34 12 12 -0.0768093 -42 591 592
505 11 1 0 2 1 4 0 0 1 1 486 
506 11 0 1 0 35 6 15 12 32 2 20 12 -0.126 -3 593 594
507 11 1 0 4 1 4 0 0 0 4 491 
508 11 0 1 0 22 24 19 13 10 27 13 16 -0.364871 15 595 596
509 11 0 1 0 29 12 17 15 34 7 15 13 -0.0131579 5 597 598
510 11 1 0 2 1 4 0 0 0 2 507 
511 11 1 0 3 1 4 0 1 0 2 512 
512 11 0 1 0 1 31 16 12 19 25 20 17 -0.017507 -66 599 600
513 11 1 0 5 1 4 4 0 0 1 521 
514 11 0 1 0 12 22 19 16 19 33 12 19 -0.00181159 -34 601 602
515 11 0 1 0 23 15 20 15 22 10 13 13 -0.111174 -6 603 604
516 11 0 1 0 27 30 15 19 23 25 17 18 -0 -15 605 606
517 11 1 0 16 1 4 0 16 0 0 545 
518 11 1 0 2 1 4 0 1 0 1 546 
519 11 0 1 0 28 14 15 18 24 20 18 16 -0.0986889 -25 607 608
520 11 1 0 2 1 4 0 0 0 2 555 
521 11 0 1 0 17 29 13 13 21 28 12 13 -0.025 32 609 610
522 11 1 0 2 1 4 0 2 0 0 558 
523 12 1 0 4 1 4 0 1 2 1 6 
524 12 0 1 0 25 4 17 12 10 15 19 20 -0.00333333 -36 611 612
525 12 1 0 7 1 4 1 0 6 0 9 
526 12 1 0 3 1 4 0 0 0 3 10 
527 12 0 1 0 24 10 14 19 29 34 13 17 -0.312002 10 613 614
528 12 0 1 0 11 29 12 12 7 29 13 18 -0.02219 -11 615 616
529 12 0 1 0 10 21 14 15 11 31 13 15 -0 8 617 618
530 12 1 0 8 1 4 2 6 0 0 98 
531 12 0 1 0 14 3 16 13 29 17 17 14 -0.20118 12 619 620
532 12 0 1 0 20 11 19 14 19 31 13 20 -0.0744256 -4 621 622
533 12 1 0 18 1 4 18 0 0 0 136 
534 12 1 0 2 1 4 0 2 0 0 137 
535 12 0 1 0 17 1 19 19 22 8 16 12 -0.0469136 -3 623 624
536 12 1 0 2 1 4 0 1 0 1 144 
537 12 1 0 9 1 4 3 6 0 0 162 
538 12 0 1 0 7 28 18 14 20 2 16 16 -0.00225225 69 625 626
539 12 1 0 2 1 4 1 1 0 0 169 
540 12 0 1 0 28 21 19 17 25 1 18 19 -0.025 -2 627 628
541 12 0 1 0 16 25 14 14 29 32 12 16 -0.0779221 16 629 630
542 12 0 1 0 26 7 17 12 21 11 13 17 -0.0408497 -15 631 632
543 12 0 1 0 30 16 14 12 28 8 13 13 -0.0377922 82 633 634
544 12 1 0 5 1 4 0 5 0 0 183 
545 12 1 0 20 1 4 0 0 0 20 191 
546 12 1 0 9 1 4 0 0 6 3 192 
547 12 0 1 0 12 30 16 14 23 29 18 18 -0.173582 7 635 636
548 12 1 0 5 1 4 4 0 1 0 202 
549 12 1 0 3 1 4 0 0 2 1 204 
550 12 0 1 0 4 23 14 14 24 7 13 19 -0.0257477 12 637 638
551 12 1 0 3 1 4 0 3 0 0 210 
552 12 0 1 0 25 18 20 16 11 13 14 19 -0.123496 57 639 640
553 12 1 0 2 1 4 0 1 1 0 215 
554 12 1 0 8 1 4 8 0 0 0 216 
555 12 0 1 0 35 28 18 12 17 6 18 20 -0.114325 3 641 642
556 12 0 1 0 17 12 15 14 7 3 15 19 -0.168052 1 643 644
557 12 1 0 2 1 4 0 1 1 0 288 
558 12 1 0 36 1 4 0 36 0 0 289 
559 12 0 1 0 4 30 15 17 1 27 12 12 -0.0367133 3 645 646
560 12 0 1 0 5 8 15 18 8 32 14 19 -0.25742 -53 647 648
561 12 1 0 8 1 4 0 3 5 0 309 
562 12 0 1 0 12 1 15 20 0 15 20 20 -0.05 -41 649 650
563 12 1 0 5 1 4 0 5 0 0 312 
564 12 0 1 0 24 21 15 12 20 18 16 15 -0.110071 -9 651 652
565 12 1 0 3 1 4 0 0 3 0 320 
566 12 1 0 15 1 4 0 0 0 15 321 
567 12 1 0 2 1 4 0 1 1 0 322 
568 12 1 0 8 1 4 0 0 7 1 323 
569 12 1 0 6 1 4 1 0 4 1 325 
570 12 0 1 0 15 12 20 16 20 26 15 12 -0.15504 -20 653 654
571 12 1 0 5 1 4 0 0 5 0 340 
572 12 1 0 8 1 4 0 0 0 8 341 
573 12 1 0 6 1 4 5 1 0 0 343 
574 12 0 1 0 5 15 13 14 6 0 13 13 -0.065378 11 655 656
575 12 1 0 2 1 4 0 2 0 0 351 
576 12 0 1 0 5 18 12 19 12 17 12 14 -0.12319 -3 657 658
577 12 1 0 2 1 4 0 1 1 0 371 
578 12 0 1 0 28 1 20 19 31 1 12 13 -0.0454545 10 659 660
579 12 1 0 9 1 4 9 0 0 0 374 
580 12 1 0 2 1 4 0 2 0 0 375 
581 12 1 0 2 1 4 1 0 0 1 377 
582 12 0 1 0 28 35 12 17 22 32 13 17 -0.0291174 -22 661 662
583 12 1 0 14 1 4 0 0 0 14 422 
584 12 0 1 0 24 10 19 18 29 23 12 18 -0.0857143 13 663 664
585 12 1 0 9 1 4 9 0 0 0 425 
586 12 0 1 0 29 0 17 18 9 5 19 17 -0.0606061 -13 665 666
587 12 1 0 3 1 4 0 0 0 3 428 
588 12 0 1 0 20 34 13 14 10 33 14 12 -0.118647 20 667 668
589 12 0 1 0 29 25 14 12 30 26 19 17 -0.0408984 1 669 670
590 12 0 1 0 30 20 19 13 4 6 12 15 -0.0301907 -14 671 672
591 12 1 0 2 1 4 0 0 0 2 481 
592 12 0 1 0 13 5 14 18 1 9 16 19 -0.0279261 68 673 674
593 12 0 1 0 8 16 12 18 1 7 16 13 -0 44 675 676
594 12 0 1 0 27 15 12 19 21 12 20 14 -0.03 -23 677 678
595 12 0 1 0 3 25 12 15 28 16 17 16 -0.0789474 0 679 680
596 12 0 1 0 6 33 14 12 5 2 16 20 -0.179221 5 681 682
597 12 1 0 36 1 4 0 0 36 0 505 
598 12 1 0 2 1 4 0 1 1 0 506 
599 12 0 1 0 32 27 17 15 20 21 16 20 -0.00980392 4 683 684
600 12 1 0 5 1 4 5 0 0 0 515 
601 12 1 0 2 1 4 1 1 0 0 522 
602 12 1 0 274 1 4 274 0 0 0 523 
603 12 1 0 2 1 4 0 1 0 1 526 
604 12 0 1 0 24 27 19 20 34 27 15 12 -0.0237649 14 685 686
605 12 1 0 3 1 4 0 3 0 0 530 
606 12 1 0 9 1 4 9 0 0 0 531 
607 12 0 1 0 17 3 17 12 17 23 14 17 -0.00862069 -63 687 688
608 12 1 0 6 1 4 0 4 0 2 554 
609 12 1 0 18 1 4 18 0 0 0 556 
610 12 1 0 2 1 4 1 1 0 0 557 
611 13 1 0 2 1 4 0 0 1 1 7 
612 13 1 0 148 1 4 0 0 0 148 8 
613 13 0 1 0 1 8 16 19 29 6 14 15 -0.385417 -2 689 690
614 13 0 1 0 32 6 16 12 30 33 13 15 -0.0526316 -22 691 692
615 13 1 0 2 1 4 1 0 0 1 25 
616 13 0 1 0 31 27 13 15 31 20 19 12 -0.0179041 2 693 694
617 13 1 0 6 1 4 0 0 0 6 96 
618 13 1 0 4 1 4 0 0 4 0 97 
619 13 0 1 0 5 24 20 13 2 24 16 16 -0.119474 11 695 696
620 13 0 1 0 11 21 19 19 14 19 15 13 -0.231084 3 697 698
621 13 0 1 0 12 0 17 18 23 24 18 13 -0.0626726 0 699 700
622 13 1 0 4 1 4 0 1 0 3 134 
623 13 1 0 4 1 4 2 2 0 0 140 
624 13 0 1 0 23 27 18 18 5 29 12 17 -0.0302391 -5 701 702
625 13 1 0 220 1 4 220 0 0 0 163 
626 13 1 0 2 1 4 1 1 0 0 164 
627 13 1 0 4 1 4 0 3 1 0 170 
628 13 1 0 26 1 4 0 0 26 0 171 
629 13 1 0 7 1 4 0 0 6 1 172 
630 13 1 0 4 1 4 0 4 0 0 173 
631 13 1 0 2 1 4 0 1 1 0 174 
632 13 0 1 0 19 21 19 18 25 31 14 16 -0.0147059 -6 703 704
633 13 0 1 0 25 1 16 13 8 4 13 18 -0.0229885 36 705 706
634 13 1 0 4 1 4 0 3 1 0 182 
635 13 0 1 0 25 25 19 13 25 30 12 14 -0.119685 8 707 708
636 13 0 1 0 11 4 18 13 28 19 16 19 -0 -86 709 710
637 13 0 1 0 18 28 14 18 7 28 13 18 -0.0150474 76 711 712
638 13 1 0 3 1 4 0 0 2 1 208 
639 13 1 0 14 1 4 0 0 14 0 211 
640 13 0 1 0 19 0 15 15 0 18 12 16 -0.0632184 1 713 714
641 13 0 1 0 0 5 14 20 4 4 20 20 -0.302778 -1 715 716
642 13 0 1 0 14 12 17 14 10 15 20 17 -0.0955466 4 717 718
643 13 0 1 0 6 13 17 20 7 2 19 13 -0.113354 -3 719 720
644 13 0 1 0 20 35 12 16 11 22 15 19 -0.0408163 37 721 722
645 13 1 0 4 1 4 0 4 0 0 295 
646 13 0 1 0 0 5 12 17 15 0 18 12 -0.0227273 2 723 724
647 13 0 1 0 26 27 14 20 17 30 14 20 -0.156279 -31 725 726
648 13 0 1 0 1 1 13 16 25 35 12 19 -0.084127 -56 727 728
649 13 1 0 8 1 4 0 8 0 0 310 
650 13 1 0 2 1 4 1 1 0 0 311 
651 13 1 0 2 1 4 1 1 0 0 313 
652 13 0 1 0 26 33 12 18 22 28 15 15 -0.0596441 13 729 730
653 13 0 1 0 16 3 13 16 30 12 13 13 -0.12427 -8 731 732
654 13 0 1 0 8 22 20 18 0 30 13 19 -0.0487637 -13 733 734
655 13 1 0 8 1 4 0 4 3 1 344 
656 13 0 1 0 32 28 16 15 7 17 14 15 -0.0102008 1 735 736
657 13 0 1 0 11 20 17 12 33 27 12 13 -0.0613245 4 737 738
658 13 1 0 5 1 4 0 2 0 3 355 
659 13 1 0 9 1 4 0 9 0 0 372 
660 13 1 0 2 1 4 1 1 0 0 373 
661 13 0 1 0 18 9 15 19 28 1 12 16 -0.181333 54 739 740
662 13 0 1 0 5 13 12 17 14 9 18 15 -0.0213875 2 741 742
663 13 1 0 7 1 4 1 6 0 0 423 
664 13 1 0 3 1 4 0 0 0 3 424 
665 13 1 0 8 1 4 0 8 0 0 426 
666 13 1 0 3 1 4 0 0 2 1 427 
667 13 0 1 0 21 19 16 18 29 11 14 12 -0.251526 19 743 744
668 13 0 1 0 8 30 17 16 12 8 15 14 -0.0954717 28 745 746
669 13 0 1 0 3 14 16 12 17 17 20 14 -0 -54 747 748
670 13 0 1 0 34 29 13 12 25 7 19 19 -0.00943396 74 749 750
671 13 1 0 5 1 4 0 5 0 0 475 
672 13 0 1 0 10 23 14 17 25 7 13 17 -0 -24 751 752
673 13 0 1 0 14 25 15 17 0 14 20 12 -0 13 753 754
674 13 0 1 0 23 28 18 17 27 27 18 19 -0 6 755 756
675 13 1 0 3 1 4 3 0 0 0 487 
676 13 1 0 12 1 4 0 12 0 0 488 
677 13 1 0 21 1 4 21 0 0 0 489 
678 13 1 0 4 1 4 1 3 0 0 490 
679 13 1 0 8 1 4 0 0 6 2 492 
680 13 1 0 11 1 4 0 11 0 0 493 
681 13 0 1 0 24 29 14 13 13 16 20 19 -0.133333 7 757 758
682 13 1 0 9 1 4 9 0 0 0 497 
683 13 1 0 49 1 4 0 49 0 0 513 
684 13 1 0 2 1 4 1 1 0 0 514 
685 13 1 0 2 1 4 2 0 0 0 527 
686 13 0 1 0 18 21 20 14 25 8 14 19 -0.0128205 64 759 760
687 13 1 0 2 1 4 1 1 0 0 552 
688 13 1 0 56 1 4 0 56 0 0 553 
689 14 1 0 4 1 4 3 1 0 0 21 
690 14 1 0 8 1 4 0 1 1 6 22 
691 14 1 0 4 1 4 0 2 0 2 23 
692 14 1 0 72 1 4 0 0 0 72 24 
693 14 0 1 0 9 1 20 17 8 13 13 14 -0.0131913 26 761 762
694 14 1 0 9 1 4 0 3 0 6 33 
695 14 0 1 0 12 30 17 18 19 5 12 16 -0.0730079 19 763 764
696 14 0 1 0 16 12 12 15 11 28 13 12 -0.0375 -52 765 766
697 14 0 1 0 8 28 12 17 8 30 15 12 -0.103636 22 767 768
698 14 1 0 8 1 4 1 5 1 1 114 
699 14 0 1 0 3 21 18 20 4 31 15 12 -0.0576832 -11 769 770
700 14 1 0 2 1 4 0 0 0 2 133 
701 14 1 0 2 1 4 1 1 0 0 141 
702 14 0 1 0 27 22 19 14 23 27 19 19 -0.0168776 -12 771 772
703 14 1 0 32 1 4 0 32 0 0 175 
704 14 1 0 2 1 4 1 1 0 0 176 
705 14 0 1 0 31 33 14 16 15 2 20 15 -0.00868673 13 773 774
706 14 1 0 2 1 4 1 0 1 0 181 
707 14 0 1 0 4 2 12 16 6 13 15 17 -0.0863333 2 775 776
708 14 1 0 2 1 4 2 0 0 0 199 
709 14 1 0 2 1 4 0 0 2 0 200 
710 14 1 0 18 1 4 0 0 0 18 201 
711 14 0 1 0 27 14 15 16 1 29 12 13 -0.00515464 10 777 778
712 14 1 0 2 1 4 0 0 1 1 207 
713 14 0 1 0 12 28 17 19 8 27 13 12 -0 80 779 780
714 14 1 0 5 1 4 0 0 5 0 214 
715 14 1 0 6 1 4 3 2 1 0 217 
716 14 0 1 0 0 33 14 14 11 33 12 12 -0.135802 -17 781 782
717 14 0 1 0 7 34 12 17 14 24 15 16 -0.0856554 -18 783 784
718 14 0 1 0 31 20 15 16 29 19 19 15 -0.197368 -1 785 786
719 14 1 0 7 1 4 0 0 1 6 283 
720 14 0 1 0 8 14 12 16 23 12 14 19 -0 5 787 788
721 14 1 0 35 1 4 0 0 0 35 286 
722 14 1 0 7 1 4 0 0 4 3 287 
723 14 1 0 20 1 4 20 0 0 0 296 
724 14 1 0 2 1 4 1 1 0 0 297 
725 14 0 1 0 31 12 13 13 6 11 15 20 -0.0985128 -6 789 790
726 14 0 1 0 25 21 20 14 23 14 20 18 -0.108392 11 791 792
727 14 0 1 0 25 21 20 14 23 14 20 18 -0.0333333 20 793 794
728 14 1 0 6 1 4 0 5 1 0 308 
729 14 0 1 0 27 13 20 19 0 30 12 19 -0.042328 -130 795 796
730 14 1 0 3 1 4 0 0 0 3 318 
731 14 0 1 0 15 13 19 12 23 31 16 14 -0 -40 797 798
732 14 0 1 0 22 14 17 17 11 3 18 14 -0.0708181 -37 799 800
733 14 1 0 8 1 4 3 4 1 0 332 
734 14 0 1 0 10 32 12 13 11 27 19 17 -0 11 801 802
735 14 0 1 0 26 12 17 18 13 5 19 13 -0.00526316 10 803 804
736 14 1 0 2 1 4 2 0 0 0 347 
737 14 1 0 3 1 4 1 0 0 2 352 
738 14 0 1 0 15 16 13 20 7 8 19 13 -0.0045045 8 805 806
739 14 0 1 0 3 1 16 13 21 4 20 19 -0.2 -22 807 808
740 14 0 1 0 3 1 16 13 21 4 20 19 -0.0333333 -75 809 810
741 14 0 1 0 8 0 18 19 9 2 17 20 -0.0187479 -1 811 812
742 14 1 0 3 1 4 1 0 2 0 398 
743 14 1 0 3 1 4 0 1 0 2 429 
744 14 0 1 0 22 25 12 13 26 4 15 20 -0.0674264 55 813 814
745 14 0 1 0 10 27 14 12 4 9 16 19 -0.0766807 51 815 816
746 14 0 1 0 23 9 19 14 28 11 20 19 -0.52381 19 817 818
747 14 1 0 9 1 4 9 0 0 0 471 
748 14 1 0 2 1 4 0 2 0 0 472 
749 14 1 0 51 1 4 0 51 0 0 473 
750 14 1 0 2 1 4 1 1 0 0 474 
751 14 1 0 2 1 4 0 2 0 0 476 
752 14 1 0 57 1 4 57 0 0 0 477 
753 14 1 0 2 1 4 0 2 0 0 482 
754 14 1 0 116 1 4 116 0 0 0 483 
755 14 1 0 2 1 4 2 0 0 0 484 
756 14 1 0 9 1 4 0 9 0 0 485 
757 14 1 0 5 1 4 4 1 0 0 494 
758 14 0 1 0 9 24 13 18 33 9 19 13 -0.0666667 25 819 820
759 14 1 0 2 1 4 1 1 0 0 528 
760 14 1 0 37 1 4 0 37 0 0 529 
761 15 0 1 0 18 13 13 18 10 21 20 12 -0.0106898 61 821 822
762 15 1 0 3 1 4 0 1 0 2 32 
763 15 1 0 6 1 4 0 1 5 0 99 
764 15 0 1 0 9 4 20 18 1 3 12 17 -0.0420494 -5 823 824
765 15 0 1 0 33 27 17 12 22 25 17 16 -0.03125 -27 825 826
766 15 1 0 9 1 4 9 0 0 0 108 
767 15 0 1 0 31 34 13 16 26 21 20 15 -0.0431818 5 827 828
768 15 1 0 9 1 4 0 9 0 0 113 
769 15 0 1 0 14 30 12 15 15 15 16 18 -0 45 829 830
770 15 0 1 0 29 28 14 15 17 25 16 20 -0.0516748 -83 831 832
771 15 1 0 73 1 4 0 73 0 0 142 
772 15 1 0 6 1 4 0 4 2 0 143 
773 15 1 0 2 1 4 0 0 1 1 178 
774 15 0 1 0 29 19 16 14 3 14 18 17 -0.00294118 -42 833 834
775 15 0 1 0 14 18 13 13 24 21 18 16 -0.0582615 -4 835 836
776 15 1 0 5 1 4 0 0 0 5 198 
777 15 1 0 2 1 4 0 0 1 1 205 
778 15 1 0 95 1 4 0 0 0 95 206 
779 15 1 0 22 1 4 0 0 0 22 212 
780 15 1 0 2 1 4 0 0 2 0 213 
781 15 0 1 0 30 7 20 13 29 18 17 15 -0.0166667 -3 837 838
782 15 1 0 9 1 4 0 1 8 0 220 
783 15 0 1 0 19 22 14 13 8 17 12 15 -0.075 68 839 840
784 15 0 1 0 10 8 18 19 7 9 20 15 -0.0809772 21 841 842
785 15 0 1 0 29 18 12 16 24 21 15 12 -0.0473684 -36 843 844
786 15 1 0 5 1 4 5 0 0 0 282 
787 15 1 0 14 1 4 0 0 14 0 284 
788 15 1 0 2 1 4 0 2 0 0 285 
789 15 0 1 0 23 11 20 18 28 24 20 17 -0.0638298 3 845 846
790 15 1 0 4 1 4 0 0 3 1 302 
791 15 1 0 2 1 4 0 0 1 1 303 
792 15 0 1 0 25 21 20 14 23 14 20 18 -0.0454545 36 847 848
793 15 1 0 2 1 4 1 1 0 0 306 
794 15 1 0 13 1 4 13 0 0 0 307 
795 15 1 0 3 1 4 0 2 1 0 314 
796 15 0 1 0 3 26 16 19 5 16 12 18 -0.0247126 25 849 850
797 15 1 0 2 1 4 0 2 0 0 326 
798 15 1 0 18 1 4 18 0 0 0 327 
799 15 1 0 3 1 4 3 0 0 0 328 
800 15 0 1 0 16 10 16 13 9 12 18 18 -0.024948 28 851 852
801 15 1 0 102 1 4 102 0 0 0 333 
802 15 1 0 2 1 4 0 2 0 0 334 
803 15 1 0 93 1 4 0 93 0 0 345 
804 15 1 0 2 1 4 0 1 1 0 346 
805 15 1 0 2 1 4 0 0 1 1 353 
806 15 1 0 109 1 4 0 0 0 109 354 
807 15 1 0 2 1 4 0 1 0 1 378 
808 15 1 0 8 1 4 0 8 0 0 379 
809 15 1 0 2 1 4 1 1 0 0 380 
810 15 1 0 13 1 4 13 0 0 0 381 
811 15 0 1 0 17 22 18 12 15 15 15 17 -0.0147313 -24 853 854
812 15 1 0 5 1 4 3 1 0 1 397 
813 15 0 1 0 28 29 16 15 22 17 18 13 -0.0185185 -4 855 856
814 15 0 1 0 23 9 15 14 33 22 16 13 -0 32 857 858
815 15 0 1 0 23 19 19 14 21 18 20 18 -0.0690777 17 859 860
816 15 1 0 3 1 4 0 1 0 2 467 
817 15 1 0 9 1 4 1 7 1 0 468 
818 15 0 1 0 23 19 19 13 27 18 15 17 -0 54 861 862
819 15 1 0 28 1 4 0 28 0 0 495 
820 15 1 0 2 1 4 0 1 0 1 496 
821 16 0 1 0 33 15 13 14 30 17 18 17 -0.00688452 -29 863 864
822 16 1 0 4 1 4 1 0 0 3 31 
823 16 1 0 4 1 4 0 0 4 0 100 
824 16 0 1 0 8 27 17 14 5 30 17 18 -0.028133 -8 865 866
825 16 1 0 2 1 4 1 1 0 0 106 
826 16 1 0 14 1 4 0 14 0 0 107 
827 16 1 0 6 1 4 0 6 0 0 109 
828 16 0 1 0 22 32 12 13 9 24 12 18 -0.0163793 33 867 868
829 16 1 0 7 1 4 7 0 0 0 115 
830 16 1 0 3 1 4 0 3 0 0 116 
831 16 1 0 4 1 4 4 0 0 0 117 
832 16 0 1 0 26 17 17 19 34 22 12 13 -0.0459413 45 869 870
833 16 1 0 2 1 4 0 1 1 0 179 
834 16 1 0 168 1 4 0 0 168 0 180 
835 16 0 1 0 17 28 15 15 32 31 16 14 -0.0332621 -21 871 872
836 16 1 0 4 1 4 0 0 0 4 197 
837 16 1 0 4 1 4 0 1 3 0 218 
838 16 1 0 41 1 4 0 0 0 41 219 
839 16 0 1 0 21 29 14 20 2 15 13 14 -0.05 33 873 874
840 16 1 0 2 1 4 2 0 0 0 223 
841 16 0 1 0 11 11 18 13 10 12 19 20 -0.0743054 11 875 876
842 16 0 1 0 13 8 16 17 14 3 16 14 -0.151042 33 877 878
843 16 0 1 0 31 8 12 12 11 15 12 18 -0.05 -63 879 880
844 16 1 0 9 1 4 0 0 9 0 281 
845 16 0 1 0 21 11 16 13 4 30 15 17 -0.0214841 -30 881 882
846 16 1 0 3 1 4 0 1 1 1 301 
847 16 1 0 9 1 4 0 0 9 0 304 
848 16 1 0 2 1 4 0 1 1 0 305 
849 16 1 0 2 1 4 0 0 1 1 315 
850 16 0 1 0 15 16 12 12 28 32 15 19 -0.00862069 6 883 884
851 16 0 1 0 24 28 14 12 25 26 17 19 -0.0135135 15 885 886
852 16 1 0 2 1 4 0 0 2 0 331 
853 16 1 0 2 1 4 1 0 1 0 382 
854 16 0 1 0 8 28 13 17 6 32 15 19 -0.0129068 11 887 888
855 16 1 0 2 1 4 1 1 0 0 430 
856 16 1 0 25 1 4 25 0 0 0 431 
857 16 1 0 10 1 4 0 10 0 0 432 
858 16 1 0 2 1 4 2 0 0 0 433 
859 16 0 1 0 11 23 20 19 5 22 18 16 -0.0662351 8 889 890
860 16 1 0 2 1 4 0 0 0 2 466 
861 16 1 0 9 1 4 0 0 0 9 469 
862 16 1 0 3 1 4 0 3 0 0 470 
863 17 1 0 6 1 4 0 1 0 5 26 
864 17 0 1 0 29 25 19 15 26 12 18 16 -0.00504633 -4 891 892
865 17 1 0 2 1 4 0 0 2 0 101 
866 17 0 1 0 34 3 19 12 25 0 14 16 -0.0144864 12 893 894
867 17 0 1 0 16 34 13 19 27 34 13 15 -0.00862069 33 895 896
868 17 1 0 2 1 4 0 2 0 0 112 
869 17 0 1 0 28 24 12 19 22 24 20 15 -0.038594 -12 897 898
870 17 1 0 3 1 4 0 1 0 2 132 
871 17 1 0 3 1 4 0 3 0 0 193 
872 17 0 1 0 17 2 13 14 23 30 15 15 -0.0173802 -164 899 900
873 17 1 0 2 1 4 0 1 1 0 221 
874 17 1 0 8 1 4 0 8 0 0 222 
875 17 0 1 0 29 21 20 13 18 17 13 18 -0.0700162 -20 901 902
876 17 1 0 5 1 4 3 1 1 0 275 
877 17 0 1 0 24 12 17 14 7 4 13 15 -0 110 903 904
878 17 1 0 4 1 4 0 0 3 1 278 
879 17 1 0 8 1 4 0 8 0 0 279 
880 17 1 0 2 1 4 0 1 1 0 280 
881 17 0 1 0 11 25 16 18 14 31 16 12 -0.011236 -1 905 906
882 17 1 0 2 1 4 2 0 0 0 300 
883 17 1 0 56 1 4 0 0 56 0 316 
884 17 1 0 2 1 4 0 1 1 0 317 
885 17 1 0 2 1 4 1 1 0 0 329 
886 17 1 0 35 1 4 0 35 0 0 330 
887 17 0 1 0 25 23 17 19 27 24 17 15 -0.0122459 -10 907 908
888 17 1 0 2 1 4 0 2 0 0 396 
889 17 1 0 4 1 4 0 0 4 0 434 
890 17 0 1 0 19 2 19 16 24 24 19 15 -0.0624857 -3 909 910
891 18 1 0 1795 1 4 0 0 0 1795 27 
892 18 0 1 0 20 8 20 13 23 30 16 16 -0.0448796 -6 911 912
893 18 0 1 0 8 17 17 19 21 26 20 14 -0.0111375 23 913 914
894 18 1 0 2 1 4 2 0 0 0 105 
895 18 1 0 56 1 4 56 0 0 0 110 
896 18 1 0 2 1 4 1 1 0 0 111 
897 18 0 1 0 31 21 15 13 19 31 15 15 -0.0330838 -30 915 916
898 18 1 0 4 1 4 0 1 2 1 131 
899 18 1 0 2 1 4 0 0 0 2 194 
900 18 0 1 0 17 28 15 15 32 31 16 14 -0.00600601 -14 917 918
901 18 1 0 2 1 4 2 0 0 0 224 
902 18 0 1 0 0 30 12 13 8 11 16 12 -0.0674655 -2 919 920
903 18 1 0 10 1 4 0 10 0 0 276 
904 18 1 0 2 1 4 2 0 0 0 277 
905 18 1 0 85 1 4 0 85 0 0 298 
906 18 1 0 4 1 4 0 2 2 0 299 
907 18 1 0 6 1 4 3 3 0 0 383 
908 18 0 1 0 17 21 19 17 22 29 16 16 -0.0109743 -29 921 922
909 18 0 1 0 5 5 14 13 0 0 17 12 -0.0583752 -5 923 924
910 18 1 0 3 1 4 0 1 0 2 465 
911 19 0 1 0 14 21 19 13 15 32 15 14 -0.00775194 -6 925 926
912 19 1 0 4 1 4 0 2 0 2 30 
913 19 0 1 0 19 27 14 14 22 27 17 13 -0.00378788 18 927 928
914 19 1 0 2 1 4 1 1 0 0 104 
915 19 0 1 0 15 20 12 17 3 13 19 13 -0.0298836 112 929 930
916 19 1 0 5 1 4 4 1 0 0 130 
917 19 1 0 3 1 4 0 0 1 2 195 
918 19 1 0 108 1 4 0 0 108 0 196 
919 19 0 1 0 30 34 13 14 19 30 16 19 -0.0882353 -16 931 932
920 19 0 1 0 11 27 12 19 2 30 16 20 -0.0619974 35 933 934
921 19 1 0 3 1 4 1 2 0 0 384 
922 19 0 1 0 21 24 18 18 26 25 14 12 -0.00975798 -14 935 936
923 19 1 0 5 1 4 4 1 0 0 435 
924 19 0 1 0 20 14 15 15 31 30 13 12 -0.055093 64 937 938
925 20 1 0 125 1 4 0 0 0 125 28 
926 20 1 0 4 1 4 0 0 2 2 29 
927 20 1 0 130 1 4 0 130 0 0 102 
928 20 1 0 2 1 4 1 1 0 0 103 
929 20 0 1 0 28 32 12 19 27 23 14 15 -0.0258968 -18 939 940
930 20 1 0 7 1 4 4 3 0 0 129 
931 20 1 0 11 1 4 0 11 0 0 225 
932 20 0 1 0 12 4 18 17 18 3 14 12 -0 5 941 942
933 20 0 1 0 20 9 14 19 24 19 12 20 -0.0598477 13 943 944
934 20 1 0 8 1 4 0 0 0 8 274 
935 20 1 0 2 1 4 1 0 1 0 385 
936 20 0 1 0 9 27 19 14 9 23 20 14 -0.00822133 -5 945 946
937 20 0 1 0 30 16 16 14 30 23 18 15 -0.0522772 5 947 948
938 20 1 0 4 1 4 4 0 0 0 464 
939 21 1 0 2 1 4 0 1 0 1 118 
940 21 0 1 0 18 10 13 14 13 23 19 15 -0.0214611 -8 949 950
941 21 1 0 14 1 4 0 0 14 0 226 
942 21 1 0 3 1 4 0 3 0 0 227 
943 21 0 1 0 12 21 19 19 16 20 17 14 -0.0546086 -12 951 952
944 21 1 0 9 1 4 0 0 2 7 273 
945 21 1 0 3 1 4 1 2 0 0 386 
946 21 0 1 0 27 26 19 14 28 27 18 19 -0.00761821 27 953 954
947 21 0 1 0 30 11 13 12 35 12 15 12 -0.0471408 -18 955 956
948 21 1 0 4 1 4 0 2 0 2 463 
949 22 0 1 0 17 8 13 13 19 13 12 17 -0.0198361 29 957 958
950 22 1 0 2 1 4 2 0 0 0 128 
951 22 1 0 3 1 4 3 0 0 0 228 
952 22 0 1 0 23 12 13 19 33 26 18 14 -0.0525475 6 959 960
953 22 0 1 0 2 29 12 17 3 28 16 13 -0.00675364 -16 961 962
954 22 1 0 6 1 4 4 2 0 0 395 
955 22 1 0 5 1 4 4 1 0 0 436 
956 22 0 1 0 17 10 17 20 25 24 17 12 -0.0449955 2 963 964
957 23 0 1 0 8 9 17 12 7 9 14 19 -0.0159608 -9 965 966
958 23 1 0 6 1 4 3 3 0 0 127 
959 23 0 1 0 29 2 18 17 28 12 15 14 -0.0494124 3 967 968
960 23 1 0 3 1 4 2 0 1 0 272 
961 23 1 0 7 1 4 5 2 0 0 387 
962 23 0 1 0 1 28 16 13 21 4 15 15 -0.00587161 78 969 970
963 23 0 1 0 18 27 20 15 12 31 13 12 -0.0397519 13 971 972
964 23 1 0 7 1 4 0 5 0 2 462 
965 24 1 0 2 1 4 0 1 0 1 119 
966 24 0 1 0 19 25 18 15 19 17 15 13 -0.0124415 2 973 974
967 24 0 1 0 21 30 17 18 6 23 20 18 -0.0356589 93 975 976
968 24 0 1 0 24 33 12 17 28 32 13 15 -0.0695202 14 977 978
969 24 0 1 0 13 10 12 15 10 7 20 17 -0.00544522 5 979 980
970 24 1 0 2 1 4 1 1 0 0 394 
971 24 0 1 0 33 33 14 14 8 8 17 18 -0.0329835 23 981 982
972 24 0 1 0 3 28 19 19 12 3 13 17 -0.0355691 39 983 984
973 25 1 0 8 1 4 3 5 0 0 120 
974 25 0 1 0 25 26 19 12 19 13 18 19 -0.00950492 2 985 986
975 25 0 1 0 28 9 16 19 20 0 14 16 -0.0335472 -18 987 988
976 25 1 0 4 1 4 0 4 0 0 261 
977 25 0 1 0 9 30 14 14 15 33 13 19 -0.0338928 -17 989 990
978 25 0 1 0 8 15 15 20 11 18 17 15 -0.115539 -17 991 992
979 25 0 1 0 7 32 15 19 8 34 13 20 -0.0540541 -10 993 994
980 25 0 1 0 4 1 19 19 2 22 15 15 -0.000718505 58 995 996
981 25 0 1 0 19 31 16 19 19 17 15 12 -0.0217391 -8 997 998
982 25 1 0 6 1 4 6 0 0 0 439 
983 25 0 1 0 29 32 12 17 25 11 18 16 -0.034375 -6 999 1000
984 25 1 0 3 1 4 2 1 0 0 461 
985 26 0 1 0 8 27 19 13 0 16 17 13 -0.0416667 58 1001 1002
986 26 0 1 0 7 24 20 19 6 32 12 12 -0.00402378 5 1003 1004
987 26 1 0 2 1 4 1 1 0 0 229 
988 26 0 1 0 12 32 12 14 7 30 17 14 -0.030718 39 1005 1006
989 26 0 1 0 2 13 17 18 35 20 20 12 -0.0860667 -14 1007 1008
990 26 0 1 0 16 0 12 16 29 28 14 15 -0.00620482 8 1009 1010
991 26 1 0 7 1 4 0 0 6 1 269 
992 26 0 1 0 30 31 16 15 24 28 18 12 -0.0219298 -13 1011 1012
993 26 1 0 2 1 4 0 1 0 1 388 
994 26 1 0 35 1 4 35 0 0 0 389 
995 26 0 1 0 13 0 20 13 5 19 13 16 -0.000454373 75 1013 1014
996 26 1 0 2 1 4 1 1 0 0 393 
997 26 1 0 2 1 4 1 1 0 0 437 
998 26 1 0 21 1 4 0 21 0 0 438 
999 26 1 0 4 1 4 2 2 0 0 440 
1000 26 0 1 0 25 28 18 14 21 28 14 20 -0.0321839 -7 1015 1016
1001 27 1 0 10 1 4 0 10 0 0 121 
1002 27 1 0 2 1 4 0 0 1 1 122 
1003 27 0 1 0 6 9 16 18 32 23 13 13 -0 31 1017 1018
1004 27 0 1 0 24 18 18 20 29 26 13 18 -0.000596659 28 1019 1020
1005 27 0 1 0 32 3 19 12 3 31 12 13 -0.0286387 -172 1021 1022
1006 27 1 0 9 1 4 0 0 2 7 260 
1007 27 0 1 0 24 13 19 20 30 31 16 17 -0 -113 1023 1024
1008 27 0 1 0 15 26 19 15 17 10 12 13 -0 28 1025 1026
1009 27 0 1 0 4 22 17 13 0 27 14 19 -0.00251572 3 1027 1028
1010 27 1 0 3 1 4 0 1 2 0 268 
1011 27 1 0 32 1 4 0 32 0 0 270 
1012 27 1 0 6 1 4 0 1 5 0 271 
1013 27 1 0 2066 1 4 2066 0 0 0 390 
1014 27 0 1 0 24 15 15 17 29 15 17 12 -0.0263158 12 1029 1030
1015 27 1 0 2 1 4 0 1 0 1 441 
1016 27 0 1 0 1 29 17 13 2 6 20 14 -0.0296727 14 1031 1032
1017 28 1 0 3 1 4 3 0 0 0 123 
1018 28 1 0 13 1 4 0 13 0 0 124 
1019 28 1 0 836 1 4 0 836 0 0 125 
1020 28 1 0 2 1 4 1 1 0 0 126 
1021 28 1 0 3 1 4 0 3 0 0 230 
1022 28 0 1 0 0 28 13 13 16 19 12 18 -0.0272241 -65 1033 1034
1023 28 1 0 2 1 4 0 2 0 0 262 
1024 28 1 0 27 1 4 0 0 27 0 263 
1025 28 1 0 2 1 4 0 0 2 0 264 
1026 28 1 0 10 1 4 0 10 0 0 265 
1027 28 1 0 262 1 4 0 0 262 0 266 
1028 28 1 0 3 1 4 0 1 2 0 267 
1029 28 1 0 2 1 4 1 1 0 0 391 
1030 28 1 0 17 1 4 17 0 0 0 392 
1031 28 0 1 0 25 20 20 20 24 10 14 16 -0.0281955 -1 1035 1036
1032 28 1 0 3 1 4 2 1 0 0 460 
1033 29 1 0 3 1 4 0 0 0 3 231 
1034 29 0 1 0 16 25 16 16 23 31 16 16 -0.025662 6 1037 1038
1035 29 0 1 0 6 28 17 15 25 3 18 16 -0.142222 7 1039 1040
1036 29 0 1 0 10 28 18 17 14 29 18 16 -0.0195863 -11 1041 1042
1037 30 0 1 0 26 13 17 13 29 28 19 15 -0.021292 -3 1043 1044
1038 30 0 1 0 4 13 14 16 0 16 18 12 -0.140152 3 1045 1046
1039 30 0 1 0 27 15 15 18 25 8 12 15 -0.08 1 1047 1048
1040 30 1 0 2 1 4 0 0 0 2 444 
1041 30 0 1 0 28 21 12 15 28 21 19 14 -0.01709 1 1049 1050
1042 30 0 1 0 19 27 19 19 23 28 19 16 -0.0888889 -2 1051 1052
1043 31 0 1 0 10 10 17 18 1 18 19 19 -0.0190566 9 1053 1054
1044 31 0 1 0 4 7 13 15 10 15 18 17 -0 5 1055 1056
1045 31 1 0 8 1 4 0 1 7 0 258 
1046 31 1 0 3 1 4 2 1 0 0 259 
1047 31 1 0 23 1 4 0 23 0 0 442 
1048 31 1 0 2 1 4 0 1 0 1 443 
1049 31 0 1 0 30 26 13 17 35 26 15 12 -0.0163191 -8 1057 1058
1050 31 1 0 2 1 4 0 1 1 0 457 
1051 31 1 0 9 1 4 0 9 0 0 458 
1052 31 1 0 6 1 4 4 2 0 0 459 
1053 32 0 1 0 13 5 20 15 15 3 19 17 -0.0180703 -7 1059 1060
1054 32 1 0 4 1 4 0 3 1 0 255 
1055 32 1 0 5 1 4 0 0 5 0 256 
1056 32 1 0 5 1 4 0 0 0 5 257 
1057 32 1 0 2 1 4 0 1 1 0 445 
1058 32 0 1 0 0 2 14 15 5 6 12 15 -0.0154933 -60 1061 1062
1059 33 1 0 3 1 4 0 0 1 2 232 
1060 33 0 1 0 26 33 13 20 28 28 12 16 -0.0171109 -26 1063 1064
1061 33 1 0 7 1 4 2 5 0 0 446 
1062 33 0 1 0 18 8 12 15 14 20 18 16 -0.014033 63 1065 1066
1063 34 1 0 3 1 4 0 0 1 2 233 
1064 34 0 1 0 10 33 14 12 6 34 13 14 -0.0164008 12 1067 1068
1065 34 0 1 0 30 22 20 17 28 13 14 19 -0.0132504 -2 1069 1070
1066 34 1 0 2 1 4 1 1 0 0 456 
1067 35 0 1 0 8 24 19 15 11 21 14 17 -0.011939 -5 1071 1072
1068 35 0 1 0 24 27 19 20 21 24 17 19 -0.0477385 23 1073 1074
1069 35 1 0 2 1 4 1 1 0 0 447 
1070 35 0 1 0 35 32 15 12 27 27 19 18 -0.0126219 10 1075 1076
1071 36 1 0 6 1 4 0 0 4 2 234 
1072 36 0 1 0 19 20 13 20 14 10 20 14 -0.0109975 -12 1077 1078
1073 36 0 1 0 16 18 15 12 31 1 13 16 -0.025614 -2 1079 1080
1074 36 1 0 8 1 4 0 0 3 5 254 
1075 36 0 1 0 0 13 13 20 6 12 15 15 -0.0105365 0 1081 1082
1076 36 0 1 0 28 24 19 19 5 26 20 19 -0.0241935 40 1083 1084
1077 37 1 0 2 1 4 0 1 1 0 235 
1078 37 0 1 0 26 17 13 12 21 24 14 18 -0.010463 8 1085 1086
1079 37 1 0 2 1 4 0 0 0 2 249 
1080 37 0 1 0 23 20 13 14 33 28 13 12 -0.0131532 31 1087 1088
1081 37 0 1 0 5 13 16 13 2 30 12 20 -0.00745416 -11 1089 1090
1082 37 0 1 0 34 32 13 13 23 12 18 12 -0.111111 -20 1091 1092
1083 37 1 0 4 1 4 3 1 0 0 454 
1084 37 1 0 27 1 4 0 27 0 0 455 
1085 38 0 1 0 12 21 17 13 10 18 13 19 -0.00994183 -6 1093 1094
1086 38 1 0 2 1 4 0 0 1 1 248 
1087 38 0 1 0 4 28 17 13 3 1 12 20 -0.0100889 4 1095 1096
1088 38 1 0 2 1 4 0 0 0 2 253 
1089 38 0 1 0 14 31 15 12 3 8 17 19 -0.0384088 46 1097 1098
1090 38 0 1 0 23 8 12 12 24 18 20 14 -0.000807494 10 1099 1100
1091 38 1 0 2 1 4 0 1 0 1 452 
1092 38 1 0 16 1 4 0 16 0 0 453 
1093 39 1 0 2 1 4 0 1 1 0 236 
1094 39 0 1 0 2 24 19 12 4 5 15 17 -0.00941899 -4 1101 1102
1095 39 1 0 2 1 4 0 0 1 1 250 
1096 39 0 1 0 22 21 15 18 24 26 12 19 -0.00342466 3 1103 1104
1097 39 1 0 9 1 4 0 7 0 2 448 
1098 39 1 0 153 1 4 0 153 0 0 449 
1099 39 1 0 1026 1 4 0 1026 0 0 450 
1100 39 1 0 6 1 4 1 5 0 0 451 
1101 40 1 0 2 1 4 0 1 1 0 237 
1102 40 0 1 0 33 23 18 14 11 10 19 18 -0.00899739 3 1105 1106
1103 40 1 0 144 1 4 0 0 144 0 251 
1104 40 1 0 2 1 4 0 0 1 1 252 
1105 41 0 1 0 1 13 13 18 10 5 18 14 -0.0761319 -4 1107 1108
1106 41 0 1 0 28 18 12 12 29 21 20 16 -0.00392207 9 1109 1110
1107 42 1 0 2 1 4 1 0 1 0 238 
1108 42 0 1 0 5 17 17 19 2 25 16 12 -0.0458005 -38 1111 1112
1109 42 0 1 0 16 34 13 20 27 33 12 18 -0.00335691 43 1113 1114
1110 42 1 0 7 1 4 0 1 6 0 247 
1111 43 1 0 3 1 4 0 2 1 0 239 
1112 43 0 1 0 32 4 19 13 31 13 15 16 -0.0357143 1 1115 1116
1113 43 0 1 0 10 15 12 13 12 12 12 15 -0.00228186 -6 1117 1118
1114 43 0 1 0 7 10 20 20 27 27 18 16 -0 -44 1119 1120
1115 44 1 0 90 1 4 0 0 90 0 240 
1116 44 1 0 8 1 4 1 0 7 0 241 
1117 44 0 1 0 28 29 16 15 22 19 20 19 -0.0444444 11 1121 1122
1118 44 1 0 1669 1 4 0 0 1669 0 244 
1119 44 1 0 23 1 4 0 0 23 0 245 
1120 44 1 0 2 1 4 0 2 0 0 246 
1121 45 1 0 2 1 4 1 0 1 0 242 
1122 45 1 0 43 1 4 0 0 43 0 243 
