-2147483648 -2147483648 data/trees_headpose/tree_010.txt
100 10 5000 30 30000 1 48 1 data/trees_headpose ./data/Cropped_HBO_Data_4view.txt
1 0
0 0 0 1 0 27 17 16 18 29 32 14 16 -0.98102 2 1 2
1 1 0 1 0 15 11 20 13 11 19 16 17 -0.743246 1 3 4
2 1 0 1 0 10 17 12 18 11 25 20 13 -0.668527 3 5 6
3 2 0 1 0 1 26 13 12 5 13 15 15 -0.57246 -11 7 8
4 2 0 1 0 3 26 16 15 3 28 17 13 -0.628788 -3 9 10
5 2 0 1 0 6 27 19 12 1 29 15 17 -0.479177 0 11 12
6 2 0 1 0 12 33 13 12 14 25 14 20 -1.34799 15 13 14
7 3 0 1 0 24 9 14 12 30 32 13 16 -0.319763 9 15 16
8 3 0 1 0 11 11 20 14 15 6 20 12 -0.592988 -6 17 18
9 3 0 1 0 24 31 15 20 9 35 12 13 -0.365092 -56 19 20
10 3 0 1 0 9 30 15 13 33 32 14 13 -0.66538 46 21 22
11 3 0 1 0 11 28 18 12 14 25 17 15 -1.07797 6 23 24
12 3 0 1 0 13 6 16 19 11 25 19 13 -0.373572 0 25 26
13 3 0 1 0 24 19 14 18 17 9 16 19 -1.08352 24 27 28
14 3 0 1 0 32 13 16 12 23 12 14 18 -0.142222 -61 29 30
15 4 0 1 0 28 28 18 18 22 6 20 18 -0.261963 -4 31 32
16 4 0 1 0 0 18 20 17 1 26 12 17 -0.636106 -6 33 34
17 4 0 1 0 30 31 12 15 13 17 19 14 -0.847664 -16 35 36
18 4 0 1 0 20 1 16 20 35 34 12 12 -0.496768 5 37 38
19 4 0 1 0 15 19 19 17 8 28 19 14 -0.878631 -22 39 40
20 4 0 1 0 16 19 15 13 0 2 19 20 -0.264732 9 41 42
21 4 0 1 0 31 15 18 16 1 29 17 12 -0.513718 -2 43 44
22 4 0 1 0 6 13 15 17 8 22 19 12 -0.932344 -6 45 46
23 4 0 1 0 24 29 13 20 18 13 15 16 -0.255828 7 47 48
24 4 0 1 0 23 5 16 16 17 17 12 15 -0.371795 2 49 50
25 4 0 1 0 23 31 16 17 14 30 17 20 -0.305964 -20 51 52
26 4 0 1 0 1 30 13 14 0 2 20 12 -1.07645 7 53 54
27 4 0 1 0 13 33 14 14 17 15 14 13 -0.910811 -15 55 56
28 4 0 1 0 8 18 20 14 18 22 14 16 -0.532197 -96 57 58
29 4 1 0 2 1 4 2 0 0 0 574 
30 4 0 1 0 22 14 17 20 25 24 15 15 -0.08 10 59 60
31 5 1 0 5 1 4 0 0 0 5 0 
32 5 0 1 0 20 11 14 13 10 21 14 18 -0.248978 -9 61 62
33 5 0 1 0 5 18 13 20 11 7 14 19 -0.0967742 22 63 64
34 5 0 1 0 21 3 19 19 20 7 15 19 -0.470588 -1 65 66
35 5 0 1 0 6 12 14 12 5 11 17 13 -0.239883 1 67 68
36 5 0 1 0 22 26 20 16 20 26 13 17 -0.399552 10 69 70
37 5 0 1 0 31 21 16 13 14 10 15 17 -0.45872 -1 71 72
38 5 0 1 0 1 16 17 16 10 28 18 12 -0.355254 -25 73 74
39 5 0 1 0 20 17 14 19 30 2 18 14 -0.0130719 10 75 76
40 5 0 1 0 14 19 14 12 29 13 13 12 -0.767835 95 77 78
41 5 0 1 0 13 18 17 16 33 0 13 13 -0.124098 14 79 80
42 5 0 1 0 14 7 15 20 26 26 19 13 -0.231676 -39 81 82
43 5 0 1 0 12 34 13 15 15 26 14 16 -0.688109 25 83 84
44 5 0 1 0 14 31 12 15 12 9 14 13 -0.376462 51 85 86
45 5 0 1 0 26 24 20 19 26 9 15 12 -0.576359 18 87 88
46 5 0 1 0 0 33 14 13 1 26 14 14 -0.614203 20 89 90
47 5 0 1 0 11 23 19 17 11 22 16 19 -0.115502 10 91 92
48 5 0 1 0 17 2 15 19 11 2 12 14 -0 14 93 94
49 5 0 1 0 18 15 14 14 1 5 20 20 -0.0307692 29 95 96
50 5 0 1 0 18 15 14 14 1 5 20 20 -0 23 97 98
51 5 0 1 0 6 2 20 16 4 1 15 17 -0.106068 -8 99 100
52 5 0 1 0 15 8 17 20 24 8 19 19 -0.743502 7 101 102
53 5 0 1 0 3 2 13 18 2 10 16 12 -0.111643 3 103 104
54 5 0 1 0 25 31 12 20 7 12 13 20 -0.32801 -22 105 106
55 5 0 1 0 27 16 13 19 5 29 16 12 -0.290965 -7 107 108
56 5 0 1 0 3 19 15 19 8 29 12 14 -1.32005 -11 109 110
57 5 1 0 2 1 4 2 0 0 0 570 
58 5 0 1 0 33 15 17 12 34 20 17 12 -0.104545 -14 111 112
59 5 1 0 2 1 4 0 1 0 1 575 
60 5 1 0 23 1 4 0 0 0 23 576 
61 6 0 1 0 11 11 16 15 26 9 20 20 -0.224473 -3 113 114
62 6 0 1 0 3 17 20 14 24 1 16 18 -0.289385 -2 115 116
63 6 1 0 27 1 4 0 0 0 27 58 
64 6 1 0 4 1 4 0 3 0 1 59 
65 6 0 1 0 17 29 15 15 5 3 16 12 -0.336134 33 117 118
66 6 1 0 4 1 4 0 0 0 4 64 
67 6 0 1 0 29 4 16 13 25 20 17 18 -0 -42 119 120
68 6 1 0 4 1 4 2 2 0 0 67 
69 6 0 1 0 18 30 14 12 19 12 15 19 -0.186541 47 121 122
70 6 0 1 0 4 14 19 19 12 27 19 12 -0.415542 -27 123 124
71 6 0 1 0 2 29 14 15 9 31 13 12 -1.01751 -36 125 126
72 6 0 1 0 18 5 13 13 12 6 18 15 -0.28463 10 127 128
73 6 0 1 0 2 11 15 18 33 26 14 13 -0.2614 -42 129 130
74 6 0 1 0 7 1 14 17 21 6 18 19 -0.0659341 -12 131 132
75 6 1 0 3 1 4 0 2 1 0 280 
76 6 1 0 48 1 4 0 0 0 48 281 
77 6 0 1 0 6 31 14 14 0 32 15 14 -0.466327 17 133 134
78 6 0 1 0 8 16 16 19 7 31 15 20 -0 -30 135 136
79 6 0 1 0 11 11 19 18 29 10 13 18 -0.0551471 15 137 138
80 6 1 0 9 1 4 7 2 0 0 292 
81 6 0 1 0 15 4 17 14 32 22 16 13 -0.466496 -76 139 140
82 6 0 1 0 27 23 20 17 32 34 12 13 -0.16482 -1 141 142
83 6 0 1 0 30 5 15 13 17 6 16 19 -0.557456 -15 143 144
84 6 0 1 0 21 9 12 19 11 1 13 20 -0.57619 5 145 146
85 6 0 1 0 17 26 16 18 0 3 15 17 -0.290179 9 147 148
86 6 0 1 0 28 26 13 16 20 13 17 20 -0.923542 -6 149 150
87 6 0 1 0 10 21 20 13 2 11 12 20 -0.470155 33 151 152
88 6 0 1 0 27 15 18 14 12 6 15 12 -0.168889 -4 153 154
89 6 0 1 0 21 9 14 17 14 22 17 19 -0.411522 -26 155 156
90 6 0 1 0 21 22 19 16 16 18 16 18 -0 -6 157 158
91 6 0 1 0 12 1 12 19 15 0 12 14 -0.0170213 -2 159 160
92 6 1 0 2 1 4 0 1 0 1 490 
93 6 1 0 6 1 4 0 0 0 6 491 
94 6 1 0 4 1 4 0 0 4 0 492 
95 6 1 0 5 1 4 0 0 4 1 493 
96 6 1 0 21 1 4 0 0 0 21 494 
97 6 1 0 5 1 4 0 0 5 0 495 
98 6 1 0 5 1 4 5 0 0 0 496 
99 6 1 0 2 1 4 2 0 0 0 497 
100 6 0 1 0 35 23 18 12 26 22 12 14 -0.0953291 1 161 162
101 6 0 1 0 3 20 18 19 19 35 12 14 -0.533032 -25 163 164
102 6 0 1 0 11 25 20 12 0 18 19 13 -1.08691 88 165 166
103 6 0 1 0 24 23 18 19 5 15 18 19 -0 4 167 168
104 6 1 0 3 1 4 1 2 0 0 548 
105 6 1 0 7 1 4 0 0 0 7 549 
106 6 0 1 0 1 33 13 13 4 30 12 16 -0.0982801 -12 169 170
107 6 1 0 4 1 4 0 0 2 2 553 
108 6 0 1 0 24 13 18 20 17 9 13 13 -0.22328 24 171 172
109 6 0 1 0 5 10 18 19 5 13 17 14 -0.112554 24 173 174
110 6 0 1 0 5 8 16 13 19 20 14 15 -1.05423 -55 175 176
111 6 1 0 2 1 4 1 1 0 0 571 
112 6 0 1 0 31 16 17 13 0 20 19 17 -0 30 177 178
113 7 0 1 0 18 24 19 17 12 0 12 17 -0.0779221 112 179 180
114 7 0 1 0 0 30 14 20 2 33 14 14 -0.210261 -5 181 182
115 7 1 0 9 1 4 1 5 0 3 54 
116 7 0 1 0 25 12 14 16 28 22 20 12 -0.0645614 -42 183 184
117 7 1 0 6 1 4 6 0 0 0 60 
118 7 0 1 0 13 32 13 15 4 30 16 17 -0.165217 37 185 186
119 7 1 0 3 1 4 0 3 0 0 65 
120 7 1 0 44 1 4 0 0 0 44 66 
121 7 0 1 0 8 34 12 16 14 30 12 14 -0.0965186 -15 187 188
122 7 0 1 0 31 19 20 16 23 18 13 13 -0.131818 -10 189 190
123 7 0 1 0 1 24 18 13 11 17 18 19 -0.057971 8 191 192
124 7 1 0 6 1 4 2 3 1 0 78 
125 7 0 1 0 21 8 16 14 21 21 16 15 -0.764176 -28 193 194
126 7 0 1 0 16 27 20 16 12 32 15 14 -0.876115 -15 195 196
127 7 0 1 0 0 31 15 12 27 12 12 13 -0.204311 -13 197 198
128 7 0 1 0 3 30 13 18 13 28 15 13 -1.01712 -31 199 200
129 7 1 0 3 1 4 2 1 0 0 270 
130 7 0 1 0 6 24 14 16 2 25 13 19 -0.191094 2 201 202
131 7 1 0 6 1 4 6 0 0 0 278 
132 7 1 0 7 1 4 0 6 1 0 279 
133 7 0 1 0 29 4 20 13 11 0 19 17 -0.208333 -3 203 204
134 7 0 1 0 3 15 16 19 26 27 15 18 -0.105263 -29 205 206
135 7 1 0 4 1 4 0 4 0 0 286 
136 7 1 0 11 1 4 11 0 0 0 287 
137 7 0 1 0 28 35 12 14 11 24 20 18 -0.0153689 6 207 208
138 7 1 0 4 1 4 0 4 0 0 291 
139 7 1 0 7 1 4 0 1 0 6 293 
140 7 0 1 0 3 24 20 13 10 28 12 17 -0.379724 -35 209 210
141 7 0 1 0 8 26 12 15 30 25 18 17 -0.108389 93 211 212
142 7 0 1 0 19 29 16 18 9 35 12 17 -0.641429 -18 213 214
143 7 0 1 0 16 22 20 17 34 34 12 13 -0.476713 26 215 216
144 7 0 1 0 22 3 19 15 13 5 18 16 -0.162959 -3 217 218
145 7 0 1 0 15 2 14 17 10 34 13 16 -0.0625 -44 219 220
146 7 0 1 0 1 26 13 15 2 22 12 13 -0.0767196 2 221 222
147 7 0 1 0 12 26 18 19 10 21 15 14 -0 15 223 224
148 7 0 1 0 2 32 14 14 0 28 16 19 -0.279254 4 225 226
149 7 0 1 0 5 27 13 19 12 14 16 14 -0.442792 -26 227 228
150 7 0 1 0 20 25 19 14 13 26 19 15 -0.618114 0 229 230
151 7 0 1 0 26 15 20 18 12 8 20 20 -0.133333 -21 231 232
152 7 0 1 0 17 6 16 16 16 8 13 18 -0.309116 -6 233 234
153 7 0 1 0 22 15 12 20 7 19 14 17 -0 -43 235 236
154 7 1 0 2 1 4 0 0 0 2 477 
155 7 0 1 0 9 24 18 18 12 25 19 13 -0.225 -6 237 238
156 7 0 1 0 4 27 13 12 10 23 15 19 -0.0392157 -67 239 240
157 7 1 0 23 1 4 23 0 0 0 486 
158 7 1 0 2 1 4 0 2 0 0 487 
159 7 1 0 5 1 4 1 4 0 0 488 
160 7 1 0 42 1 4 42 0 0 0 489 
161 7 0 1 0 5 30 14 18 13 19 12 14 -0.0789995 -51 241 242
162 7 0 1 0 30 21 12 16 6 7 19 18 -0.168498 -1 243 244
163 7 0 1 0 21 17 14 16 34 22 15 12 -0.358337 89 245 246
164 7 0 1 0 12 10 17 19 19 5 13 19 -0.654703 -4 247 248
165 7 0 1 0 11 32 12 17 27 31 15 13 -0.64691 32 249 250
166 7 0 1 0 22 0 12 17 3 6 14 20 -0.181818 -41 251 252
167 7 1 0 2 1 4 0 0 2 0 546 
168 7 1 0 17 1 4 0 0 0 17 547 
169 7 0 1 0 18 26 20 20 23 20 14 14 -0.181818 -9 253 254
170 7 1 0 26 1 4 26 0 0 0 552 
171 7 0 1 0 28 24 13 13 22 16 12 15 -0.167664 -11 255 256
172 7 1 0 6 1 4 0 5 0 1 558 
173 7 0 1 0 23 26 14 19 13 17 14 18 -0.0454545 -9 257 258
174 7 1 0 3 1 4 2 1 0 0 561 
175 7 0 1 0 17 0 14 16 35 33 14 12 -0.977647 -9 259 260
176 7 0 1 0 7 0 14 18 12 31 14 20 -0.330484 -2 261 262
177 7 1 0 2 1 4 0 0 2 0 572 
178 7 1 0 18 1 4 0 0 0 18 573 
179 8 1 0 7 1 4 0 1 6 0 1 
180 8 1 0 4 1 4 0 0 0 4 2 
181 8 0 1 0 3 10 17 17 3 23 17 17 -0.397811 -21 263 264
182 8 0 1 0 6 21 20 16 6 19 15 18 -0.155006 0 265 266
183 8 1 0 7 1 4 0 7 0 0 55 
184 8 0 1 0 22 0 17 20 7 24 14 14 -0 -11 267 268
185 8 1 0 5 1 4 0 1 2 2 61 
186 8 0 1 0 14 21 13 20 2 17 15 14 -0 90 269 270
187 8 1 0 5 1 4 0 4 0 1 68 
188 8 0 1 0 20 23 18 19 21 1 20 16 -0.0454888 58 271 272
189 8 0 1 0 27 12 15 20 20 2 18 14 -0.0454545 -45 273 274
190 8 1 0 5 1 4 0 0 3 2 75 
191 8 1 0 17 1 4 0 0 0 17 76 
192 8 1 0 6 1 4 0 2 4 0 77 
193 8 0 1 0 13 31 13 18 19 21 18 13 -0.761096 0 275 276
194 8 0 1 0 11 21 17 12 17 5 16 20 -0.30198 4 277 278
195 8 0 1 0 15 7 20 20 0 13 13 20 -0.389426 -4 279 280
196 8 0 1 0 29 2 14 18 4 21 17 17 -0.819124 -3 281 282
197 8 0 1 0 12 18 12 17 16 26 18 16 -0.555034 -23 283 284
198 8 0 1 0 2 17 16 17 2 29 18 14 -0.158439 -6 285 286
199 8 0 1 0 12 26 20 19 26 34 13 15 -0.281319 -30 287 288
200 8 0 1 0 18 22 16 19 25 17 17 12 -0.757457 -1 289 290
201 8 0 1 0 6 28 13 17 2 25 17 12 -0.2 6 291 292
202 8 0 1 0 17 28 18 14 19 29 12 19 -0.0994632 1 293 294
203 8 1 0 8 1 4 2 6 0 0 282 
204 8 1 0 4 1 4 0 0 2 2 283 
205 8 1 0 2 1 4 0 1 0 1 284 
206 8 1 0 17 1 4 0 0 0 17 285 
207 8 1 0 3 1 4 0 0 0 3 288 
208 8 0 1 0 21 26 20 18 1 5 16 12 -0.00819672 56 295 296
209 8 0 1 0 21 28 12 13 14 30 17 20 -0.247111 -6 297 298
210 8 0 1 0 22 23 17 18 12 4 16 14 -0.291148 96 299 300
211 8 0 1 0 13 26 17 16 10 28 19 15 -0.0919685 -12 301 302
212 8 1 0 6 1 4 2 0 0 4 345 
213 8 0 1 0 0 34 12 17 11 30 16 15 -0.79359 -7 303 304
214 8 0 1 0 18 35 12 15 21 27 15 16 -0.344606 -22 305 306
215 8 0 1 0 3 1 12 19 31 31 13 14 -0.203514 -130 307 308
216 8 0 1 0 22 1 18 16 27 12 13 14 -0.644135 25 309 310
217 8 0 1 0 24 13 18 18 26 34 12 12 -0.0546218 -30 311 312
218 8 0 1 0 4 32 12 13 10 9 17 20 -0.0277778 -7 313 314
219 8 1 0 8 1 4 0 7 1 0 387 
220 8 1 0 6 1 4 6 0 0 0 388 
221 8 1 0 3 1 4 1 2 0 0 389 
222 8 0 1 0 21 16 13 14 21 19 18 14 -0.0277778 -1 315 316
223 8 1 0 42 1 4 0 0 42 0 392 
224 8 1 0 3 1 4 0 3 0 0 393 
225 8 0 1 0 20 22 19 13 8 33 12 18 -0.259953 -14 317 318
226 8 0 1 0 32 25 17 15 30 23 16 14 -0.187115 -2 319 320
227 8 1 0 8 1 4 2 6 0 0 456 
228 8 0 1 0 29 16 13 15 27 14 19 17 -0.286184 -8 321 322
229 8 1 0 5 1 4 0 0 0 5 459 
230 8 0 1 0 28 12 14 17 31 11 18 13 -0.497579 16 323 324
231 8 1 0 6 1 4 4 2 0 0 466 
232 8 1 0 4 1 4 0 0 0 4 467 
233 8 1 0 2 1 4 1 1 0 0 468 
234 8 0 1 0 4 32 13 16 2 28 17 19 -0.235499 0 325 326
235 8 1 0 6 1 4 6 0 0 0 475 
236 8 1 0 19 1 4 0 19 0 0 476 
237 8 0 1 0 13 19 14 17 11 27 20 19 -0.125506 -24 327 328
238 8 1 0 2 1 4 0 0 0 2 483 
239 8 1 0 3 1 4 1 2 0 0 484 
240 8 1 0 14 1 4 0 0 0 14 485 
241 8 1 0 4 1 4 3 0 0 1 498 
242 8 0 1 0 17 15 12 16 12 16 18 15 -0.0710714 -41 329 330
243 8 1 0 7 1 4 1 6 0 0 518 
244 8 1 0 6 1 4 0 0 2 4 519 
245 8 0 1 0 9 18 13 20 15 6 17 13 -0.281846 -9 331 332
246 8 1 0 6 1 4 5 0 0 1 532 
247 8 1 0 8 1 4 8 0 0 0 533 
248 8 0 1 0 7 27 17 12 5 30 15 15 -0.418301 -1 333 334
249 8 0 1 0 19 21 14 16 27 17 15 12 -0.134259 7 335 336
250 8 1 0 5 1 4 0 0 0 5 543 
251 8 1 0 2 1 4 0 1 0 1 544 
252 8 1 0 9 1 4 0 0 0 9 545 
253 8 1 0 2 1 4 0 1 0 1 550 
254 8 1 0 9 1 4 0 9 0 0 551 
255 8 0 1 0 9 29 17 17 24 30 17 18 -0.126673 24 337 338
256 8 1 0 3 1 4 0 2 1 0 557 
257 8 1 0 9 1 4 0 0 0 9 559 
258 8 1 0 2 1 4 0 0 1 1 560 
259 8 1 0 8 1 4 6 2 0 0 562 
260 8 0 1 0 8 12 17 14 7 33 14 15 -0.562092 -7 339 340
261 8 0 1 0 16 19 20 12 8 8 19 16 -0.207465 35 341 342
262 8 1 0 3 1 4 0 0 2 1 569 
263 9 0 1 0 29 26 20 17 25 25 18 13 -0.190476 -21 343 344
264 9 0 1 0 34 25 20 12 28 23 18 19 -0.21514 1 345 346
265 9 0 1 0 23 18 13 15 26 23 15 12 -0.0770538 13 347 348
266 9 0 1 0 19 10 15 12 29 21 17 16 -0.393939 38 349 350
267 9 1 0 46 1 4 46 0 0 0 56 
268 9 1 0 4 1 4 0 4 0 0 57 
269 9 1 0 21 1 4 0 21 0 0 62 
270 9 1 0 2 1 4 2 0 0 0 63 
271 9 0 1 0 32 6 20 14 29 11 19 12 -0.015185 -59 351 352
272 9 1 0 4 1 4 0 3 1 0 72 
273 9 1 0 2 1 4 1 1 0 0 73 
274 9 1 0 9 1 4 0 9 0 0 74 
275 9 0 1 0 3 18 12 12 16 20 19 19 -0.409091 -91 353 354
276 9 0 1 0 7 4 19 17 14 1 18 20 -0.220395 5 355 356
277 9 1 0 3 1 4 3 0 0 0 86 
278 9 0 1 0 5 6 20 17 10 1 19 18 -0.140269 9 357 358
279 9 0 1 0 3 7 13 19 13 18 20 18 -0.249899 -8 359 360
280 9 0 1 0 16 10 12 19 23 22 14 19 -0.131313 3 361 362
281 9 0 1 0 23 15 19 19 17 31 16 14 -0.689697 -44 363 364
282 9 0 1 0 19 22 15 12 15 29 15 20 -0.453869 16 365 366
283 9 0 1 0 3 27 17 12 5 21 19 16 -0.389377 12 367 368
284 9 0 1 0 0 8 16 20 0 25 17 12 -0.281481 3 369 370
285 9 0 1 0 31 29 18 13 31 29 14 14 -0.107471 -5 371 372
286 9 0 1 0 2 8 12 12 7 12 15 20 -0.367872 4 373 374
287 9 1 0 4 1 4 0 4 0 0 253 
288 9 0 1 0 3 5 12 16 3 0 12 17 -0.103869 2 375 376
289 9 0 1 0 22 7 16 19 21 27 17 18 -0 -46 377 378
290 9 0 1 0 20 35 12 19 20 5 18 14 -0.779603 35 379 380
291 9 1 0 5 1 4 0 0 1 4 271 
292 9 1 0 5 1 4 2 3 0 0 272 
293 9 1 0 4 1 4 1 1 0 2 273 
294 9 0 1 0 8 22 20 15 20 2 19 12 -0.0438322 98 381 382
295 9 1 0 59 1 4 0 0 59 0 289 
296 9 1 0 2 1 4 0 0 1 1 290 
297 9 1 0 5 1 4 0 1 1 3 294 
298 9 0 1 0 32 28 18 15 28 28 12 14 -0.0764501 -21 383 384
299 9 0 1 0 28 6 17 17 17 1 20 17 -0.226863 6 385 386
300 9 1 0 3 1 4 0 0 0 3 313 
301 9 0 1 0 11 19 14 18 30 18 14 14 -0.22449 27 387 388
302 9 0 1 0 31 10 12 13 25 10 14 20 -0.0773285 0 389 390
303 9 0 1 0 22 16 13 13 22 27 15 18 -0 2 391 392
304 9 1 0 6 1 4 5 1 0 0 348 
305 9 1 0 4 1 4 0 0 1 3 349 
306 9 0 1 0 16 19 13 13 22 27 15 13 -0.239295 -7 393 394
307 9 1 0 4 1 4 0 0 1 3 360 
308 9 0 1 0 30 29 13 12 20 1 15 13 -0.150116 -39 395 396
309 9 0 1 0 18 31 16 18 22 18 13 12 -0.471536 18 397 398
310 9 1 0 8 1 4 0 1 0 7 381 
311 9 0 1 0 18 22 18 19 7 28 17 15 -0 -2 399 400
312 9 1 0 6 1 4 6 0 0 0 384 
313 9 1 0 2 1 4 0 0 1 1 385 
314 9 1 0 16 1 4 0 0 16 0 386 
315 9 1 0 2 1 4 0 0 1 1 390 
316 9 1 0 16 1 4 0 0 0 16 391 
317 9 0 1 0 3 8 20 16 3 4 14 20 -0.175 2 401 402
318 9 0 1 0 27 10 14 14 33 25 19 14 -0.236846 27 403 404
319 9 0 1 0 3 22 14 17 24 23 20 12 -0.171429 -63 405 406
320 9 0 1 0 1 5 13 18 4 9 19 19 -0.0131579 0 407 408
321 9 1 0 8 1 4 1 3 0 4 457 
322 9 1 0 30 1 4 0 0 0 30 458 
323 9 0 1 0 25 12 19 14 22 0 15 20 -0.375 78 409 410
324 9 1 0 3 1 4 0 0 0 3 465 
325 9 1 0 2 1 4 1 1 0 0 469 
326 9 0 1 0 0 11 12 20 3 23 20 19 -0.16651 -26 411 412
327 9 1 0 2 1 4 0 0 0 2 478 
328 9 0 1 0 18 32 12 13 14 9 17 15 -0.0656042 5 413 414
329 9 1 0 7 1 4 0 4 0 3 499 
330 9 0 1 0 17 8 12 20 19 15 12 14 -0.0634681 18 415 416
331 9 0 1 0 25 19 16 13 20 21 14 20 -0.285714 4 417 418
332 9 0 1 0 1 28 17 18 0 29 18 15 -0.191914 -3 419 420
333 9 0 1 0 0 8 14 13 1 10 13 19 -0 0 421 422
334 9 0 1 0 14 32 13 13 9 8 19 17 -0.209795 17 423 424
335 9 1 0 6 1 4 0 0 4 2 539 
336 9 0 1 0 31 18 18 14 33 17 14 13 -0.0491039 14 425 426
337 9 0 1 0 27 22 17 12 28 17 16 16 -0.00606061 34 427 428
338 9 1 0 7 1 4 5 0 0 2 556 
339 9 1 0 8 1 4 0 0 0 8 563 
340 9 1 0 9 1 4 2 5 0 2 564 
341 9 0 1 0 15 17 16 13 13 26 16 12 -0.0302083 5 429 430
342 9 1 0 4 1 4 1 2 0 1 568 
343 10 0 1 0 31 20 14 12 15 25 20 18 -0.108392 -121 431 432
344 10 1 0 8 1 4 0 0 4 4 6 
345 10 0 1 0 5 10 17 18 22 10 19 12 -0.111835 -30 433 434
346 10 0 1 0 12 24 12 12 7 33 12 16 -0.08499 -22 435 436
347 10 0 1 0 24 31 13 17 27 33 14 19 -0.0672354 6 437 438
348 10 0 1 0 35 34 13 12 26 10 14 18 -0.06 7 439 440
349 10 0 1 0 18 31 15 20 26 24 18 13 -0.282898 4 441 442
350 10 0 1 0 12 10 13 16 2 13 19 15 -0.263393 50 443 444
351 10 1 0 2 1 4 0 1 1 0 69 
352 10 0 1 0 17 1 16 12 6 24 12 16 -0 26 445 446
353 10 1 0 9 1 4 9 0 0 0 79 
354 10 1 0 2 1 4 1 0 0 1 80 
355 10 0 1 0 5 23 17 19 2 27 20 18 -0.0984127 -8 447 448
356 10 0 1 0 9 0 16 14 28 30 17 14 -0 -113 449 450
357 10 0 1 0 13 3 12 15 3 18 15 18 -0.0408323 -4 451 452
358 10 1 0 6 1 4 1 4 0 1 91 
359 10 0 1 0 7 7 20 18 8 26 17 17 -0.106667 -99 453 454
360 10 0 1 0 13 3 15 13 25 3 20 12 -0 18 455 456
361 10 0 1 0 27 30 17 18 18 8 19 12 -0.0952381 6 457 458
362 10 1 0 26 1 4 0 0 0 26 101 
363 10 0 1 0 35 24 20 12 5 11 16 20 -0.583433 -2 459 460
364 10 0 1 0 21 21 12 17 21 16 19 13 -0.47852 -7 461 462
365 10 0 1 0 14 9 16 12 15 14 16 14 -0.148148 -12 463 464
366 10 1 0 4 1 4 3 1 0 0 142 
367 10 0 1 0 4 3 18 18 4 1 16 12 -0.279942 5 465 466
368 10 1 0 9 1 4 4 0 5 0 152 
369 10 1 0 6 1 4 0 1 4 1 153 
370 10 1 0 9 1 4 4 5 0 0 154 
371 10 0 1 0 21 28 17 14 3 20 14 12 -0.0176904 51 467 468
372 10 0 1 0 18 18 14 18 9 22 20 20 -0.0970496 12 469 470
373 10 0 1 0 28 23 13 16 20 33 13 12 -0.322457 -10 471 472
374 10 0 1 0 34 28 16 13 23 17 14 20 -0.240163 2 473 474
375 10 0 1 0 26 10 17 14 16 18 20 12 -0.015625 -64 475 476
376 10 1 0 3 1 4 1 0 2 0 256 
377 10 1 0 3 1 4 0 3 0 0 257 
378 10 1 0 39 1 4 39 0 0 0 258 
379 10 0 1 0 20 26 20 18 29 26 13 14 -0.255538 2 477 478
380 10 0 1 0 2 11 16 15 28 6 12 15 -0.411989 15 479 480
381 10 0 1 0 17 6 17 12 17 11 16 14 -0.031467 16 481 482
382 10 1 0 2 1 4 0 1 1 0 277 
383 10 0 1 0 29 17 12 16 10 6 17 13 -0.0762301 41 483 484
384 10 0 1 0 21 3 19 16 25 18 18 19 -0.0346342 -59 485 486
385 10 0 1 0 19 29 16 17 17 24 14 14 -0.182716 8 487 488
386 10 0 1 0 21 27 13 15 22 31 16 12 -0 -20 489 490
387 10 1 0 7 1 4 0 0 3 4 314 
388 10 1 0 7 1 4 5 2 0 0 315 
389 10 0 1 0 28 18 15 12 26 13 18 19 -0.0630462 32 491 492
390 10 0 1 0 12 10 17 16 7 13 19 17 -0.329832 5 493 494
391 10 1 0 9 1 4 0 9 0 0 346 
392 10 1 0 11 1 4 0 0 0 11 347 
393 10 0 1 0 26 32 14 19 23 27 18 19 -0.229101 -8 495 496
394 10 0 1 0 19 12 13 13 16 13 19 14 -0.0287493 -18 497 498
395 10 1 0 2 1 4 0 0 0 2 361 
396 10 0 1 0 14 23 19 15 24 23 19 14 -0.11551 -3 499 500
397 10 0 1 0 18 17 17 14 18 35 12 18 -0.206494 -11 501 502
398 10 0 1 0 9 21 17 20 12 25 16 12 -0.237336 -16 503 504
399 10 1 0 2 1 4 0 0 2 0 382 
400 10 1 0 26 1 4 0 26 0 0 383 
401 10 0 1 0 28 17 14 12 29 17 17 17 -0 -3 505 506
402 10 1 0 2 1 4 1 1 0 0 396 
403 10 0 1 0 6 34 12 18 15 32 15 20 -0.179872 -26 507 508
404 10 0 1 0 10 12 14 20 11 24 17 19 -0.676329 0 509 510
405 10 0 1 0 32 15 19 14 28 21 17 13 -0.147436 -25 511 512
406 10 1 0 9 1 4 9 0 0 0 453 
407 10 1 0 36 1 4 36 0 0 0 454 
408 10 1 0 2 1 4 1 1 0 0 455 
409 10 0 1 0 29 22 20 18 21 1 14 14 -0.186154 -23 513 514
410 10 1 0 4 1 4 0 1 0 3 464 
411 10 0 1 0 21 10 18 18 26 26 14 18 -0.0442217 7 515 516
412 10 0 1 0 14 22 17 18 26 9 14 18 -0.0595238 58 517 518
413 10 1 0 5 1 4 5 0 0 0 479 
414 10 0 1 0 27 29 13 19 23 10 20 18 -0.0420494 -17 519 520
415 10 0 1 0 0 32 12 18 3 28 16 13 -0.0573692 16 521 522
416 10 1 0 3 1 4 1 1 0 1 517 
417 10 1 0 9 1 4 4 4 1 0 520 
418 10 1 0 5 1 4 0 0 0 5 521 
419 10 1 0 4 1 4 3 0 0 1 522 
420 10 0 1 0 11 18 15 20 7 22 18 20 -0.147361 28 523 524
421 10 1 0 4 1 4 0 0 4 0 534 
422 10 1 0 20 1 4 0 0 0 20 535 
423 10 1 0 8 1 4 4 3 1 0 536 
424 10 0 1 0 23 5 15 17 30 28 13 16 -0 32 525 526
425 10 0 1 0 14 0 15 17 18 16 19 19 -0.016129 -22 527 528
426 10 1 0 5 1 4 1 4 0 0 542 
427 10 1 0 107 1 4 107 0 0 0 554 
428 10 1 0 3 1 4 1 2 0 0 555 
429 10 1 0 2 1 4 0 2 0 0 565 
430 10 0 1 0 21 20 19 17 0 15 14 18 -0.0166667 53 529 530
431 11 1 0 2 1 4 0 1 1 0 3 
432 11 0 1 0 15 10 18 17 19 12 16 14 -0.0454545 2 531 532
433 11 1 0 4 1 4 4 0 0 0 7 
434 11 0 1 0 4 29 14 12 11 26 16 16 -0.0587538 -10 533 534
435 11 1 0 3 1 4 0 0 2 1 11 
436 11 0 1 0 25 31 16 12 14 29 18 18 -0.0123311 14 535 536
437 11 0 1 0 29 13 17 14 1 34 12 13 -0.1205 -5 537 538
438 11 0 1 0 26 5 15 13 24 0 13 20 -0.0286081 40 539 540
439 11 1 0 10 1 4 0 10 0 0 36 
440 11 0 1 0 0 1 19 19 10 6 12 15 -0 3 541 542
441 11 1 0 8 1 4 0 0 5 3 39 
442 11 0 1 0 19 25 17 17 15 7 15 12 -0.220568 3 543 544
443 11 0 1 0 7 0 16 12 7 2 19 16 -0.142857 -24 545 546
444 11 1 0 2 1 4 1 1 0 0 53 
445 11 1 0 159 1 4 159 0 0 0 70 
446 11 1 0 2 1 4 0 2 0 0 71 
447 11 1 0 7 1 4 0 1 6 0 81 
448 11 0 1 0 11 25 13 20 15 15 20 18 -0 24 547 548
449 11 1 0 4 1 4 0 0 4 0 84 
450 11 1 0 22 1 4 0 22 0 0 85 
451 11 0 1 0 26 16 20 17 15 30 16 18 -0.00632911 -95 549 550
452 11 0 1 0 19 17 12 15 34 28 19 13 -0 -9 551 552
453 11 1 0 3 1 4 0 0 2 1 92 
454 11 0 1 0 24 31 13 13 9 13 17 16 -0.0659091 -27 553 554
455 11 1 0 9 1 4 0 0 9 0 96 
456 11 1 0 2 1 4 0 0 0 2 97 
457 11 1 0 4 1 4 0 0 0 4 98 
458 11 0 1 0 10 10 12 19 24 3 17 17 -0 16 555 556
459 11 0 1 0 14 0 13 16 3 2 20 13 -0.370419 28 557 558
460 11 0 1 0 16 18 20 18 17 18 18 17 -0.522432 0 559 560
461 11 0 1 0 14 24 18 18 19 18 18 14 -0.219741 16 561 562
462 11 0 1 0 14 28 18 18 11 32 15 15 -0.482791 -8 563 564
463 11 1 0 15 1 4 0 0 0 15 140 
464 11 1 0 9 1 4 1 0 8 0 141 
465 11 0 1 0 9 20 12 14 18 7 14 19 -0.162626 30 565 566
466 11 0 1 0 19 27 15 18 11 31 16 18 -0.209524 9 567 568
467 11 1 0 18 1 4 0 0 18 0 155 
468 11 0 1 0 4 19 20 20 3 21 14 16 -0.0135135 6 569 570
469 11 0 1 0 20 30 17 17 8 23 19 18 -0.0861419 91 571 572
470 11 0 1 0 17 9 14 17 6 29 13 20 -0.0535714 -33 573 574
471 11 0 1 0 6 33 14 14 5 23 18 19 -0.253888 16 575 576
472 11 0 1 0 24 6 20 20 4 8 18 14 -0.22298 4 577 578
473 11 0 1 0 0 25 12 14 6 4 18 14 -0.0758514 5 579 580
474 11 0 1 0 5 24 16 18 5 27 20 18 -0.173776 -10 581 582
475 11 1 0 2 1 4 0 0 1 1 254 
476 11 1 0 30 1 4 0 0 0 30 255 
477 11 0 1 0 26 27 12 13 22 18 19 16 -0 23 583 584
478 11 0 1 0 28 33 14 16 18 6 20 14 -0.0355556 36 585 586
479 11 0 1 0 33 27 17 13 32 30 16 12 -0.302019 -25 587 588
480 11 1 0 7 1 4 1 6 0 0 269 
481 11 0 1 0 1 11 15 17 2 17 15 13 -0.0159574 5 589 590
482 11 1 0 2 1 4 0 1 0 1 276 
483 11 0 1 0 20 14 16 16 25 2 20 15 -0.0135135 37 591 592
484 11 1 0 2 1 4 0 1 0 1 297 
485 11 1 0 6 1 4 1 5 0 0 298 
486 11 0 1 0 20 21 16 18 26 34 12 12 -0.00763174 -46 593 594
487 11 0 1 0 1 18 20 18 17 25 14 18 -0.161616 -60 595 596
488 11 0 1 0 26 25 15 19 29 22 16 16 -0.0942529 3 597 598
489 11 1 0 2 1 4 0 2 0 0 311 
490 11 1 0 12 1 4 12 0 0 0 312 
491 11 0 1 0 14 24 19 20 16 29 15 18 -0.0553407 -23 599 600
492 11 0 1 0 16 3 12 18 10 3 17 16 -0.276455 28 601 602
493 11 1 0 7 1 4 0 0 6 1 342 
494 11 0 1 0 30 23 15 16 2 23 15 19 -0 20 603 604
495 11 0 1 0 19 21 20 16 30 28 18 17 -0.0676407 80 605 606
496 11 0 1 0 19 0 20 18 9 5 19 20 -0.0725806 0 607 608
497 11 1 0 5 1 4 1 4 0 0 357 
498 11 0 1 0 23 27 14 18 6 28 14 20 -0.00877193 37 609 610
499 11 0 1 0 10 16 20 20 18 8 12 16 -0.199234 -6 611 612
500 11 0 1 0 2 8 12 14 6 12 14 19 -0.0556159 2 613 614
501 11 1 0 4 1 4 0 1 0 3 371 
502 11 0 1 0 11 17 15 20 7 0 12 14 -0.0596591 17 615 616
503 11 1 0 4 1 4 0 0 0 4 375 
504 11 0 1 0 5 9 15 18 15 5 16 16 -0.175318 -32 617 618
505 11 1 0 2 1 4 0 0 2 0 394 
506 11 1 0 8 1 4 0 0 0 8 395 
507 11 0 1 0 26 27 18 13 20 14 15 12 -0.127186 -27 619 620
508 11 0 1 0 17 35 12 16 29 33 14 17 -0.449716 32 621 622
509 11 0 1 0 16 11 19 16 16 23 17 12 -0 -10 623 624
510 11 0 1 0 12 20 16 18 13 23 14 12 -0.377143 29 625 626
511 11 0 1 0 27 11 18 12 30 28 14 13 -0 1 627 628
512 11 1 0 2 1 4 0 1 0 1 452 
513 11 1 0 2 1 4 0 0 0 2 460 
514 11 0 1 0 8 14 16 17 6 24 20 17 -0.0952824 -16 629 630
515 11 1 0 2 1 4 0 1 0 1 470 
516 11 0 1 0 10 25 20 14 8 29 15 18 -0.0150376 -6 631 632
517 11 1 0 8 1 4 0 0 0 8 473 
518 11 1 0 6 1 4 1 5 0 0 474 
519 11 1 0 2 1 4 0 1 0 1 480 
520 11 0 1 0 19 18 20 19 21 1 15 19 -0.00724638 92 633 634
521 11 0 1 0 8 1 18 16 7 20 17 16 -0.0346844 8 635 636
522 11 0 1 0 4 9 15 12 11 29 13 13 -0.225108 -95 637 638
523 11 0 1 0 7 1 17 18 7 9 14 13 -0.134605 -16 639 640
524 11 1 0 2 1 4 1 1 0 0 531 
525 11 1 0 17 1 4 0 0 17 0 537 
526 11 1 0 2 1 4 0 0 0 2 538 
527 11 1 0 29 1 4 29 0 0 0 540 
528 11 1 0 2 1 4 1 1 0 0 541 
529 11 1 0 28 1 4 28 0 0 0 566 
530 11 1 0 2 1 4 1 1 0 0 567 
531 12 1 0 2 1 4 1 1 0 0 4 
532 12 1 0 9 1 4 0 9 0 0 5 
533 12 0 1 0 14 2 12 14 15 21 14 14 -0.031746 -28 641 642
534 12 1 0 4 1 4 4 0 0 0 10 
535 12 0 1 0 30 26 20 17 20 28 13 18 -0.00675676 -49 643 644
536 12 1 0 6 1 4 0 6 0 0 14 
537 12 0 1 0 1 27 18 19 3 23 18 17 -0.113415 -16 645 646
538 12 0 1 0 2 33 14 17 33 23 16 14 -0.058874 16 647 648
539 12 0 1 0 16 8 12 12 10 11 16 15 -0.026133 -1 649 650
540 12 1 0 2 1 4 0 0 0 2 35 
541 12 1 0 18 1 4 18 0 0 0 37 
542 12 1 0 2 1 4 0 2 0 0 38 
543 12 1 0 4 1 4 0 0 1 3 40 
544 12 0 1 0 26 30 15 17 31 34 12 13 -0.17106 -4 651 652
545 12 1 0 2 1 4 0 1 0 1 51 
546 12 1 0 12 1 4 0 0 0 12 52 
547 12 1 0 18 1 4 0 0 0 18 82 
548 12 1 0 2 1 4 0 0 2 0 83 
549 12 1 0 2 1 4 0 0 1 1 87 
550 12 1 0 77 1 4 0 0 0 77 88 
551 12 1 0 9 1 4 0 0 9 0 89 
552 12 1 0 4 1 4 0 0 0 4 90 
553 12 1 0 2 1 4 1 1 0 0 93 
554 12 0 1 0 13 3 15 13 25 3 20 12 -0.025 16 653 654
555 12 1 0 12 1 4 0 0 12 0 99 
556 12 1 0 2 1 4 0 2 0 0 100 
557 12 0 1 0 21 8 19 20 19 8 12 18 -0.275794 -8 655 656
558 12 1 0 7 1 4 0 0 1 6 118 
559 12 0 1 0 26 27 20 14 28 26 16 15 -0 32 657 658
560 12 0 1 0 1 28 16 13 7 29 12 16 -0.391201 -28 659 660
561 12 0 1 0 19 19 18 16 21 23 12 14 -0.0837486 8 661 662
562 12 1 0 2 1 4 0 0 1 1 133 
563 12 1 0 4 1 4 0 0 1 3 134 
564 12 0 1 0 2 14 17 13 34 31 13 12 -0.315638 -38 663 664
565 12 0 1 0 21 20 19 20 31 28 19 12 -0.140732 -44 665 666
566 12 1 0 8 1 4 0 1 7 0 149 
567 12 1 0 7 1 4 0 0 3 4 150 
568 12 1 0 5 1 4 1 4 0 0 151 
569 12 1 0 2 1 4 0 0 1 1 156 
570 12 1 0 35 1 4 0 0 0 35 157 
571 12 0 1 0 5 11 16 18 0 15 20 20 -0.0808727 7 667 668
572 12 0 1 0 6 31 15 15 10 3 14 16 -0.0263158 11 669 670
573 12 1 0 9 1 4 9 0 0 0 223 
574 12 1 0 7 1 4 0 1 6 0 224 
575 12 0 1 0 21 24 20 20 10 12 12 13 -0.220515 6 671 672
576 12 1 0 2 1 4 0 0 0 2 236 
577 12 0 1 0 12 22 18 15 8 17 14 15 -0.0151515 -10 673 674
578 12 0 1 0 18 20 16 18 8 29 18 17 -0.273333 2 675 676
579 12 0 1 0 16 2 15 12 17 27 18 13 -0.0294118 -6 677 678
580 12 1 0 2 1 4 0 1 1 0 244 
581 12 0 1 0 3 16 13 18 33 4 17 14 -0 -3 679 680
582 12 0 1 0 5 4 18 20 17 10 14 20 -0.139557 -1 681 682
583 12 1 0 9 1 4 0 0 9 0 259 
584 12 1 0 2 1 4 0 0 0 2 260 
585 12 0 1 0 10 28 15 20 27 7 12 19 -0.02 77 683 684
586 12 1 0 2 1 4 0 0 2 0 263 
587 12 1 0 4 1 4 2 1 1 0 264 
588 12 0 1 0 8 28 18 16 32 32 12 15 -0.139181 23 685 686
589 12 1 0 184 1 4 0 0 0 184 274 
590 12 1 0 4 1 4 0 1 0 3 275 
591 12 1 0 2 1 4 1 1 0 0 295 
592 12 1 0 35 1 4 0 35 0 0 296 
593 12 1 0 3 1 4 0 3 0 0 299 
594 12 0 1 0 7 2 19 12 7 0 14 17 -0.00393701 -19 687 688
595 12 1 0 7 1 4 1 5 1 0 302 
596 12 0 1 0 10 6 18 19 5 26 13 13 -0.0454545 -46 689 690
597 12 1 0 3 1 4 0 0 2 1 305 
598 12 0 1 0 15 5 12 18 25 13 19 20 -0.0400947 -45 691 692
599 12 1 0 3 1 4 0 2 0 1 316 
600 12 0 1 0 16 25 17 19 29 33 14 15 -0.0511778 -37 693 694
601 12 1 0 9 1 4 0 8 0 1 339 
602 12 0 1 0 24 31 13 18 20 20 20 12 -0 12 695 696
603 12 1 0 15 1 4 15 0 0 0 343 
604 12 1 0 2 1 4 0 0 2 0 344 
605 12 0 1 0 31 29 16 16 24 10 12 19 -0.0232143 -38 697 698
606 12 1 0 2 1 4 0 0 0 2 353 
607 12 0 1 0 22 13 13 15 26 19 16 18 -0 -10 699 700
608 12 1 0 19 1 4 19 0 0 0 356 
609 12 1 0 55 1 4 55 0 0 0 358 
610 12 1 0 2 1 4 1 1 0 0 359 
611 12 1 0 11 1 4 11 0 0 0 362 
612 12 0 1 0 13 9 15 20 23 34 12 16 -0.0798611 -30 701 702
613 12 0 1 0 26 29 13 16 25 25 20 15 -0.0387361 -8 703 704
614 12 1 0 4 1 4 1 1 2 0 370 
615 12 1 0 2 1 4 0 1 0 1 372 
616 12 0 1 0 12 22 16 18 25 31 14 14 -0 -15 705 706
617 12 1 0 3 1 4 0 1 0 2 376 
618 12 0 1 0 23 28 18 18 35 34 12 12 -0.0682887 26 707 708
619 12 0 1 0 17 20 20 15 17 29 18 18 -0.0629685 1 709 710
620 12 0 1 0 19 28 16 19 10 30 13 17 -0.112301 1 711 712
621 12 0 1 0 16 3 19 12 12 0 15 16 -0.212326 12 713 714
622 12 0 1 0 28 23 14 16 19 8 17 18 -0.0928793 -27 715 716
623 12 1 0 2 1 4 0 2 0 0 443 
624 12 1 0 16 1 4 0 0 0 16 444 
625 12 0 1 0 18 26 16 20 20 8 19 15 -0.232647 -17 717 718
626 12 1 0 3 1 4 0 0 0 3 449 
627 12 1 0 22 1 4 0 22 0 0 450 
628 12 1 0 2 1 4 2 0 0 0 451 
629 12 1 0 7 1 4 6 1 0 0 461 
630 12 0 1 0 11 26 18 14 14 11 12 14 -0.0465116 25 719 720
631 12 1 0 2 1 4 0 1 0 1 471 
632 12 1 0 131 1 4 0 0 0 131 472 
633 12 1 0 67 1 4 0 67 0 0 481 
634 12 1 0 2 1 4 1 1 0 0 482 
635 12 0 1 0 24 4 13 13 16 33 12 12 -0.0320449 6 721 722
636 12 1 0 2 1 4 0 2 0 0 514 
637 12 1 0 26 1 4 0 0 0 26 515 
638 12 1 0 7 1 4 4 2 0 1 516 
639 12 1 0 3 1 4 0 2 0 1 523 
640 12 0 1 0 19 24 16 14 17 28 13 19 -0.116166 15 723 724
641 13 1 0 61 1 4 0 61 0 0 8 
642 13 1 0 2 1 4 0 1 0 1 9 
643 13 1 0 2 1 4 1 1 0 0 12 
644 13 1 0 72 1 4 72 0 0 0 13 
645 13 1 0 8 1 4 0 7 1 0 15 
646 13 0 1 0 25 22 20 13 19 17 13 16 -0.046571 20 725 726
647 13 0 1 0 32 24 13 14 29 28 14 15 -0.034673 11 727 728
648 13 1 0 5 1 4 4 1 0 0 24 
649 13 0 1 0 1 33 13 15 3 15 17 15 -0.0206854 12 729 730
650 13 1 0 7 1 4 4 3 0 0 34 
651 13 0 1 0 25 20 18 12 19 9 19 16 -0.136364 28 731 732
652 13 0 1 0 29 24 17 14 33 29 13 12 -0.112425 -10 733 734
653 13 1 0 18 1 4 0 18 0 0 94 
654 13 1 0 2 1 4 0 1 1 0 95 
655 13 0 1 0 11 3 15 20 26 23 13 14 -0.0277778 -14 735 736
656 13 0 1 0 23 25 15 14 24 13 13 13 -0.236347 2 737 738
657 13 1 0 8 1 4 8 0 0 0 119 
658 13 1 0 3 1 4 0 3 0 0 120 
659 13 0 1 0 26 29 13 12 27 5 13 18 -0.0526316 101 739 740
660 13 0 1 0 8 27 16 12 20 14 20 13 -0.222382 7 741 742
661 13 0 1 0 9 22 13 19 17 13 17 14 -0.0291812 13 743 744
662 13 1 0 2 1 4 0 0 1 1 132 
663 13 1 0 7 1 4 7 0 0 0 135 
664 13 0 1 0 3 11 14 20 6 29 18 16 -0.2 -34 745 746
665 13 1 0 6 1 4 0 0 5 1 143 
666 13 0 1 0 5 25 15 15 2 29 17 12 -0.125249 -1 747 748
667 13 0 1 0 30 26 15 16 25 13 13 20 -0.0754201 -3 749 750
668 13 0 1 0 27 31 14 15 6 6 17 19 -0.123077 54 751 752
669 13 1 0 2 1 4 0 1 1 0 221 
670 13 1 0 17 1 4 0 17 0 0 222 
671 13 1 0 6 1 4 5 1 0 0 225 
672 13 0 1 0 32 22 14 15 25 29 17 14 -0.191495 -48 753 754
673 13 1 0 2 1 4 0 0 1 1 237 
674 13 1 0 31 1 4 0 0 31 0 238 
675 13 1 0 5 1 4 0 1 3 1 239 
676 13 0 1 0 0 21 18 20 19 32 14 18 -0 -24 755 756
677 13 1 0 15 1 4 0 0 0 15 242 
678 13 1 0 2 1 4 0 0 1 1 243 
679 13 1 0 11 1 4 0 11 0 0 245 
680 13 1 0 2 1 4 0 0 2 0 246 
681 13 1 0 2 1 4 1 1 0 0 247 
682 13 0 1 0 11 23 14 12 19 30 13 12 -0.105457 -33 757 758
683 13 1 0 23 1 4 23 0 0 0 261 
684 13 1 0 2 1 4 1 1 0 0 262 
685 13 0 1 0 23 10 19 12 19 16 12 20 -0.0769608 21 759 760
686 13 1 0 8 1 4 0 0 1 7 268 
687 13 1 0 2 1 4 1 1 0 0 300 
688 13 1 0 125 1 4 125 0 0 0 301 
689 13 1 0 2 1 4 1 1 0 0 303 
690 13 1 0 9 1 4 9 0 0 0 304 
691 13 1 0 2 1 4 0 0 1 1 306 
692 13 0 1 0 23 23 12 14 2 22 12 16 -0.0288448 131 761 762
693 13 1 0 5 1 4 1 2 2 0 317 
694 13 0 1 0 9 19 18 16 5 2 20 20 -0.0473747 76 763 764
695 13 1 0 9 1 4 9 0 0 0 340 
696 13 1 0 3 1 4 0 3 0 0 341 
697 13 1 0 2 1 4 2 0 0 0 350 
698 13 0 1 0 4 15 13 20 15 17 20 18 -0.0125 -22 765 766
699 13 1 0 3 1 4 3 0 0 0 354 
700 13 1 0 9 1 4 0 9 0 0 355 
701 13 0 1 0 2 15 20 19 13 5 17 15 -0.03125 -3 767 768
702 13 1 0 2 1 4 0 0 1 1 365 
703 13 1 0 4 1 4 3 0 0 1 366 
704 13 0 1 0 17 28 18 19 14 30 13 19 -0.00807447 9 769 770
705 13 1 0 2 1 4 0 2 0 0 373 
706 13 1 0 62 1 4 62 0 0 0 374 
707 13 1 0 6 1 4 6 0 0 0 377 
708 13 0 1 0 23 8 17 16 9 19 18 15 -0.0445465 -3 771 772
709 13 1 0 6 1 4 0 6 0 0 397 
710 13 0 1 0 8 19 20 14 24 26 20 12 -0 -64 773 774
711 13 1 0 4 1 4 0 0 0 4 400 
712 13 0 1 0 22 10 18 12 22 15 18 16 -0.10676 23 775 776
713 13 1 0 8 1 4 1 3 2 2 436 
714 13 0 1 0 27 32 14 13 30 26 16 14 -0.0380597 0 777 778
715 13 1 0 4 1 4 0 0 0 4 440 
716 13 0 1 0 19 23 16 18 28 27 12 13 -0 25 779 780
717 13 1 0 8 1 4 7 1 0 0 445 
718 13 0 1 0 19 18 12 19 2 28 12 19 -0.172549 36 781 782
719 13 1 0 41 1 4 0 41 0 0 462 
720 13 1 0 2 1 4 0 1 0 1 463 
721 13 0 1 0 27 14 16 14 23 31 13 19 -0.0236874 -18 783 784
722 13 1 0 7 1 4 2 0 0 5 513 
723 13 0 1 0 24 17 14 15 19 19 14 20 -0.0532512 34 785 786
724 13 0 1 0 6 3 12 16 5 32 15 15 -0 -25 787 788
725 14 0 1 0 12 27 13 16 26 29 16 15 -0.0151515 54 789 790
726 14 1 0 5 1 4 1 4 0 0 18 
727 14 0 1 0 12 11 14 12 9 5 20 17 -0.0208174 3 791 792
728 14 1 0 3 1 4 3 0 0 0 23 
729 14 0 1 0 6 34 12 14 13 29 15 18 -0.013578 -10 793 794
730 14 1 0 5 1 4 4 1 0 0 33 
731 14 1 0 8 1 4 0 0 6 2 41 
732 14 1 0 3 1 4 0 3 0 0 42 
733 14 1 0 6 1 4 0 1 4 1 43 
734 14 0 1 0 19 31 14 19 27 28 16 14 -0.0699875 13 795 796
735 14 1 0 6 1 4 1 5 0 0 102 
736 14 1 0 24 1 4 24 0 0 0 103 
737 14 1 0 3 1 4 0 0 0 3 104 
738 14 0 1 0 20 7 12 13 24 20 13 20 -0.196933 18 797 798
739 14 1 0 15 1 4 0 0 0 15 121 
740 14 1 0 4 1 4 0 2 2 0 122 
741 14 1 0 4 1 4 3 1 0 0 123 
742 14 0 1 0 2 27 15 12 2 28 19 17 -0.141975 5 799 800
743 14 0 1 0 12 24 17 19 23 29 18 13 -0 -22 801 802
744 14 1 0 2 1 4 0 1 1 0 131 
745 14 1 0 5 1 4 0 1 2 2 136 
746 14 0 1 0 14 11 20 17 21 28 19 16 -0.063857 -2 803 804
747 14 0 1 0 26 25 13 14 25 26 19 16 -0.214286 -10 805 806
748 14 0 1 0 1 33 13 19 14 3 17 17 -0.0366876 -4 807 808
749 14 0 1 0 9 19 12 19 15 24 20 20 -0 -28 809 810
750 14 0 1 0 17 17 13 12 13 21 14 17 -0.0694568 14 811 812
751 14 1 0 3 1 4 3 0 0 0 218 
752 14 0 1 0 4 28 13 16 4 23 13 14 -0 30 813 814
753 14 0 1 0 11 34 13 16 9 33 13 19 -0.0138889 10 815 816
754 14 0 1 0 8 15 17 15 31 31 16 13 -0.372308 -12 817 818
755 14 1 0 7 1 4 0 7 0 0 240 
756 14 1 0 3 1 4 3 0 0 0 241 
757 14 0 1 0 4 1 15 17 20 7 19 12 -0.0666667 11 819 820
758 14 0 1 0 21 31 16 17 26 30 15 20 -0.0308107 15 821 822
759 14 0 1 0 28 11 20 16 2 6 15 18 -0.0222222 101 823 824
760 14 1 0 4 1 4 0 3 1 0 267 
761 14 0 1 0 25 2 14 19 27 22 17 14 -0.0179235 -32 825 826
762 14 1 0 2 1 4 1 1 0 0 310 
763 14 0 1 0 8 24 16 15 16 8 16 13 -0.041286 11 827 828
764 14 1 0 4 1 4 2 0 1 1 338 
765 14 1 0 38 1 4 0 38 0 0 351 
766 14 1 0 2 1 4 0 1 1 0 352 
767 14 1 0 14 1 4 0 14 0 0 363 
768 14 1 0 2 1 4 1 1 0 0 364 
769 14 0 1 0 4 23 15 16 9 24 16 15 -0.00187266 2 829 830
770 14 1 0 5 1 4 2 3 0 0 369 
771 14 0 1 0 5 34 12 16 14 29 16 13 -0.00769231 -16 831 832
772 14 1 0 2 1 4 0 1 0 1 380 
773 14 1 0 2 1 4 0 2 0 0 398 
774 14 1 0 21 1 4 21 0 0 0 399 
775 14 0 1 0 5 33 12 16 24 28 18 13 -0.0956452 -26 833 834
776 14 1 0 9 1 4 0 5 0 4 435 
777 14 1 0 5 1 4 0 4 1 0 437 
778 14 0 1 0 15 31 16 13 7 14 16 16 -0.00995025 -1 835 836
779 14 1 0 30 1 4 0 30 0 0 441 
780 14 1 0 4 1 4 4 0 0 0 442 
781 14 1 0 2 1 4 0 1 0 1 446 
782 14 0 1 0 13 24 20 13 33 20 13 12 -0.0333333 109 837 838
783 14 0 1 0 21 0 14 18 9 30 15 15 -0.230193 -64 839 840
784 14 0 1 0 28 26 18 18 16 22 18 19 -0.0116095 4 841 842
785 14 0 1 0 23 13 16 20 4 24 15 14 -0.0327016 3 843 844
786 14 1 0 2 1 4 1 0 0 1 528 
787 14 1 0 3 1 4 3 0 0 0 529 
788 14 1 0 11 1 4 0 0 0 11 530 
789 15 1 0 31 1 4 31 0 0 0 16 
790 15 1 0 2 1 4 1 1 0 0 17 
791 15 1 0 2 1 4 2 0 0 0 19 
792 15 0 1 0 10 14 14 16 12 9 20 14 -0.00714173 1 845 846
793 15 0 1 0 12 24 16 14 8 28 14 16 -0.00790039 1 847 848
794 15 1 0 3 1 4 0 1 0 2 32 
795 15 0 1 0 2 28 12 15 7 11 18 16 -0 -18 849 850
796 15 0 1 0 32 3 13 13 13 1 15 16 -0.0249482 9 851 852
797 15 0 1 0 9 27 19 14 1 23 20 15 -0.174436 49 853 854
798 15 1 0 2 1 4 0 0 0 2 117 
799 15 0 1 0 14 21 20 15 7 25 17 20 -0.1 7 855 856
800 15 1 0 6 1 4 0 6 0 0 128 
801 15 1 0 2 1 4 0 2 0 0 129 
802 15 1 0 80 1 4 80 0 0 0 130 
803 15 0 1 0 20 29 18 17 14 8 20 20 -0 9 857 858
804 15 1 0 2 1 4 2 0 0 0 139 
805 15 1 0 10 1 4 0 0 0 10 144 
806 15 1 0 4 1 4 1 0 3 0 145 
807 15 1 0 2 1 4 0 1 0 1 146 
808 15 0 1 0 9 2 18 15 3 14 14 19 -0.00628931 4 859 860
809 15 1 0 15 1 4 0 0 0 15 158 
810 15 1 0 7 1 4 0 0 7 0 159 
811 15 0 1 0 19 13 19 12 29 31 14 15 -0.0657496 4 861 862
812 15 1 0 5 1 4 3 2 0 0 217 
813 15 1 0 8 1 4 0 8 0 0 219 
814 15 1 0 2 1 4 0 0 2 0 220 
815 15 1 0 90 1 4 0 90 0 0 226 
816 15 1 0 6 1 4 0 4 2 0 227 
817 15 0 1 0 32 3 13 13 6 8 16 16 -0.282692 4 863 864
818 15 0 1 0 0 28 19 14 20 13 14 18 -0.107143 54 865 866
819 15 1 0 5 1 4 0 1 4 0 248 
820 15 1 0 7 1 4 0 0 0 7 249 
821 15 0 1 0 7 33 13 20 9 29 13 14 -0.00568182 11 867 868
822 15 1 0 9 1 4 0 6 3 0 252 
823 15 1 0 27 1 4 0 0 27 0 265 
824 15 1 0 3 1 4 0 0 1 2 266 
825 15 0 1 0 21 13 14 20 20 21 13 14 -0.00617284 -64 869 870
826 15 1 0 2 1 4 0 1 1 0 309 
827 15 0 1 0 20 18 15 19 22 22 14 20 -0.0317251 -15 871 872
828 15 0 1 0 16 8 20 17 27 11 17 14 -0.119792 20 873 874
829 15 1 0 265 1 4 265 0 0 0 367 
830 15 1 0 2 1 4 1 1 0 0 368 
831 15 1 0 63 1 4 0 63 0 0 378 
832 15 1 0 2 1 4 1 1 0 0 379 
833 15 0 1 0 4 31 13 15 11 5 14 12 -0.0897359 10 875 876
834 15 1 0 3 1 4 0 1 0 2 434 
835 15 1 0 3 1 4 1 2 0 0 438 
836 15 1 0 64 1 4 64 0 0 0 439 
837 15 1 0 13 1 4 0 13 0 0 447 
838 15 1 0 2 1 4 1 1 0 0 448 
839 15 0 1 0 26 8 20 13 23 25 17 20 -0.136054 -11 877 878
840 15 1 0 5 1 4 0 4 0 1 502 
841 15 0 1 0 0 25 18 16 3 23 20 14 -0.011137 3 879 880
842 15 1 0 2 1 4 0 0 2 0 512 
843 15 1 0 7 1 4 0 0 5 2 524 
844 15 0 1 0 19 16 20 17 16 20 19 15 -0.024193 -16 881 882
845 16 1 0 2 1 4 0 0 2 0 20 
846 16 0 1 0 31 11 18 14 28 2 20 13 -0.00364964 63 883 884
847 16 1 0 4 1 4 3 1 0 0 25 
848 16 0 1 0 25 33 12 18 24 25 12 19 -0.006451 -4 885 886
849 16 1 0 4 1 4 0 4 0 0 44 
850 16 1 0 8 1 4 8 0 0 0 45 
851 16 0 1 0 13 8 14 16 10 2 17 17 -0.0179028 -9 887 888
852 16 1 0 2 1 4 0 0 1 1 50 
853 16 0 1 0 14 8 13 19 0 10 19 18 -0.153725 30 889 890
854 16 1 0 4 1 4 4 0 0 0 116 
855 16 0 1 0 4 2 20 14 29 0 14 13 -0.0442428 -19 891 892
856 16 1 0 5 1 4 0 4 1 0 127 
857 16 1 0 2 1 4 0 0 2 0 137 
858 16 1 0 25 1 4 0 25 0 0 138 
859 16 1 0 103 1 4 0 0 0 103 147 
860 16 1 0 3 1 4 0 0 2 1 148 
861 16 0 1 0 16 34 13 19 23 33 12 16 -0.0617556 38 893 894
862 16 0 1 0 29 27 16 18 30 31 13 13 -0.136364 -9 895 896
863 16 0 1 0 1 15 17 17 20 27 19 16 -0.104167 -58 897 898
864 16 0 1 0 21 18 19 14 24 14 20 19 -0 17 899 900
865 16 0 1 0 4 3 18 19 9 5 12 13 -0 16 901 902
866 16 1 0 3 1 4 0 0 3 0 235 
867 16 1 0 86 1 4 0 0 86 0 250 
868 16 1 0 2 1 4 0 1 1 0 251 
869 16 1 0 2 1 4 0 1 1 0 307 
870 16 1 0 79 1 4 0 79 0 0 308 
871 16 1 0 6 1 4 4 0 2 0 318 
872 16 0 1 0 24 27 15 13 30 25 20 17 -0.0276696 63 903 904
873 16 1 0 4 1 4 0 0 2 2 335 
874 16 0 1 0 18 17 14 19 1 28 18 17 -0.0416667 -36 905 906
875 16 0 1 0 18 32 14 17 6 28 17 20 -0.0835537 35 907 908
876 16 0 1 0 27 31 14 20 24 29 15 18 -0.0529412 -12 909 910
877 16 1 0 35 1 4 0 0 0 35 500 
878 16 1 0 7 1 4 0 2 0 5 501 
879 16 0 1 0 25 30 15 20 28 16 19 14 -0.00657612 11 911 912
880 16 0 1 0 2 30 16 12 14 20 14 19 -0.45 10 913 914
881 16 1 0 2 1 4 0 0 2 0 525 
882 16 0 1 0 23 18 17 17 23 18 13 15 -0.0213415 -15 915 916
883 17 1 0 135 1 4 0 135 0 0 21 
884 17 1 0 2 1 4 0 1 1 0 22 
885 17 1 0 2 1 4 0 1 1 0 26 
886 17 0 1 0 10 15 18 18 7 9 16 19 -0.00510948 58 917 918
887 17 1 0 2 1 4 0 1 1 0 46 
888 17 0 1 0 17 23 13 15 9 6 19 15 -0.0109745 111 919 920
889 17 0 1 0 13 8 12 16 18 21 20 19 -0.131505 -75 921 922
890 17 1 0 2 1 4 0 0 1 1 115 
891 17 1 0 2 1 4 0 0 0 2 124 
892 17 0 1 0 27 2 17 19 10 8 19 15 -0 -4 923 924
893 17 0 1 0 7 26 17 14 10 23 18 17 -0.0595961 -22 925 926
894 17 1 0 8 1 4 0 0 1 7 214 
895 17 1 0 3 1 4 0 0 3 0 215 
896 17 1 0 8 1 4 2 6 0 0 216 
897 17 1 0 4 1 4 0 0 0 4 228 
898 17 0 1 0 29 22 19 15 25 26 17 15 -0 -21 927 928
899 17 1 0 8 1 4 0 8 0 0 231 
900 17 1 0 2 1 4 0 0 2 0 232 
901 17 1 0 18 1 4 0 18 0 0 233 
902 17 1 0 3 1 4 3 0 0 0 234 
903 17 0 1 0 16 8 14 14 9 27 15 15 -0.0254147 -17 929 930
904 17 0 1 0 26 31 14 14 11 22 13 18 -0 31 931 932
905 17 1 0 2 1 4 1 1 0 0 336 
906 17 1 0 10 1 4 10 0 0 0 337 
907 17 0 1 0 27 13 18 14 21 13 12 15 -0.23583 -23 933 934
908 17 0 1 0 33 28 13 12 25 5 15 20 -0.0668137 -7 935 936
909 17 1 0 7 1 4 0 7 0 0 431 
910 17 0 1 0 25 7 16 12 17 3 12 18 -0.05 42 937 938
911 17 0 1 0 27 15 19 20 28 18 12 18 -0.00445442 4 939 940
912 17 0 1 0 32 33 13 13 18 34 12 16 -0.1 -78 941 942
913 17 1 0 2 1 4 1 0 0 1 510 
914 17 1 0 8 1 4 0 0 0 8 511 
915 17 1 0 8 1 4 1 0 0 7 526 
916 17 1 0 361 1 4 0 0 0 361 527 
917 18 0 1 0 30 21 14 16 30 11 20 16 -0.00297051 -4 943 944
918 18 1 0 6 1 4 2 4 0 0 31 
919 18 0 1 0 31 15 16 15 14 4 14 20 -0.00373134 -36 945 946
920 18 1 0 2 1 4 1 1 0 0 49 
921 18 0 1 0 30 27 14 17 14 15 12 15 -0 -24 947 948
922 18 0 1 0 27 22 14 14 27 27 20 13 -0.106067 -11 949 950
923 18 1 0 39 1 4 0 0 39 0 125 
924 18 1 0 2 1 4 0 2 0 0 126 
925 18 1 0 3 1 4 2 0 1 0 160 
926 18 0 1 0 0 33 14 15 18 33 12 16 -0.057174 -60 951 952
927 18 1 0 2 1 4 0 2 0 0 229 
928 18 1 0 10 1 4 0 0 10 0 230 
929 18 0 1 0 1 28 19 12 7 28 12 14 -0.229822 -30 953 954
930 18 0 1 0 19 30 17 17 17 25 14 18 -0.0101913 32 955 956
931 18 1 0 5 1 4 5 0 0 0 333 
932 18 1 0 7 1 4 0 7 0 0 334 
933 18 1 0 12 1 4 12 0 0 0 401 
934 18 0 1 0 26 28 15 18 33 17 13 13 -0.147436 67 957 958
935 18 0 1 0 25 20 18 20 22 4 15 13 -0 -16 959 960
936 18 0 1 0 27 28 15 18 29 27 16 12 -0.055574 6 961 962
937 18 1 0 8 1 4 8 0 0 0 432 
938 18 1 0 2 1 4 1 1 0 0 433 
939 18 0 1 0 25 26 14 20 27 15 16 12 -0.00225568 0 963 964
940 18 0 1 0 1 16 20 13 2 15 16 14 -0.0666667 -3 965 966
941 18 1 0 18 1 4 0 0 0 18 508 
942 18 1 0 2 1 4 0 1 0 1 509 
943 19 1 0 2 1 4 1 1 0 0 27 
944 19 0 1 0 3 29 15 13 1 23 16 20 -0.00198743 -2 967 968
945 19 1 0 2 1 4 1 1 0 0 47 
946 19 1 0 132 1 4 0 132 0 0 48 
947 19 1 0 6 1 4 0 6 0 0 105 
948 19 1 0 7 1 4 0 0 7 0 106 
949 19 0 1 0 29 24 15 12 16 4 16 14 -0.0585397 -14 969 970
950 19 1 0 7 1 4 0 5 0 2 114 
951 19 0 1 0 25 12 19 13 15 19 20 14 -0.153175 -4 971 972
952 19 0 1 0 21 12 14 13 6 26 12 12 -0.0449471 28 973 974
953 19 1 0 4 1 4 1 0 0 3 319 
954 19 0 1 0 21 14 13 17 25 18 18 20 -0.0451977 2 975 976
955 19 0 1 0 0 0 17 14 0 28 19 12 -0.00952028 1 977 978
956 19 1 0 2 1 4 0 2 0 0 332 
957 19 0 1 0 8 25 13 15 6 6 20 19 -0.0396825 16 979 980
958 19 1 0 2 1 4 0 0 1 1 405 
959 19 1 0 7 1 4 0 7 0 0 406 
960 19 1 0 4 1 4 0 0 0 4 407 
961 19 0 1 0 17 29 17 18 15 29 15 20 -0.0503155 1 981 982
962 19 1 0 5 1 4 4 1 0 0 430 
963 19 1 0 1689 1 4 0 0 0 1689 503 
964 19 0 1 0 16 12 16 14 9 19 12 15 -0.0454545 22 983 984
965 19 1 0 3 1 4 0 1 0 2 506 
966 19 1 0 37 1 4 0 0 0 37 507 
967 20 0 1 0 3 12 12 12 15 27 12 16 -0.000998004 -128 985 986
968 20 1 0 3 1 4 1 2 0 0 30 
969 20 1 0 4 1 4 3 1 0 0 107 
970 20 0 1 0 27 30 17 13 32 35 12 15 -0.045977 8 987 988
971 20 0 1 0 25 19 15 14 6 24 15 16 -0.126245 -25 989 990
972 20 0 1 0 26 13 20 12 22 15 16 18 -0.0681818 8 991 992
973 20 0 1 0 9 25 13 12 13 15 19 14 -0.0427126 -9 993 994
974 20 1 0 3 1 4 1 2 0 0 213 
975 20 1 0 3 1 4 1 0 2 0 320 
976 20 1 0 56 1 4 56 0 0 0 321 
977 20 0 1 0 1 32 14 13 19 0 13 12 -0.00511612 -92 995 996
978 20 1 0 6 1 4 5 0 0 1 331 
979 20 0 1 0 28 23 15 15 12 8 18 17 -0.0238095 -23 997 998
980 20 1 0 3 1 4 3 0 0 0 404 
981 20 1 0 9 1 4 1 4 0 4 408 
982 20 0 1 0 29 25 15 12 29 26 13 17 -0.0383279 -4 999 1000
983 20 1 0 42 1 4 0 0 0 42 504 
984 20 1 0 2 1 4 0 1 0 1 505 
985 21 1 0 6 1 4 1 5 0 0 28 
986 21 1 0 829 1 4 0 829 0 0 29 
987 21 1 0 3 1 4 2 1 0 0 108 
988 21 0 1 0 30 27 15 17 17 30 14 20 -0.0373516 -38 1001 1002
989 21 0 1 0 24 18 20 12 6 28 17 18 -0 -38 1003 1004
990 21 0 1 0 27 23 12 19 24 14 12 16 -0.101956 -4 1005 1006
991 21 1 0 7 1 4 0 0 0 7 173 
992 21 1 0 4 1 4 0 0 3 1 174 
993 21 1 0 5 1 4 2 1 2 0 175 
994 21 0 1 0 13 18 17 13 15 13 12 13 -0.0391032 -5 1007 1008
995 21 1 0 2 1 4 0 2 0 0 322 
996 21 0 1 0 19 8 12 18 23 2 20 12 -0.00419376 -16 1009 1010
997 21 1 0 2 1 4 1 1 0 0 402 
998 21 1 0 19 1 4 0 19 0 0 403 
999 21 1 0 4 1 4 3 1 0 0 409 
1000 21 0 1 0 2 20 18 13 0 33 13 12 -0.0359744 -13 1011 1012
1001 22 0 1 0 18 34 12 14 35 30 13 12 -0.0235294 53 1013 1014
1002 22 1 0 6 1 4 2 4 0 0 113 
1003 22 1 0 3 1 4 0 0 3 0 161 
1004 22 1 0 8 1 4 0 0 0 8 162 
1005 22 1 0 4 1 4 0 0 0 4 163 
1006 22 0 1 0 12 22 16 20 19 22 19 19 -0.0864113 2 1015 1016
1007 22 1 0 5 1 4 0 5 0 0 176 
1008 22 0 1 0 17 12 15 13 28 31 13 16 -0.0378874 1 1017 1018
1009 22 1 0 2 1 4 0 2 0 0 323 
1010 22 0 1 0 4 27 12 16 2 33 14 16 -0.00326793 -74 1019 1020
1011 22 1 0 2 1 4 2 0 0 0 410 
1012 22 0 1 0 27 31 14 16 16 8 20 20 -0.0342521 -15 1021 1022
1013 23 1 0 5 1 4 0 3 2 0 109 
1014 23 0 1 0 12 3 12 17 26 6 15 18 -0.0113912 -14 1023 1024
1015 23 0 1 0 10 16 15 18 11 16 13 20 -0.0601546 -6 1025 1026
1016 23 1 0 3 1 4 1 1 1 0 172 
1017 23 0 1 0 35 34 12 12 11 8 20 17 -0.0364991 -1 1027 1028
1018 23 1 0 3 1 4 0 0 0 3 212 
1019 23 1 0 2 1 4 0 2 0 0 324 
1020 23 0 1 0 28 29 17 18 26 28 14 14 -0.0029637 -25 1029 1030
1021 23 1 0 2 1 4 0 1 0 1 411 
1022 23 0 1 0 2 21 17 15 0 19 20 12 -0.0307104 -2 1031 1032
1023 24 1 0 2 1 4 0 1 1 0 110 
1024 24 0 1 0 15 4 16 15 25 5 19 16 -0.00387597 -6 1033 1034
1025 24 1 0 5 1 4 0 0 1 4 164 
1026 24 0 1 0 14 10 19 15 2 2 18 17 -0.0450259 -4 1035 1036
1027 24 0 1 0 1 12 20 13 26 6 13 18 -0 13 1037 1038
1028 24 0 1 0 0 31 13 16 30 18 16 12 -0.0344098 131 1039 1040
1029 24 1 0 6 1 4 4 2 0 0 325 
1030 24 0 1 0 3 1 15 19 4 28 19 19 -0.00208008 -8 1041 1042
1031 24 1 0 2 1 4 0 1 0 1 412 
1032 24 0 1 0 14 28 12 18 4 31 14 19 -0.0277526 10 1043 1044
1033 25 1 0 2 1 4 1 1 0 0 111 
1034 25 1 0 127 1 4 0 127 0 0 112 
1035 25 1 0 2 1 4 0 2 0 0 165 
1036 25 0 1 0 9 10 18 17 9 0 16 12 -0.0345341 -5 1045 1046
1037 25 1 0 6 1 4 0 6 0 0 177 
1038 25 1 0 4 1 4 0 0 4 0 178 
1039 25 0 1 0 23 35 12 17 20 31 14 17 -0.0332173 47 1047 1048
1040 25 1 0 3 1 4 0 3 0 0 211 
1041 25 0 1 0 15 1 17 13 15 5 16 18 -0.00117835 28 1049 1050
1042 25 1 0 7 1 4 5 2 0 0 330 
1043 25 1 0 3 1 4 0 1 2 0 413 
1044 25 0 1 0 17 7 13 17 26 23 19 14 -0.0264664 3 1051 1052
1045 26 1 0 2 1 4 0 0 0 2 166 
1046 26 0 1 0 16 25 14 18 23 26 17 17 -0.0235269 11 1053 1054
1047 26 0 1 0 14 9 14 16 16 9 12 13 -0.0311898 -6 1055 1056
1048 26 1 0 3 1 4 0 3 0 0 210 
1049 26 0 1 0 20 5 16 13 28 22 19 12 -0.000913327 -19 1057 1058
1050 26 1 0 2 1 4 1 1 0 0 329 
1051 26 0 1 0 30 21 14 12 27 8 13 13 -0.0160689 -15 1059 1060
1052 26 0 1 0 8 11 20 16 3 17 17 20 -0.152381 17 1061 1062
1053 27 0 1 0 26 20 17 20 2 0 14 17 -0.011976 6 1063 1064
1054 27 1 0 2 1 4 0 0 0 2 171 
1055 27 1 0 5 1 4 2 1 2 0 179 
1056 27 0 1 0 31 32 15 16 29 6 18 18 -0.027896 -1 1065 1066
1057 27 0 1 0 32 31 14 15 27 24 14 15 -0.010929 0 1067 1068
1058 27 1 0 2057 1 4 2057 0 0 0 328 
1059 27 1 0 4 1 4 2 2 0 0 414 
1060 27 0 1 0 4 27 18 12 19 2 18 17 -0.0147117 7 1069 1070
1061 27 1 0 7 1 4 0 4 0 3 428 
1062 27 1 0 38 1 4 0 38 0 0 429 
1063 28 1 0 2 1 4 0 0 0 2 167 
1064 28 0 1 0 35 5 13 12 18 12 13 15 -0.00905373 -52 1071 1072
1065 28 1 0 4 1 4 0 4 0 0 180 
1066 28 0 1 0 20 22 16 17 25 28 15 12 -0.0270811 9 1073 1074
1067 28 1 0 3 1 4 1 2 0 0 326 
1068 28 1 0 58 1 4 58 0 0 0 327 
1069 28 0 1 0 21 9 18 17 28 31 12 15 -0.0137736 4 1075 1076
1070 28 1 0 2 1 4 1 1 0 0 427 
1071 29 1 0 2 1 4 0 1 1 0 168 
1072 29 0 1 0 29 24 19 15 26 25 13 17 -0.00306748 20 1077 1078
1073 29 0 1 0 29 25 13 18 29 16 16 16 -0.0262396 -16 1079 1080
1074 29 1 0 2 1 4 0 0 0 2 209 
1075 29 0 1 0 5 20 14 13 0 28 13 16 -0.0100524 -8 1081 1082
1076 29 1 0 8 1 4 0 7 0 1 426 
1077 30 1 0 161 1 4 0 0 161 0 169 
1078 30 1 0 2 1 4 0 0 1 1 170 
1079 30 1 0 2 1 4 0 0 0 2 181 
1080 30 0 1 0 14 27 12 17 6 29 17 13 -0.0253278 36 1083 1084
1081 30 1 0 2 1 4 1 1 0 0 415 
1082 30 0 1 0 32 26 14 13 31 26 20 16 -0.00911752 -28 1085 1086
1083 31 0 1 0 34 15 16 13 23 5 12 15 -0.0233342 -25 1087 1088
1084 31 1 0 4 1 4 1 1 2 0 208 
1085 31 1 0 2 1 4 1 1 0 0 416 
1086 31 0 1 0 1 28 14 17 0 25 18 19 -0.00836509 -11 1089 1090
1087 32 1 0 2 1 4 0 0 0 2 182 
1088 32 0 1 0 23 30 13 15 24 34 12 16 -0.0224859 17 1091 1092
1089 32 0 1 0 2 24 20 12 9 23 16 19 -0 -83 1093 1094
1090 32 0 1 0 25 4 17 20 27 7 15 20 -0.00657895 -10 1095 1096
1091 33 0 1 0 17 6 17 18 34 26 19 13 -0.0220966 -33 1097 1098
1092 33 1 0 2 1 4 0 0 0 2 207 
1093 33 1 0 11 1 4 0 11 0 0 417 
1094 33 1 0 2 1 4 2 0 0 0 418 
1095 33 1 0 4 1 4 1 3 0 0 419 
1096 33 0 1 0 11 7 12 14 1 4 13 19 -0.00574757 79 1099 1100
1097 34 0 1 0 17 12 14 12 11 15 16 14 -0.00500499 33 1101 1102
1098 34 0 1 0 14 16 14 19 15 16 13 16 -0.0854253 -3 1103 1104
1099 34 0 1 0 1 25 15 20 5 19 19 13 -0.00485689 11 1105 1106
1100 34 1 0 8 1 4 1 7 0 0 425 
1101 35 0 1 0 20 15 12 12 11 26 18 15 -0.00448061 2 1107 1108
1102 35 1 0 2 1 4 0 1 1 0 190 
1103 35 1 0 4 1 4 2 0 2 0 191 
1104 35 0 1 0 21 32 13 20 17 21 14 17 -0.071825 65 1109 1110
1105 35 0 1 0 3 33 14 14 5 23 18 18 -0.000980392 2 1111 1112
1106 35 0 1 0 7 16 13 19 14 35 12 18 -0.037037 -43 1113 1114
1107 36 0 1 0 30 18 18 16 25 26 17 17 -0.00238235 11 1115 1116
1108 36 1 0 8 1 4 1 0 7 0 189 
1109 36 0 1 0 22 13 12 17 28 22 18 15 -0.0648413 -47 1117 1118
1110 36 1 0 6 1 4 0 4 2 0 206 
1111 36 1 0 943 1 4 0 943 0 0 420 
1112 36 0 1 0 24 15 17 20 16 10 19 14 -0.0294118 -31 1119 1120
1113 36 1 0 52 1 4 0 52 0 0 423 
1114 36 1 0 2 1 4 0 1 0 1 424 
1115 37 0 1 0 1 25 16 16 0 19 17 20 -0.0018555 -1 1121 1122
1116 37 1 0 2 1 4 0 0 1 1 188 
1117 37 1 0 2 1 4 0 0 0 2 192 
1118 37 0 1 0 3 35 12 17 8 22 17 14 -0.0608744 -14 1123 1124
1119 37 1 0 2 1 4 1 1 0 0 421 
1120 37 1 0 15 1 4 0 15 0 0 422 
1121 38 1 0 2 1 4 0 0 1 1 183 
1122 38 0 1 0 22 22 12 12 20 23 12 17 -0.00132696 20 1125 1126
1123 38 1 0 2 1 4 0 2 0 0 193 
1124 38 0 1 0 27 0 13 16 16 4 13 14 -0.0575909 14 1127 1128
1125 39 0 1 0 31 28 18 14 26 26 15 14 -0.000995997 -29 1129 1130
1126 39 1 0 2 1 4 0 0 1 1 187 
1127 39 0 1 0 26 20 18 16 21 11 19 17 -0.0501539 -1 1131 1132
1128 39 1 0 9 1 4 0 4 5 0 205 
1129 40 1 0 8 1 4 0 1 7 0 184 
1130 40 0 1 0 21 25 12 19 17 33 13 14 -0.000457387 -93 1133 1134
1131 40 1 0 3 1 4 0 0 1 2 194 
1132 40 0 1 0 18 24 15 14 19 29 16 20 -0.0460266 10 1135 1136
1133 41 1 0 7 1 4 0 0 6 1 185 
1134 41 1 0 1867 1 4 0 0 1867 0 186 
1135 41 0 1 0 11 18 12 17 10 16 16 20 -0.0378094 7 1137 1138
1136 41 1 0 3 1 4 1 0 2 0 204 
1137 42 0 1 0 24 16 20 20 7 9 16 13 -0.033504 37 1139 1140
1138 42 1 0 4 1 4 0 2 2 0 203 
1139 43 0 1 0 20 20 14 18 21 20 18 13 -0.0208282 -23 1141 1142
1140 43 0 1 0 7 8 12 12 20 24 13 13 -0.0444444 -69 1143 1144
1141 44 1 0 6 1 4 0 2 4 0 195 
1142 44 0 1 0 9 20 13 20 26 28 19 20 -0.0164353 -50 1145 1146
1143 44 1 0 12 1 4 0 0 12 0 201 
1144 44 1 0 3 1 4 1 2 0 0 202 
1145 45 1 0 2 1 4 0 0 1 1 196 
1146 45 0 1 0 17 25 12 12 14 26 13 19 -0.0138572 10 1147 1148
1147 46 0 1 0 14 22 12 15 16 19 18 15 -0.00389943 -13 1149 1150
1148 46 1 0 7 1 4 1 0 6 0 200 
1149 47 1 0 2 1 4 0 1 1 0 197 
1150 47 0 1 0 19 23 13 15 21 34 13 14 -0.00209424 -80 1151 1152
1151 48 1 0 5 1 4 0 1 4 0 198 
1152 48 1 0 377 1 4 0 0 377 0 199 
