-2147483648 -2147483648 data/trees_headpose/tree_017.txt
100 10 5000 30 30000 1 48 1 data/trees_headpose ./data/Cropped_HBO_Data_4view.txt
1 0
0 0 0 1 0 31 33 14 13 27 14 17 18 -0.953551 3 1 2
1 1 0 1 0 13 17 20 19 12 28 19 12 -0.727186 1 3 4
2 1 0 1 0 8 21 14 20 16 14 13 12 -0.678162 -1 5 6
3 2 0 1 0 25 11 20 15 0 16 12 15 -0.502433 1 7 8
4 2 0 1 0 27 31 13 15 27 26 12 16 -1.44095 -9 9 10
5 2 0 1 0 2 30 12 17 2 30 17 15 -0.652417 -2 11 12
6 2 0 1 0 0 16 13 20 1 21 20 13 -0.431477 6 13 14
7 3 0 1 0 2 30 13 14 22 29 18 20 -0.67128 37 15 16
8 3 0 1 0 12 25 20 13 21 8 14 14 -0.395269 -6 17 18
9 3 0 1 0 5 34 13 12 16 16 12 14 -1.39658 -93 19 20
10 3 0 1 0 18 1 19 18 27 0 19 17 -1.10382 4 21 22
11 3 0 1 0 34 33 12 13 31 30 13 14 -0.367589 -4 23 24
12 3 0 1 0 26 33 13 16 9 30 12 16 -0.739564 -25 25 26
13 3 0 1 0 13 0 17 13 8 5 19 13 -0.42385 18 27 28
14 3 0 1 0 5 12 15 16 6 34 13 20 -0.186022 -68 29 30
15 4 0 1 0 9 1 16 12 10 10 18 13 -0.702273 0 31 32
16 4 0 1 0 22 16 12 13 14 26 20 13 -0.0285068 -73 33 34
17 4 0 1 0 28 24 12 18 34 34 13 13 -0.914929 4 35 36
18 4 0 1 0 0 31 16 13 1 23 16 18 -0.25836 73 37 38
19 4 1 0 11 1 4 11 0 0 0 84 
20 4 0 1 0 18 28 14 14 26 5 12 19 -1.11455 -14 39 40
21 4 0 1 0 4 18 20 12 7 12 13 14 -1.04545 -3 41 42
22 4 0 1 0 19 25 17 12 15 26 20 14 -0.808292 5 43 44
23 4 0 1 0 9 32 13 14 18 26 12 18 -0.379675 43 45 46
24 4 0 1 0 16 25 12 14 8 26 19 15 -0.271592 -15 47 48
25 4 0 1 0 0 32 15 18 6 32 15 14 -0.826703 -13 49 50
26 4 0 1 0 1 29 18 18 16 28 18 19 -0.584438 -28 51 52
27 4 0 1 0 15 20 13 14 19 12 18 13 -0.366437 -9 53 54
28 4 0 1 0 30 31 15 12 21 29 15 14 -0.433227 -18 55 56
29 4 0 1 0 14 21 17 14 2 23 14 16 -0.234211 91 57 58
30 4 0 1 0 19 1 20 14 4 10 13 17 -0.155991 14 59 60
31 5 0 1 0 1 10 16 17 5 27 14 12 -0.532258 -15 61 62
32 5 0 1 0 22 21 16 20 18 6 15 18 -0.124402 3 63 64
33 5 1 0 3 1 4 0 3 0 0 16 
34 5 0 1 0 5 11 19 19 32 7 14 15 -0 3 65 66
35 5 0 1 0 2 25 12 17 1 27 20 12 -0.351027 -3 67 68
36 5 0 1 0 19 11 20 13 12 1 17 13 -0.649159 37 69 70
37 5 0 1 0 28 26 18 15 27 13 20 14 -0.242749 -9 71 72
38 5 1 0 7 1 4 7 0 0 0 83 
39 5 1 0 9 1 4 8 1 0 0 85 
40 5 0 1 0 5 15 13 15 12 11 17 16 -0.947445 -58 73 74
41 5 0 1 0 24 24 17 14 20 7 19 14 -0.364875 -1 75 76
42 5 0 1 0 19 31 14 20 21 7 19 13 -0.827273 -20 77 78
43 5 0 1 0 17 14 19 13 33 24 18 14 -1.37705 121 79 80
44 5 0 1 0 22 11 15 19 27 32 13 12 -0.372173 -2 81 82
45 5 0 1 0 28 15 13 13 24 5 17 15 -0.322652 -8 83 84
46 5 1 0 7 1 4 0 0 0 7 149 
47 5 0 1 0 7 34 12 17 11 8 19 18 -0.762868 29 85 86
48 5 0 1 0 13 12 13 14 6 18 15 19 -0.20517 10 87 88
49 5 0 1 0 5 9 14 17 8 3 16 20 -0.366471 16 89 90
50 5 0 1 0 2 23 14 19 15 17 18 16 -0.193966 2 91 92
51 5 0 1 0 12 4 19 13 14 33 12 13 -0.477015 -69 93 94
52 5 0 1 0 7 14 18 12 8 9 19 18 -0.503053 -5 95 96
53 5 0 1 0 19 20 16 17 19 25 20 17 -0.755334 -18 97 98
54 5 0 1 0 13 10 18 12 35 29 13 12 -0.303712 5 99 100
55 5 0 1 0 5 11 15 19 29 20 16 14 -0.0909091 -42 101 102
56 5 0 1 0 20 13 20 14 22 30 17 13 -0.10213 -28 103 104
57 5 0 1 0 0 30 14 18 1 28 19 13 -0 10 105 106
58 5 1 0 5 1 4 2 3 0 0 522 
59 5 0 1 0 14 12 18 13 18 11 12 14 -0.130289 0 107 108
60 5 0 1 0 17 14 16 14 23 11 16 12 -0.1875 1 109 110
61 6 0 1 0 34 13 13 12 20 15 13 16 -0.747669 -20 111 112
62 6 0 1 0 29 27 15 17 30 19 17 15 -0.116212 -2 113 114
63 6 0 1 0 27 29 13 12 27 29 18 15 -0.0451128 -3 115 116
64 6 1 0 14 1 4 0 0 0 14 15 
65 6 1 0 2 1 4 0 0 2 0 17 
66 6 1 0 63 1 4 0 0 0 63 18 
67 6 0 1 0 15 25 18 19 6 23 14 14 -0.0113636 8 117 118
68 6 0 1 0 4 18 15 13 35 17 17 12 -0.444444 0 119 120
69 6 0 1 0 6 25 20 12 3 15 13 18 -0.325926 14 121 122
70 6 0 1 0 9 19 17 16 25 2 17 13 -0.436942 8 123 124
71 6 0 1 0 0 13 18 14 5 12 17 18 -0.088006 14 125 126
72 6 0 1 0 11 20 20 18 12 25 20 12 -0.559308 -10 127 128
73 6 1 0 4 1 4 4 0 0 0 86 
74 6 0 1 0 18 1 14 18 2 10 13 19 -0.761434 -1 129 130
75 6 1 0 5 1 4 0 0 2 3 94 
76 6 0 1 0 0 25 20 13 5 11 18 16 -0.122888 -10 131 132
77 6 1 0 4 1 4 4 0 0 0 98 
78 6 0 1 0 14 26 19 15 10 27 15 20 -0.674185 5 133 134
79 6 0 1 0 11 7 14 19 17 13 12 12 -1.099 -23 135 136
80 6 1 0 12 1 4 12 0 0 0 111 
81 6 0 1 0 13 1 19 15 5 30 13 12 -0.549842 10 137 138
82 6 0 1 0 10 31 16 19 13 8 15 18 -0.154539 31 139 140
83 6 0 1 0 22 34 12 12 10 26 15 17 -0.202605 31 141 142
84 6 0 1 0 34 22 19 12 9 5 18 20 -0.274628 81 143 144
85 6 0 1 0 18 26 12 15 10 27 15 20 -0 -10 145 146
86 6 0 1 0 20 27 15 19 23 27 14 12 -0.294016 1 147 148
87 6 0 1 0 1 28 17 12 6 32 12 15 -1.07603 -49 149 150
88 6 0 1 0 28 33 14 14 15 5 18 18 -0.0994458 79 151 152
89 6 0 1 0 24 26 13 17 18 12 14 17 -0.262611 -5 153 154
90 6 0 1 0 33 31 16 12 28 23 13 18 -0.128 17 155 156
91 6 0 1 0 17 12 12 19 19 18 19 14 -0 -19 157 158
92 6 1 0 3 1 4 0 0 0 3 223 
93 6 0 1 0 24 14 16 20 26 14 13 19 -0.873792 11 159 160
94 6 0 1 0 35 26 19 12 24 5 19 14 -0.359135 -42 161 162
95 6 0 1 0 29 27 19 18 23 26 19 17 -0.251305 7 163 164
96 6 0 1 0 5 4 15 15 1 4 14 19 -0.796089 -1 165 166
97 6 0 1 0 26 26 12 16 18 34 12 14 -0.412627 -26 167 168
98 6 0 1 0 22 18 13 15 21 22 17 14 -0.374548 6 169 170
99 6 0 1 0 1 28 15 15 30 13 18 17 -0.22488 -29 171 172
100 6 0 1 0 33 27 20 14 17 3 20 17 -0.582244 -18 173 174
101 6 1 0 2 1 4 0 1 0 1 513 
102 6 1 0 20 1 4 0 0 0 20 514 
103 6 0 1 0 33 19 16 14 25 24 12 19 -0.122222 -27 175 176
104 6 0 1 0 28 13 17 12 23 4 20 20 -0.0068306 33 177 178
105 6 1 0 12 1 4 0 0 12 0 520 
106 6 1 0 7 1 4 0 0 0 7 521 
107 6 0 1 0 13 24 17 14 19 19 15 14 -0.0238095 16 179 180
108 6 0 1 0 20 24 14 15 30 24 14 16 -0.114174 -13 181 182
109 6 1 0 4 1 4 1 3 0 0 554 
110 6 1 0 8 1 4 0 0 2 6 555 
111 7 0 1 0 13 9 19 19 8 14 12 18 -0.291228 -20 183 184
112 7 0 1 0 24 28 17 14 25 23 16 15 -0.49597 7 185 186
113 7 0 1 0 16 12 12 13 7 21 20 20 -0 -14 187 188
114 7 0 1 0 22 21 17 19 18 29 18 20 -0.0524955 -4 189 190
115 7 1 0 7 1 4 0 6 1 0 13 
116 7 1 0 12 1 4 0 0 12 0 14 
117 7 1 0 2 1 4 1 1 0 0 19 
118 7 1 0 42 1 4 42 0 0 0 20 
119 7 0 1 0 23 24 20 20 27 33 14 20 -0.111111 1 191 192
120 7 1 0 3 1 4 3 0 0 0 23 
121 7 1 0 6 1 4 0 1 0 5 24 
122 7 1 0 9 1 4 7 2 0 0 25 
123 7 0 1 0 27 16 14 19 28 16 19 18 -0.357812 1 193 194
124 7 1 0 2 1 4 1 1 0 0 31 
125 7 0 1 0 31 25 19 14 28 18 19 15 -0.079693 1 195 196
126 7 1 0 4 1 4 4 0 0 0 47 
127 7 0 1 0 6 7 20 12 19 0 17 19 -0.222273 -61 197 198
128 7 0 1 0 8 19 13 12 1 12 15 14 -0.899902 7 199 200
129 7 0 1 0 27 29 18 16 26 21 20 15 -0.865577 -23 201 202
130 7 0 1 0 3 23 19 20 5 20 17 17 -0.142742 25 203 204
131 7 0 1 0 8 19 14 19 10 17 16 12 -0.0952381 10 205 206
132 7 1 0 10 1 4 10 0 0 0 97 
133 7 0 1 0 6 29 14 18 7 30 13 13 -0.197368 10 207 208
134 7 0 1 0 9 11 18 17 10 7 19 17 -0.222222 8 209 210
135 7 0 1 0 22 9 14 16 27 34 13 19 -0.69779 8 211 212
136 7 0 1 0 27 29 14 15 28 10 17 19 -0.222222 11 213 214
137 7 0 1 0 16 28 16 16 12 7 20 13 -0 19 215 216
138 7 0 1 0 12 8 13 20 29 19 18 15 -0.495927 2 217 218
139 7 0 1 0 5 20 17 15 32 34 13 12 -0.0335821 58 219 220
140 7 1 0 7 1 4 5 0 0 2 120 
141 7 0 1 0 23 26 17 20 23 26 19 14 -0.106928 -31 221 222
142 7 0 1 0 20 34 13 16 18 8 18 15 -0.115904 3 223 224
143 7 0 1 0 27 26 18 19 19 7 16 12 -0.229286 -56 225 226
144 7 1 0 7 1 4 0 1 0 6 148 
145 7 1 0 10 1 4 10 0 0 0 150 
146 7 1 0 4 1 4 0 0 4 0 151 
147 7 0 1 0 20 3 12 20 15 15 18 16 -0.14 -31 227 228
148 7 0 1 0 10 13 15 17 10 4 18 16 -0 2 229 230
149 7 0 1 0 12 14 14 14 21 9 13 18 -0.325 31 231 232
150 7 0 1 0 20 29 13 15 21 27 18 17 -0.825409 -4 233 234
151 7 0 1 0 10 32 14 13 17 29 17 14 -0.0731272 30 235 236
152 7 0 1 0 17 32 15 14 6 1 15 12 -0.387079 152 237 238
153 7 0 1 0 3 20 20 16 8 15 13 12 -0.105498 -22 239 240
154 7 0 1 0 11 20 13 15 33 26 19 14 -0.128846 18 241 242
155 7 0 1 0 24 0 15 20 4 22 18 15 -0.08 -88 243 244
156 7 1 0 5 1 4 5 0 0 0 220 
157 7 1 0 9 1 4 0 9 0 0 221 
158 7 1 0 20 1 4 20 0 0 0 222 
159 7 0 1 0 2 21 17 20 0 31 16 17 -0.586997 -22 245 246
160 7 0 1 0 31 17 18 16 32 5 18 13 -0.661082 53 247 248
161 7 0 1 0 9 25 13 20 15 8 13 18 -0.573379 -22 249 250
162 7 0 1 0 0 34 13 18 21 34 12 16 -0.31078 -38 251 252
163 7 0 1 0 21 28 16 17 12 33 14 13 -0.183003 -43 253 254
164 7 0 1 0 33 8 20 14 21 25 18 12 -0.191787 -23 255 256
165 7 0 1 0 22 10 12 15 28 8 12 18 -0.0147059 0 257 258
166 7 0 1 0 14 30 14 19 18 23 17 13 -0.838042 18 259 260
167 7 0 1 0 27 27 14 18 18 23 20 17 -0.0238095 12 261 262
168 7 0 1 0 13 29 13 20 14 28 19 20 -0.234432 -5 263 264
169 7 0 1 0 19 14 14 15 7 28 16 20 -0.0533911 -25 265 266
170 7 1 0 7 1 4 1 1 1 4 360 
171 7 0 1 0 26 4 12 17 27 9 14 20 -0.242189 -2 267 268
172 7 0 1 0 26 34 13 16 4 30 12 15 -0.209283 123 269 270
173 7 0 1 0 14 33 14 20 19 5 12 13 -0 87 271 272
174 7 0 1 0 6 25 20 16 5 8 15 19 -0.53168 39 273 274
175 7 1 0 6 1 4 1 5 0 0 515 
176 7 0 1 0 20 11 13 17 11 9 14 14 -0 31 275 276
177 7 1 0 116 1 4 116 0 0 0 518 
178 7 1 0 6 1 4 1 5 0 0 519 
179 7 1 0 19 1 4 19 0 0 0 523 
180 7 1 0 2 1 4 0 1 1 0 524 
181 7 0 1 0 23 8 13 16 6 2 20 19 -0.0875 20 277 278
182 7 0 1 0 2 33 12 14 3 26 17 15 -0.0986519 8 279 280
183 8 1 0 5 1 4 0 4 0 1 0 
184 8 0 1 0 26 19 12 13 24 32 14 20 -0.105263 -21 281 282
185 8 1 0 7 1 4 0 0 5 2 3 
186 8 0 1 0 31 8 18 15 11 1 14 13 -0.170455 -21 283 284
187 8 1 0 2 1 4 0 2 0 0 7 
188 8 1 0 10 1 4 10 0 0 0 8 
189 8 0 1 0 22 30 16 20 23 11 14 16 -0.0116212 -2 285 286
190 8 1 0 3 1 4 0 0 2 1 12 
191 8 1 0 6 1 4 0 2 4 0 21 
192 8 1 0 6 1 4 0 0 0 6 22 
193 8 1 0 5 1 4 0 4 0 1 26 
194 8 0 1 0 31 34 12 12 10 32 15 18 -0.283436 -24 287 288
195 8 0 1 0 11 25 20 17 19 20 17 13 -0.0677092 -36 289 290
196 8 1 0 3 1 4 2 0 1 0 46 
197 8 1 0 5 1 4 3 2 0 0 48 
198 8 0 1 0 1 30 12 20 5 31 13 17 -0.177907 1 291 292
199 8 0 1 0 24 18 18 20 2 13 20 14 -0.134699 10 293 294
200 8 0 1 0 20 31 14 15 15 23 19 19 -1.06842 -1 295 296
201 8 0 1 0 12 8 15 14 1 11 15 20 -0.05 -7 297 298
202 8 0 1 0 27 8 18 13 8 12 12 12 -0.297386 19 299 300
203 8 0 1 0 22 8 12 17 21 10 18 15 -0.075 -48 301 302
204 8 1 0 2 1 4 2 0 0 0 93 
205 8 1 0 19 1 4 0 19 0 0 95 
206 8 1 0 2 1 4 0 1 0 1 96 
207 8 0 1 0 30 22 19 14 24 13 17 18 -0.0576923 -6 303 304
208 8 1 0 3 1 4 3 0 0 0 102 
209 8 1 0 18 1 4 0 0 0 18 103 
210 8 1 0 3 1 4 1 1 0 1 104 
211 8 1 0 7 1 4 2 5 0 0 105 
212 8 0 1 0 4 27 20 16 5 30 15 13 -0.272593 13 305 306
213 8 1 0 9 1 4 9 0 0 0 109 
214 8 1 0 6 1 4 0 5 0 1 110 
215 8 1 0 4 1 4 0 4 0 0 112 
216 8 1 0 19 1 4 19 0 0 0 113 
217 8 1 0 9 1 4 0 3 1 5 114 
218 8 0 1 0 26 28 15 15 25 15 18 20 -0.171717 8 307 308
219 8 1 0 132 1 4 132 0 0 0 118 
220 8 1 0 2 1 4 1 0 0 1 119 
221 8 1 0 5 1 4 0 4 0 1 121 
222 8 0 1 0 0 31 12 12 17 1 12 15 -0.0339869 -63 309 310
223 8 1 0 6 1 4 6 0 0 0 125 
224 8 0 1 0 15 10 16 15 26 6 14 15 -0.0661376 -7 311 312
225 8 1 0 4 1 4 0 0 0 4 130 
226 8 0 1 0 29 6 19 12 33 5 20 14 -0.193986 -15 313 314
227 8 0 1 0 16 16 16 13 26 23 18 17 -0.05 3 315 316
228 8 1 0 5 1 4 0 0 3 2 154 
229 8 1 0 5 1 4 0 0 5 0 155 
230 8 1 0 27 1 4 0 0 0 27 156 
231 8 0 1 0 13 16 18 19 11 24 14 20 -0.0486111 -10 317 318
232 8 1 0 2 1 4 2 0 0 0 159 
233 8 0 1 0 31 17 14 16 21 12 16 19 -0.237037 -19 319 320
234 8 0 1 0 12 33 13 13 17 31 16 19 -0.613438 15 321 322
235 8 0 1 0 26 27 15 16 31 28 19 12 -0.0641405 16 323 324
236 8 1 0 3 1 4 0 0 0 3 204 
237 8 0 1 0 5 24 19 13 3 27 13 13 -0.248649 19 325 326
238 8 1 0 6 1 4 0 0 4 2 211 
239 8 1 0 5 1 4 1 3 0 1 212 
240 8 0 1 0 3 20 20 16 8 15 13 12 -0.0637283 -14 327 328
241 8 1 0 5 1 4 0 0 1 4 216 
242 8 1 0 8 1 4 1 7 0 0 217 
243 8 1 0 2 1 4 0 1 0 1 218 
244 8 1 0 23 1 4 0 23 0 0 219 
245 8 1 0 4 1 4 4 0 0 0 224 
246 8 0 1 0 9 27 19 17 12 10 15 12 -0.417529 21 329 330
247 8 0 1 0 16 34 13 18 0 15 12 18 -0.485168 142 331 332
248 8 0 1 0 4 8 12 13 12 26 13 16 -0.2 -91 333 334
249 8 0 1 0 21 21 19 18 20 14 19 18 -0.278388 -7 335 336
250 8 0 1 0 18 1 12 20 7 29 18 14 -0.239722 -38 337 338
251 8 0 1 0 24 29 14 20 4 30 13 18 -0.275266 -4 339 340
252 8 0 1 0 11 21 17 20 17 31 16 13 -0.149855 -34 341 342
253 8 1 0 3 1 4 0 0 0 3 321 
254 8 0 1 0 2 29 14 17 22 33 14 14 -0.147338 -36 343 344
255 8 1 0 5 1 4 4 1 0 0 336 
256 8 0 1 0 5 16 14 13 8 25 16 20 -0 -9 345 346
257 8 1 0 2 1 4 1 1 0 0 339 
258 8 1 0 32 1 4 32 0 0 0 340 
259 8 0 1 0 10 31 15 16 18 28 17 19 -0.731805 3 347 348
260 8 0 1 0 2 13 13 12 4 2 19 15 -0.0576923 11 349 350
261 8 1 0 19 1 4 0 0 0 19 352 
262 8 1 0 2 1 4 0 0 1 1 353 
263 8 1 0 7 1 4 0 0 4 3 354 
264 8 1 0 6 1 4 2 4 0 0 355 
265 8 1 0 3 1 4 0 0 2 1 356 
266 8 0 1 0 16 28 17 15 19 27 14 18 -0.0156128 -6 351 352
267 8 0 1 0 21 28 17 15 10 19 13 13 -0.162942 137 353 354
268 8 1 0 7 1 4 1 2 4 0 367 
269 8 0 1 0 4 31 14 19 3 30 15 12 -0.202885 22 355 356
270 8 0 1 0 9 23 15 14 16 23 13 18 -0.0113636 -40 357 358
271 8 1 0 52 1 4 0 0 0 52 482 
272 8 1 0 5 1 4 0 5 0 0 483 
273 8 0 1 0 20 27 20 17 11 14 17 17 -0.273863 20 359 360
274 8 0 1 0 0 26 19 16 3 29 18 15 -0.474398 -17 361 362
275 8 1 0 13 1 4 0 0 13 0 516 
276 8 1 0 2 1 4 0 0 0 2 517 
277 8 1 0 8 1 4 0 1 7 0 525 
278 8 1 0 2 1 4 0 0 0 2 526 
279 8 0 1 0 35 32 15 12 31 30 12 15 -0.0754762 20 363 364
280 8 0 1 0 25 25 17 13 33 30 17 12 -0.0603372 3 365 366
281 9 1 0 2 1 4 0 1 0 1 1 
282 9 1 0 17 1 4 0 0 0 17 2 
283 9 1 0 2 1 4 0 0 0 2 4 
284 9 0 1 0 19 24 18 16 14 27 18 12 -0 -17 367 368
285 9 1 0 3 1 4 3 0 0 0 9 
286 9 0 1 0 27 18 18 18 27 13 13 20 -0.00609756 -4 369 370
287 9 0 1 0 18 3 18 15 13 1 18 20 -0.119172 38 371 372
288 9 1 0 7 1 4 2 1 0 4 30 
289 9 1 0 7 1 4 4 0 0 3 32 
290 9 0 1 0 16 2 13 19 8 25 17 18 -0.0549716 8 373 374
291 9 0 1 0 9 0 13 18 8 12 19 20 -0.155093 10 375 376
292 9 1 0 3 1 4 2 1 0 0 62 
293 9 1 0 3 1 4 1 2 0 0 63 
294 9 0 1 0 5 23 14 13 23 6 16 19 -0.10107 7 377 378
295 9 0 1 0 30 9 13 16 18 14 15 13 -0.447349 -36 379 380
296 9 0 1 0 15 3 19 12 19 30 16 15 -0.90404 -64 381 382
297 9 1 0 2 1 4 0 0 1 1 87 
298 9 1 0 8 1 4 0 0 0 8 88 
299 9 1 0 8 1 4 0 0 6 2 89 
300 9 1 0 9 1 4 8 0 1 0 90 
301 9 1 0 2 1 4 1 0 0 1 91 
302 9 1 0 58 1 4 0 0 0 58 92 
303 9 1 0 3 1 4 0 0 0 3 99 
304 9 0 1 0 11 12 15 20 23 24 13 12 -0.0384615 -40 383 384
305 9 0 1 0 7 4 12 18 21 4 20 12 -0 -58 385 386
306 9 1 0 2 1 4 2 0 0 0 108 
307 9 1 0 4 1 4 4 0 0 0 115 
308 9 0 1 0 23 34 13 17 15 9 15 12 -0.111111 38 387 388
309 9 1 0 4 1 4 0 4 0 0 122 
310 9 0 1 0 23 29 13 17 30 35 12 12 -0 29 389 390
311 9 1 0 3 1 4 3 0 0 0 126 
312 9 0 1 0 34 16 16 12 14 15 12 17 -0.0232143 1 391 392
313 9 1 0 17 1 4 17 0 0 0 131 
314 9 0 1 0 31 28 17 15 26 11 17 16 -0.175537 -8 393 394
315 9 1 0 8 1 4 0 8 0 0 152 
316 9 1 0 2 1 4 1 1 0 0 153 
317 9 1 0 8 1 4 0 1 7 0 157 
318 9 1 0 10 1 4 0 0 0 10 158 
319 9 1 0 3 1 4 1 2 0 0 160 
320 9 0 1 0 2 12 20 15 19 17 14 19 -0 -27 395 396
321 9 0 1 0 24 23 19 18 18 16 20 20 -0.330527 12 397 398
322 9 0 1 0 24 19 17 12 13 6 19 19 -0.0666667 -20 399 400
323 9 0 1 0 14 26 12 15 8 28 19 17 -0.0510298 -20 401 402
324 9 1 0 8 1 4 1 4 0 3 203 
325 9 0 1 0 16 31 16 14 16 4 20 15 -0.0919449 93 403 404
326 9 0 1 0 7 29 16 18 3 30 13 16 -0.0722222 48 405 406
327 9 1 0 7 1 4 0 2 0 5 213 
328 9 0 1 0 25 25 15 15 19 8 20 17 -0.0236453 -4 407 408
329 9 1 0 6 1 4 1 5 0 0 225 
330 9 0 1 0 24 13 18 15 23 35 12 16 -0.262135 -4 409 410
331 9 0 1 0 25 35 12 19 25 28 18 19 -0.339339 28 411 412
332 9 1 0 8 1 4 0 2 0 6 237 
333 9 1 0 8 1 4 0 0 0 8 238 
334 9 1 0 2 1 4 0 1 0 1 239 
335 9 1 0 5 1 4 5 0 0 0 240 
336 9 0 1 0 3 26 16 12 3 17 18 14 -0 3 413 414
337 9 1 0 3 1 4 1 2 0 0 243 
338 9 0 1 0 9 9 20 17 15 18 14 19 -0 -4 415 416
339 9 0 1 0 0 20 15 18 19 0 19 16 -0.25 -8 417 418
340 9 0 1 0 14 11 13 14 3 23 17 20 -0.250245 2 419 420
341 9 1 0 6 1 4 0 0 0 6 316 
342 9 0 1 0 11 9 14 20 2 22 19 13 -0.0793356 17 421 422
343 9 0 1 0 1 17 17 15 32 14 15 15 -0.375 3 423 424
344 9 0 1 0 24 22 19 12 26 0 14 19 -0.0915233 124 425 426
345 9 1 0 5 1 4 0 0 0 5 337 
346 9 1 0 13 1 4 0 0 13 0 338 
347 9 0 1 0 13 11 14 19 17 7 12 12 -0.338761 -9 427 428
348 9 0 1 0 25 14 20 16 16 9 18 18 -0.392399 -32 429 430
349 9 1 0 9 1 4 0 0 0 9 350 
350 9 1 0 4 1 4 0 1 3 0 351 
351 9 1 0 2 1 4 0 2 0 0 357 
352 9 0 1 0 25 12 14 18 20 22 19 19 -0.00819672 -46 431 432
353 9 0 1 0 19 1 16 17 17 2 16 19 -0.0954721 1 433 434
354 9 1 0 4 1 4 0 1 3 0 366 
355 9 0 1 0 4 9 20 17 18 3 15 14 -0.161256 -16 435 436
356 9 0 1 0 29 22 19 18 26 11 16 18 -0.241311 0 437 438
357 9 1 0 2 1 4 0 1 1 0 480 
358 9 1 0 42 1 4 0 42 0 0 481 
359 9 0 1 0 14 4 13 17 13 0 19 17 -0.190603 3 439 440
360 9 0 1 0 27 17 17 19 24 22 17 16 -0.0855856 -11 441 442
361 9 0 1 0 2 15 16 14 31 23 16 14 -0.497024 -29 443 444
362 9 0 1 0 22 3 19 14 31 25 18 14 -0.25847 9 445 446
363 9 0 1 0 24 9 19 12 23 21 15 18 -0.0591079 8 447 448
364 9 0 1 0 17 17 14 16 25 7 18 15 -0.0550357 57 449 450
365 9 1 0 26 1 4 26 0 0 0 550 
366 9 0 1 0 22 6 13 18 1 3 14 15 -0.0414079 -44 451 452
367 10 1 0 15 1 4 0 15 0 0 5 
368 10 1 0 5 1 4 5 0 0 0 6 
369 10 1 0 2 1 4 0 1 1 0 10 
370 10 1 0 80 1 4 0 80 0 0 11 
371 10 0 1 0 4 23 18 20 17 7 15 16 -0.0405405 -10 453 454
372 10 1 0 3 1 4 1 1 0 1 29 
373 10 0 1 0 0 31 16 16 5 28 19 12 -0.0471269 11 455 456
374 10 1 0 4 1 4 0 3 0 1 45 
375 10 0 1 0 3 19 15 16 2 32 13 13 -0.127826 12 457 458
376 10 1 0 7 1 4 0 3 3 1 61 
377 10 0 1 0 26 19 13 18 26 24 15 18 -0.0705882 11 459 460
378 10 1 0 3 1 4 0 0 3 0 66 
379 10 0 1 0 10 21 13 13 8 27 16 16 -0.287582 -25 461 462
380 10 1 0 3 1 4 3 0 0 0 71 
381 10 0 1 0 7 3 12 18 14 28 18 13 -0.0972222 -116 463 464
382 10 0 1 0 6 28 17 13 14 33 12 18 -0.688603 -13 465 466
383 10 1 0 2 1 4 0 1 1 0 100 
384 10 1 0 11 1 4 0 0 11 0 101 
385 10 1 0 2 1 4 0 2 0 0 106 
386 10 1 0 23 1 4 0 0 0 23 107 
387 10 1 0 16 1 4 0 16 0 0 116 
388 10 1 0 2 1 4 0 1 0 1 117 
389 10 1 0 78 1 4 78 0 0 0 123 
390 10 1 0 3 1 4 0 3 0 0 124 
391 10 0 1 0 14 26 14 20 28 28 13 19 -0.0125 -10 467 468
392 10 1 0 2 1 4 0 0 2 0 129 
393 10 0 1 0 19 30 15 20 17 21 15 20 -0.0444444 14 469 470
394 10 0 1 0 7 30 15 19 15 31 15 15 -0.143925 3 471 472
395 10 1 0 6 1 4 0 0 0 6 161 
396 10 1 0 9 1 4 0 0 9 0 162 
397 10 0 1 0 10 0 18 15 11 9 13 20 -0.203119 -10 473 474
398 10 0 1 0 2 23 19 15 10 8 20 17 -0.05 -15 475 476
399 10 1 0 3 1 4 2 1 0 0 172 
400 10 1 0 7 1 4 0 0 0 7 173 
401 10 0 1 0 16 13 13 15 13 11 17 13 -0.163265 15 477 478
402 10 0 1 0 25 29 16 15 9 31 14 13 -0.0406461 73 479 480
403 10 0 1 0 26 31 16 19 22 16 12 19 -0 26 481 482
404 10 1 0 3 1 4 0 0 2 1 207 
405 10 0 1 0 1 26 14 14 12 28 16 18 -0.0277778 -85 483 484
406 10 1 0 2 1 4 0 1 1 0 210 
407 10 1 0 138 1 4 0 0 0 138 214 
408 10 1 0 7 1 4 0 1 0 6 215 
409 10 0 1 0 6 6 15 19 9 31 12 19 -0.156342 -46 485 486
410 10 1 0 3 1 4 2 1 0 0 230 
411 10 0 1 0 28 25 18 17 27 29 12 20 -0.221429 -21 487 488
412 10 1 0 2 1 4 0 0 0 2 236 
413 10 1 0 19 1 4 0 19 0 0 241 
414 10 1 0 2 1 4 0 0 0 2 242 
415 10 1 0 29 1 4 0 0 0 29 244 
416 10 1 0 2 1 4 0 2 0 0 245 
417 10 1 0 14 1 4 0 0 0 14 246 
418 10 0 1 0 31 17 14 14 1 1 18 19 -0.35 -46 489 490
419 10 0 1 0 33 29 14 14 21 32 14 15 -0.17004 -39 491 492
420 10 0 1 0 16 32 12 18 3 35 12 20 -0.231552 25 493 494
421 10 1 0 6 1 4 0 5 1 0 317 
422 10 0 1 0 32 34 13 13 29 28 18 16 -0.0133177 -2 495 496
423 10 1 0 6 1 4 0 1 1 4 322 
424 10 0 1 0 9 31 12 16 1 17 12 20 -0 9 497 498
425 10 0 1 0 11 13 17 17 10 19 16 16 -0.0677142 -16 499 500
426 10 0 1 0 15 6 17 14 5 1 14 15 -0.153846 74 501 502
427 10 1 0 4 1 4 4 0 0 0 341 
428 10 0 1 0 13 23 18 13 16 20 17 12 -0.179106 -5 503 504
429 10 1 0 5 1 4 0 0 1 4 346 
430 10 0 1 0 19 6 18 14 32 14 19 12 -0.164815 6 505 506
431 10 1 0 2 1 4 1 1 0 0 358 
432 10 1 0 59 1 4 59 0 0 0 359 
433 10 0 1 0 3 7 13 13 3 3 17 20 -0.0288221 -3 507 508
434 10 0 1 0 30 11 18 12 1 32 13 19 -0 29 509 510
435 10 0 1 0 21 7 20 14 30 28 16 16 -0.581866 -13 511 512
436 10 0 1 0 9 27 15 12 15 20 17 12 -0.125888 -24 513 514
437 10 0 1 0 27 13 14 13 7 26 17 18 -0.0779425 23 515 516
438 10 0 1 0 3 26 12 17 2 28 15 15 -0.217778 20 517 518
439 10 0 1 0 6 33 14 15 15 23 20 14 -0.138695 7 519 520
440 10 1 0 23 1 4 23 0 0 0 488 
441 10 0 1 0 24 32 12 20 28 15 12 12 -0.0262548 21 521 522
442 10 1 0 3 1 4 0 0 2 1 492 
443 10 1 0 6 1 4 4 2 0 0 493 
444 10 0 1 0 9 26 16 18 18 7 20 14 -0.245405 47 523 524
445 10 0 1 0 16 29 18 18 13 12 15 13 -0.216004 15 525 526
446 10 1 0 8 1 4 8 0 0 0 512 
447 10 0 1 0 26 7 20 16 30 10 15 16 -0.0447306 -5 527 528
448 10 1 0 6 1 4 0 3 0 3 545 
449 10 0 1 0 30 2 18 14 25 29 18 12 -0.0416667 -81 529 530
450 10 0 1 0 22 4 12 13 6 20 20 17 -0.0227273 -140 531 532
451 10 1 0 2 1 4 2 0 0 0 551 
452 10 0 1 0 6 24 14 17 3 14 13 18 -0.0238095 -9 533 534
453 11 1 0 109 1 4 0 0 0 109 27 
454 11 1 0 2 1 4 1 0 0 1 28 
455 11 0 1 0 32 31 12 13 27 15 19 19 -0.0415892 4 535 536
456 11 1 0 3 1 4 2 0 0 1 44 
457 11 0 1 0 14 7 16 18 19 9 12 13 -0.106844 9 537 538
458 11 1 0 6 1 4 0 4 0 2 60 
459 11 1 0 82 1 4 0 0 0 82 64 
460 11 1 0 3 1 4 1 0 0 2 65 
461 11 1 0 3 1 4 0 3 0 0 67 
462 11 0 1 0 10 24 20 16 8 30 16 16 -0.181395 9 539 540
463 11 1 0 2 1 4 0 2 0 0 72 
464 11 0 1 0 16 5 12 19 14 0 16 20 -0 3 541 542
465 11 0 1 0 7 32 13 17 1 29 13 14 -0.448361 42 543 544
466 11 0 1 0 3 16 16 17 20 4 13 16 -0.235294 12 545 546
467 11 1 0 2 1 4 1 1 0 0 127 
468 11 1 0 38 1 4 0 38 0 0 128 
469 11 1 0 13 1 4 13 0 0 0 132 
470 11 1 0 5 1 4 1 4 0 0 133 
471 11 0 1 0 8 25 15 12 9 6 18 15 -0.113491 57 547 548
472 11 1 0 7 1 4 0 1 3 3 147 
473 11 0 1 0 29 3 12 15 5 23 12 13 -0.12754 -74 549 550
474 11 1 0 8 1 4 1 2 4 1 169 
475 11 1 0 2 1 4 0 1 1 0 170 
476 11 1 0 8 1 4 0 0 8 0 171 
477 11 1 0 7 1 4 0 0 6 1 174 
478 11 1 0 7 1 4 5 2 0 0 175 
479 11 0 1 0 20 18 20 20 19 16 18 19 -0.0351339 10 551 552
480 11 0 1 0 16 12 19 17 6 10 20 17 -0.0926506 69 553 554
481 11 1 0 3 1 4 3 0 0 0 205 
482 11 1 0 31 1 4 0 31 0 0 206 
483 11 1 0 16 1 4 16 0 0 0 208 
484 11 1 0 2 1 4 1 1 0 0 209 
485 11 0 1 0 1 13 12 16 25 0 17 15 -0.100872 -3 555 556
486 11 1 0 2 1 4 1 1 0 0 229 
487 11 1 0 2 1 4 0 0 0 2 231 
488 11 0 1 0 17 22 20 20 17 19 12 16 -0.151808 -8 557 558
489 11 1 0 2 1 4 2 0 0 0 247 
490 11 1 0 8 1 4 0 7 0 1 248 
491 11 1 0 6 1 4 0 6 0 0 249 
492 11 0 1 0 1 27 17 17 23 30 13 12 -0 -53 559 560
493 11 0 1 0 0 27 17 20 3 30 12 17 -0.14966 -1 561 562
494 11 0 1 0 16 28 18 13 12 28 14 13 -0.21389 2 563 564
495 11 1 0 5 1 4 0 5 0 0 318 
496 11 0 1 0 0 3 20 16 25 19 18 14 -0.00724638 -105 565 566
497 11 1 0 5 1 4 0 5 0 0 323 
498 11 1 0 5 1 4 5 0 0 0 324 
499 11 1 0 2 1 4 0 1 0 1 325 
500 11 0 1 0 21 25 18 19 10 27 20 13 -0.0526438 13 567 568
501 11 1 0 9 1 4 3 6 0 0 334 
502 11 1 0 4 1 4 0 0 4 0 335 
503 11 1 0 7 1 4 4 2 1 0 342 
504 11 0 1 0 1 30 14 20 18 26 20 17 -0.0405268 -22 569 570
505 11 1 0 5 1 4 0 2 3 0 347 
506 11 0 1 0 13 15 19 18 14 31 13 15 -0.0308642 -25 571 572
507 11 1 0 6 1 4 0 0 5 1 361 
508 11 0 1 0 27 10 14 16 26 7 20 15 -0.00877193 -13 573 574
509 11 1 0 9 1 4 0 0 9 0 364 
510 11 1 0 2 1 4 0 0 0 2 365 
511 11 0 1 0 6 10 19 16 35 7 13 12 -0.464259 -13 575 576
512 11 0 1 0 9 32 12 20 18 31 15 19 -0.117647 8 577 578
513 11 0 1 0 0 11 20 18 16 26 15 12 -0 -92 579 580
514 11 0 1 0 5 26 12 19 6 31 13 16 -0.120179 10 581 582
515 11 0 1 0 24 12 12 19 13 13 18 18 -0.0150943 -3 583 584
516 11 1 0 3 1 4 0 1 2 0 452 
517 11 0 1 0 0 27 14 17 25 14 18 19 -0.180696 -46 585 586
518 11 0 1 0 13 1 19 18 9 6 14 12 -0.0384615 -2 587 588
519 11 0 1 0 15 32 15 16 11 8 17 17 -0 14 589 590
520 11 0 1 0 29 21 19 15 25 14 20 20 -0 11 591 592
521 11 1 0 2 1 4 2 0 0 0 489 
522 11 0 1 0 19 24 16 17 29 4 14 15 -0.0142857 141 593 594
523 11 1 0 13 1 4 0 0 0 13 494 
524 11 0 1 0 26 24 18 18 14 12 12 12 -0.12852 8 595 596
525 11 1 0 5 1 4 0 0 3 2 500 
526 11 0 1 0 22 25 13 16 16 8 18 13 -0.163242 47 597 598
527 11 1 0 8 1 4 0 1 7 0 527 
528 11 0 1 0 18 3 15 14 20 35 12 13 -0.0358761 -34 599 600
529 11 1 0 2 1 4 0 1 1 0 546 
530 11 1 0 10 1 4 0 10 0 0 547 
531 11 1 0 2 1 4 1 1 0 0 548 
532 11 1 0 20 1 4 20 0 0 0 549 
533 11 1 0 2 1 4 0 1 1 0 552 
534 11 1 0 19 1 4 0 19 0 0 553 
535 12 0 1 0 26 14 20 17 31 33 13 12 -0.0368579 4 601 602
536 12 1 0 2 1 4 1 0 0 1 43 
537 12 0 1 0 12 27 20 13 23 18 14 13 -0.0887052 -18 603 604
538 12 1 0 5 1 4 0 2 1 2 59 
539 12 0 1 0 17 27 17 13 18 22 15 17 -0.0465116 28 605 606
540 12 1 0 5 1 4 0 3 0 2 70 
541 12 1 0 2 1 4 0 0 2 0 73 
542 12 1 0 14 1 4 0 0 0 14 74 
543 12 0 1 0 17 15 16 20 15 0 12 13 -0.05 32 607 608
544 12 0 1 0 29 26 15 16 29 22 18 17 -0.177638 0 609 610
545 12 1 0 8 1 4 0 0 0 8 81 
546 12 1 0 9 1 4 1 1 7 0 82 
547 12 0 1 0 35 29 16 12 29 30 13 13 -0.0965909 -10 611 612
548 12 1 0 3 1 4 0 0 1 2 146 
549 12 1 0 2 1 4 0 1 1 0 163 
550 12 0 1 0 4 26 17 17 13 3 18 12 -0.100557 -3 613 614
551 12 0 1 0 16 31 12 12 20 34 12 17 -0.032735 -25 615 616
552 12 1 0 4 1 4 0 3 1 0 198 
553 12 0 1 0 6 21 13 12 10 15 16 18 -0 -76 617 618
554 12 0 1 0 5 4 16 12 19 1 19 20 -0.0454545 -84 619 620
555 12 0 1 0 21 14 12 15 20 28 17 16 -0.0528053 -38 621 622
556 12 1 0 4 1 4 0 2 1 1 228 
557 12 1 0 9 1 4 8 1 0 0 232 
558 12 0 1 0 0 34 13 12 8 13 15 18 -0.0970996 -16 623 624
559 12 1 0 7 1 4 0 0 0 7 250 
560 12 1 0 6 1 4 0 0 6 0 251 
561 12 0 1 0 16 32 12 13 0 32 12 19 -0 28 625 626
562 12 1 0 7 1 4 0 5 1 1 254 
563 12 0 1 0 14 1 18 19 13 6 17 19 -0.256614 -14 627 628
564 12 0 1 0 27 28 16 19 26 30 12 12 -0.187117 -13 629 630
565 12 1 0 2 1 4 1 1 0 0 319 
566 12 1 0 67 1 4 67 0 0 0 320 
567 12 0 1 0 17 4 13 14 0 34 13 16 -0.0330993 50 631 632
568 12 1 0 9 1 4 4 2 3 0 333 
569 12 1 0 5 1 4 0 5 0 0 343 
570 12 0 1 0 21 13 17 18 4 14 16 16 -0 -9 633 634
571 12 1 0 6 1 4 1 5 0 0 348 
572 12 1 0 21 1 4 21 0 0 0 349 
573 12 1 0 2 1 4 0 0 1 1 362 
574 12 1 0 55 1 4 0 0 0 55 363 
575 12 1 0 5 1 4 4 0 1 0 368 
576 12 0 1 0 31 26 18 13 16 3 20 14 -0.236111 4 635 636
577 12 0 1 0 23 34 13 15 16 22 12 16 -0.0301724 29 637 638
578 12 1 0 2 1 4 0 0 1 1 376 
579 12 1 0 3 1 4 3 0 0 0 377 
580 12 1 0 7 1 4 0 7 0 0 378 
581 12 0 1 0 6 32 15 19 19 35 12 20 -0.114604 -49 639 640
582 12 0 1 0 0 21 13 20 34 23 14 12 -0.0364372 11 641 642
583 12 1 0 5 1 4 0 0 4 1 450 
584 12 1 0 48 1 4 0 0 0 48 451 
585 12 1 0 5 1 4 5 0 0 0 453 
586 12 0 1 0 22 3 19 16 13 5 16 12 -0.139277 15 643 644
587 12 1 0 2 1 4 1 1 0 0 478 
588 12 1 0 11 1 4 0 11 0 0 479 
589 12 1 0 2 1 4 0 0 2 0 484 
590 12 1 0 11 1 4 0 11 0 0 485 
591 12 1 0 2 1 4 0 2 0 0 486 
592 12 1 0 9 1 4 9 0 0 0 487 
593 12 1 0 33 1 4 0 33 0 0 490 
594 12 1 0 2 1 4 1 1 0 0 491 
595 12 0 1 0 23 14 14 16 23 19 16 19 -0.0454545 -3 645 646
596 12 0 1 0 7 25 20 14 2 26 17 20 -0.0655594 18 647 648
597 12 0 1 0 9 30 13 17 8 19 17 18 -0.106952 46 649 650
598 12 0 1 0 2 27 13 12 2 30 16 14 -0.154135 14 651 652
599 12 0 1 0 8 27 16 19 12 28 15 15 -0.032329 0 653 654
600 12 1 0 9 1 4 8 1 0 0 544 
601 13 1 0 8 1 4 2 0 0 6 33 
602 13 0 1 0 28 28 19 18 24 10 18 19 -0.0281041 7 655 656
603 13 1 0 2 1 4 1 0 0 1 49 
604 13 0 1 0 20 9 20 12 5 15 17 19 -0.0601981 70 657 658
605 13 1 0 41 1 4 0 0 0 41 68 
606 13 1 0 2 1 4 0 1 0 1 69 
607 13 1 0 5 1 4 1 4 0 0 75 
608 13 1 0 11 1 4 11 0 0 0 76 
609 13 1 0 4 1 4 0 0 0 4 77 
610 13 0 1 0 8 25 15 12 15 23 17 16 -0.050447 -22 659 660
611 13 0 1 0 22 21 12 19 24 32 12 18 -0.0719317 8 661 662
612 13 1 0 8 1 4 7 1 0 0 145 
613 13 1 0 3 1 4 0 3 0 0 164 
614 13 0 1 0 16 30 17 12 18 12 13 14 -0.0907452 36 663 664
615 13 0 1 0 2 7 13 20 21 2 17 14 -0.0699203 -24 665 666
616 13 0 1 0 10 21 20 14 10 8 13 16 -0.0246783 67 667 668
617 13 1 0 2 1 4 2 0 0 0 199 
618 13 1 0 16 1 4 0 16 0 0 200 
619 13 1 0 2 1 4 1 1 0 0 201 
620 13 1 0 9 1 4 9 0 0 0 202 
621 13 1 0 6 1 4 0 2 0 4 226 
622 13 1 0 95 1 4 0 0 0 95 227 
623 13 0 1 0 4 8 12 13 12 26 13 16 -0.0384615 -59 669 670
624 13 1 0 9 1 4 6 3 0 0 235 
625 13 1 0 4 1 4 0 4 0 0 252 
626 13 1 0 38 1 4 38 0 0 0 253 
627 13 0 1 0 18 24 12 20 9 4 14 20 -0.25974 29 671 672
628 13 1 0 13 1 4 0 0 0 13 258 
629 13 0 1 0 25 12 16 17 27 23 18 17 -0.158361 0 673 674
630 13 0 1 0 10 28 13 18 20 23 17 19 -0.175578 -21 675 676
631 13 0 1 0 20 29 14 20 15 8 16 18 -0.018001 53 677 678
632 13 1 0 2 1 4 1 0 0 1 332 
633 13 1 0 2 1 4 0 2 0 0 344 
634 13 1 0 40 1 4 0 0 40 0 345 
635 13 1 0 2 1 4 2 0 0 0 369 
636 13 0 1 0 25 17 20 16 16 25 13 20 -0.119444 -32 679 680
637 13 0 1 0 29 24 13 18 31 5 16 13 -0.0172414 67 681 682
638 13 1 0 3 1 4 0 3 0 0 375 
639 13 0 1 0 23 17 18 15 10 16 15 14 -0.222504 6 683 684
640 13 0 1 0 12 15 19 17 17 13 15 16 -0.100824 -11 685 686
641 13 1 0 7 1 4 0 0 7 0 447 
642 13 0 1 0 15 16 15 17 19 7 12 16 -0.0263158 0 687 688
643 13 0 1 0 27 7 17 15 29 0 13 14 -0.11429 -1 689 690
644 13 0 1 0 22 12 14 12 19 21 13 20 -0.0944976 -27 691 692
645 13 1 0 9 1 4 0 9 0 0 495 
646 13 1 0 2 1 4 0 1 1 0 496 
647 13 0 1 0 4 2 16 20 17 22 17 15 -0.0227273 -105 693 694
648 13 1 0 4 1 4 0 0 1 3 499 
649 13 0 1 0 13 9 17 17 19 5 16 14 -0.0883057 -2 695 696
650 13 1 0 3 1 4 0 0 3 0 507 
651 13 0 1 0 5 21 12 15 13 15 17 16 -0.0654762 -9 697 698
652 13 1 0 5 1 4 0 5 0 0 511 
653 13 0 1 0 25 13 12 12 30 14 12 14 -0.026744 -13 699 700
654 13 1 0 4 1 4 0 2 1 1 543 
655 14 0 1 0 9 16 19 18 22 11 15 16 -0.0236977 -77 701 702
656 14 1 0 3 1 4 1 0 0 2 42 
657 14 0 1 0 3 31 16 18 2 31 12 12 -0.0469524 2 703 704
658 14 1 0 2 1 4 0 2 0 0 58 
659 14 0 1 0 25 11 20 15 19 21 18 19 -0.0185185 -22 705 706
660 14 1 0 2 1 4 0 0 1 1 80 
661 14 0 1 0 0 8 20 13 10 23 18 13 -0.0614141 0 707 708
662 14 1 0 3 1 4 0 0 1 2 144 
663 14 1 0 88 1 4 88 0 0 0 165 
664 14 0 1 0 18 6 19 18 17 27 15 20 -0.183036 -34 709 710
665 14 0 1 0 7 14 19 15 4 4 15 17 -0.0128205 -2 711 712
666 14 0 1 0 14 6 13 12 27 1 16 13 -0.054902 41 713 714
667 14 0 1 0 9 35 12 12 29 26 15 15 -0.0187872 132 715 716
668 14 1 0 5 1 4 3 0 1 1 197 
669 14 1 0 50 1 4 0 50 0 0 233 
670 14 1 0 2 1 4 0 1 0 1 234 
671 14 1 0 3 1 4 3 0 0 0 255 
672 14 0 1 0 12 5 18 15 3 5 13 15 -0.181818 66 717 718
673 14 0 1 0 11 32 12 17 20 29 16 15 -0.096228 9 719 720
674 14 0 1 0 25 13 19 16 28 13 16 19 -0.972078 16 721 722
675 14 0 1 0 12 11 17 14 26 24 20 15 -0.046627 0 723 724
676 14 0 1 0 6 26 17 17 32 32 13 12 -0.352761 -9 725 726
677 14 0 1 0 5 35 12 15 21 32 14 14 -0.0127594 -25 727 728
678 14 1 0 4 1 4 0 4 0 0 331 
679 14 1 0 6 1 4 0 0 1 5 370 
680 14 0 1 0 23 31 16 13 28 9 13 13 -0 99 729 730
681 14 1 0 27 1 4 27 0 0 0 373 
682 14 1 0 2 1 4 1 1 0 0 374 
683 14 0 1 0 0 8 20 15 8 25 16 17 -0 2 731 732
684 14 0 1 0 8 17 18 13 18 14 18 17 -0.167462 -15 733 734
685 14 1 0 4 1 4 3 1 0 0 386 
686 14 0 1 0 0 27 17 12 25 3 19 12 -0.0970538 -19 735 736
687 14 1 0 2 1 4 1 1 0 0 448 
688 14 1 0 17 1 4 0 17 0 0 449 
689 14 0 1 0 29 12 19 13 6 30 14 14 -0.0228659 -33 737 738
690 14 0 1 0 10 17 16 20 26 2 19 18 -0.0856091 5 739 740
691 14 0 1 0 11 32 12 12 2 27 18 14 -0 70 741 742
692 14 0 1 0 1 31 13 19 5 26 14 20 -0 10 743 744
693 14 1 0 2 1 4 0 1 1 0 497 
694 14 1 0 20 1 4 0 0 20 0 498 
695 14 1 0 2 1 4 2 0 0 0 501 
696 14 0 1 0 17 0 16 20 14 30 15 15 -0.0720491 -69 745 746
697 14 1 0 2 1 4 0 2 0 0 508 
698 14 0 1 0 5 11 15 19 29 20 16 14 -0.0416667 -23 747 748
699 14 1 0 2 1 4 2 0 0 0 528 
700 14 0 1 0 9 3 19 12 1 1 12 19 -0.0242735 -14 749 750
701 15 1 0 4 1 4 1 0 0 3 34 
702 15 0 1 0 4 11 14 20 6 32 12 15 -0.0184657 -6 751 752
703 15 1 0 8 1 4 0 1 5 2 50 
704 15 0 1 0 19 17 20 20 34 32 14 12 -0.0338444 -3 753 754
705 15 1 0 25 1 4 0 25 0 0 78 
706 15 1 0 2 1 4 1 1 0 0 79 
707 15 0 1 0 15 25 20 15 10 23 19 14 -0.0481744 9 755 756
708 15 1 0 3 1 4 0 0 3 0 143 
709 15 0 1 0 29 17 14 12 19 0 16 12 -0.0357143 5 757 758
710 15 1 0 2 1 4 0 1 0 1 168 
711 15 1 0 2 1 4 1 1 0 0 176 
712 15 1 0 37 1 4 37 0 0 0 177 
713 15 0 1 0 3 28 16 15 24 30 13 14 -0.0333333 -31 759 760
714 15 1 0 2 1 4 2 0 0 0 180 
715 15 0 1 0 15 24 13 12 12 24 19 14 -0.0145224 34 761 762
716 15 1 0 2 1 4 1 0 0 1 196 
717 15 1 0 9 1 4 0 9 0 0 256 
718 15 1 0 2 1 4 0 1 0 1 257 
719 15 0 1 0 27 25 17 12 17 3 14 16 -0.0901673 -16 763 764
720 15 1 0 3 1 4 0 0 0 3 290 
721 15 0 1 0 24 1 14 15 11 15 14 18 -0.181818 -29 765 766
722 15 0 1 0 19 31 16 13 20 23 19 12 -0.855316 2 767 768
723 15 0 1 0 31 24 14 15 9 29 15 13 -0.0379064 6 769 770
724 15 1 0 4 1 4 4 0 0 0 307 
725 15 0 1 0 20 20 19 20 27 2 17 16 -0.131324 91 771 772
726 15 0 1 0 3 16 14 13 19 29 13 18 -0.15 -41 773 774
727 15 1 0 3 1 4 0 3 0 0 326 
728 15 0 1 0 27 11 17 14 27 5 15 14 -0.00919434 -21 775 776
729 15 1 0 26 1 4 0 0 26 0 371 
730 15 1 0 4 1 4 0 4 0 0 372 
731 15 1 0 28 1 4 0 28 0 0 379 
732 15 1 0 6 1 4 0 0 6 0 380 
733 15 1 0 6 1 4 0 0 1 5 381 
734 15 0 1 0 22 29 18 12 26 30 17 19 -0.091649 15 777 778
735 15 1 0 4 1 4 3 0 1 0 387 
736 15 0 1 0 18 17 19 13 15 25 13 18 -0.0925778 5 779 780
737 15 1 0 25 1 4 0 0 25 0 454 
738 15 0 1 0 3 31 12 15 3 25 12 16 -0.03125 22 781 782
739 15 0 1 0 16 1 17 17 5 2 14 14 -0.0681917 1 783 784
740 15 0 1 0 19 25 15 20 16 16 17 14 -0.061038 13 785 786
741 15 1 0 15 1 4 0 0 15 0 474 
742 15 1 0 4 1 4 0 0 0 4 475 
743 15 1 0 41 1 4 0 0 0 41 476 
744 15 1 0 3 1 4 0 0 3 0 477 
745 15 0 1 0 17 1 17 17 17 2 18 19 -0.0470572 -6 787 788
746 15 1 0 8 1 4 0 4 4 0 506 
747 15 1 0 2 1 4 0 0 1 1 509 
748 15 1 0 10 1 4 0 0 10 0 510 
749 15 1 0 2 1 4 0 0 2 0 529 
750 15 0 1 0 14 25 19 17 4 31 16 15 -0.0219485 -5 789 790
751 16 0 1 0 17 14 20 20 24 3 15 20 -0.0141469 -14 791 792
752 16 1 0 3 1 4 1 0 0 2 41 
753 16 1 0 3 1 4 0 0 3 0 51 
754 16 0 1 0 35 5 16 12 25 12 20 18 -0.0315571 2 793 794
755 16 1 0 7 1 4 6 1 0 0 134 
756 16 0 1 0 7 6 17 12 15 21 13 20 -0.0381286 -111 795 796
757 16 1 0 2 1 4 1 1 0 0 166 
758 16 1 0 12 1 4 12 0 0 0 167 
759 16 1 0 13 1 4 0 13 0 0 178 
760 16 1 0 2 1 4 0 1 1 0 179 
761 16 0 1 0 3 8 18 17 7 11 16 20 -0.0114362 -1 797 798
762 16 1 0 2 1 4 1 0 0 1 195 
763 16 1 0 2 1 4 0 0 0 2 259 
764 16 0 1 0 22 19 15 17 10 13 13 18 -0.0839911 74 799 800
765 16 1 0 2 1 4 0 1 0 1 291 
766 16 1 0 9 1 4 0 0 0 9 292 
767 16 0 1 0 29 13 20 13 34 17 16 12 -0.264583 33 801 802
768 16 0 1 0 24 24 14 20 21 34 13 19 -0.514701 -41 803 804
769 16 1 0 4 1 4 0 2 1 1 301 
770 16 0 1 0 11 7 15 18 6 13 14 16 -0.0197515 65 805 806
771 16 0 1 0 24 3 13 14 31 1 13 13 -0.0409382 -1 807 808
772 16 1 0 9 1 4 1 7 0 1 312 
773 16 1 0 3 1 4 0 0 0 3 313 
774 16 0 1 0 20 26 13 17 30 15 12 12 -0 32 809 810
775 16 1 0 2 1 4 1 0 1 0 327 
776 16 0 1 0 17 28 13 20 28 31 16 15 -0.00308297 26 811 812
777 16 0 1 0 30 35 12 12 7 26 12 16 -0.0174419 142 813 814
778 16 0 1 0 31 11 17 12 22 4 17 19 -0 7 815 816
779 16 0 1 0 26 13 18 17 1 29 14 18 -0.0898671 12 817 818
780 16 1 0 3 1 4 2 1 0 0 446 
781 16 1 0 14 1 4 0 14 0 0 455 
782 16 1 0 2 1 4 0 1 1 0 456 
783 16 0 1 0 18 11 15 15 2 32 14 13 -0.0294118 -31 819 820
784 16 0 1 0 6 19 14 20 23 5 18 18 -0.05 3 821 822
785 16 0 1 0 17 13 17 16 17 28 12 18 -0 -25 823 824
786 16 0 1 0 26 35 12 18 24 32 13 20 -0.0400576 -4 825 826
787 16 1 0 5 1 4 0 3 2 0 502 
788 16 0 1 0 31 31 14 15 4 31 14 20 -0.028757 -28 827 828
789 16 1 0 2 1 4 2 0 0 0 530 
790 16 0 1 0 3 32 13 15 3 34 13 13 -0.0206838 -2 829 830
791 17 1 0 2 1 4 0 1 0 1 35 
792 17 0 1 0 11 2 13 16 5 21 15 20 -0.0119896 17 831 832
793 17 0 1 0 10 17 12 17 5 31 14 19 -0.0205455 -1 833 834
794 17 1 0 8 1 4 0 1 1 6 57 
795 17 1 0 3 1 4 3 0 0 0 135 
796 17 0 1 0 18 18 12 18 24 31 13 12 -0.0326579 0 835 836
797 17 0 1 0 25 26 18 14 17 7 13 17 -0.0108526 66 837 838
798 17 1 0 2 1 4 0 2 0 0 194 
799 17 0 1 0 17 28 15 13 10 32 15 12 -0.0801277 3 839 840
800 17 1 0 2 1 4 0 0 0 2 289 
801 17 0 1 0 2 11 14 19 22 18 18 20 -0.05 -26 841 842
802 17 1 0 6 1 4 0 5 0 1 295 
803 17 0 1 0 2 16 20 18 17 20 20 16 -0.0495356 -95 843 844
804 17 0 1 0 27 25 18 20 26 7 17 13 -0 -17 845 846
805 17 0 1 0 31 32 12 14 29 31 15 18 -0.0150307 0 847 848
806 17 1 0 2 1 4 2 0 0 0 306 
807 17 1 0 3 1 4 0 3 0 0 308 
808 17 0 1 0 28 7 12 19 27 14 13 14 -0.0146958 -35 849 850
809 17 1 0 9 1 4 0 9 0 0 314 
810 17 1 0 3 1 4 3 0 0 0 315 
811 17 0 1 0 3 29 12 19 2 27 12 18 -0.000931099 -5 851 852
812 17 1 0 3 1 4 1 2 0 0 330 
813 17 1 0 39 1 4 0 0 39 0 382 
814 17 1 0 4 1 4 0 3 1 0 383 
815 17 1 0 9 1 4 0 9 0 0 384 
816 17 1 0 3 1 4 0 0 3 0 385 
817 17 0 1 0 35 19 20 12 16 4 16 15 -0.0846921 -12 853 854
818 17 0 1 0 24 27 16 17 18 30 16 14 -0.0769231 -5 855 856
819 17 1 0 2 1 4 0 0 1 1 457 
820 17 1 0 15 1 4 0 0 0 15 458 
821 17 1 0 8 1 4 0 0 8 0 459 
822 17 1 0 2 1 4 0 0 1 1 460 
823 17 1 0 9 1 4 0 0 0 9 461 
824 17 1 0 2 1 4 0 0 2 0 462 
825 17 0 1 0 12 31 15 13 18 21 18 19 -0 5 857 858
826 17 0 1 0 33 35 12 14 11 2 14 16 -0.0318176 24 859 860
827 17 0 1 0 0 7 20 19 27 4 15 16 -0.00649351 3 861 862
828 17 1 0 7 1 4 2 5 0 0 505 
829 17 0 1 0 33 29 16 12 29 26 12 15 -0.0597222 18 863 864
830 17 0 1 0 16 28 16 15 22 32 13 12 -0.0143325 22 865 866
831 18 0 1 0 29 30 17 16 26 7 18 20 -0.0106699 2 867 868
832 18 1 0 2 1 4 0 1 0 1 40 
833 18 0 1 0 26 33 13 15 23 33 14 19 -0.0114244 -17 869 870
834 18 1 0 5 1 4 0 1 0 4 56 
835 18 0 1 0 30 25 14 15 34 26 15 12 -0.0269371 2 871 872
836 18 1 0 2 1 4 2 0 0 0 142 
837 18 0 1 0 30 30 16 17 33 19 20 13 -0.00863706 3 873 874
838 18 1 0 7 1 4 4 3 0 0 193 
839 18 1 0 5 1 4 5 0 0 0 260 
840 18 0 1 0 3 20 19 16 6 10 12 17 -0.0762227 10 875 876
841 18 1 0 8 1 4 8 0 0 0 293 
842 18 1 0 2 1 4 1 1 0 0 294 
843 18 1 0 2 1 4 0 0 0 2 296 
844 18 0 1 0 12 26 18 12 9 0 18 13 -0.0294118 84 877 878
845 18 1 0 2 1 4 0 2 0 0 299 
846 18 1 0 8 1 4 0 0 0 8 300 
847 18 1 0 7 1 4 3 4 0 0 302 
848 18 0 1 0 20 7 15 14 27 24 12 13 -0.0062585 13 879 880
849 18 1 0 2 1 4 0 2 0 0 309 
850 18 0 1 0 33 29 17 12 19 14 20 12 -0.00769231 18 881 882
851 18 1 0 2 1 4 1 1 0 0 328 
852 18 1 0 535 1 4 535 0 0 0 329 
853 18 1 0 7 1 4 4 0 3 0 388 
854 18 0 1 0 18 19 12 13 11 18 18 18 -0.0754114 29 883 884
855 18 1 0 9 1 4 0 0 0 9 443 
856 18 0 1 0 27 34 13 15 32 21 12 15 -0 8 885 886
857 18 1 0 2 1 4 0 0 2 0 463 
858 18 1 0 10 1 4 0 0 0 10 464 
859 18 1 0 2 1 4 0 2 0 0 465 
860 18 0 1 0 11 29 15 16 4 35 12 17 -0.0270502 21 887 888
861 18 1 0 2 1 4 0 1 1 0 503 
862 18 1 0 75 1 4 0 75 0 0 504 
863 18 0 1 0 24 11 13 14 11 12 18 19 -0.0208333 -19 889 890
864 18 1 0 6 1 4 5 1 0 0 533 
865 18 0 1 0 29 26 18 17 26 32 15 16 -0.0118526 -3 891 892
866 18 1 0 5 1 4 2 3 0 0 542 
867 19 1 0 1695 1 4 0 0 0 1695 36 
868 19 0 1 0 3 31 14 20 0 33 12 17 -0.110598 0 893 894
869 19 1 0 2 1 4 0 0 1 1 52 
870 19 0 1 0 10 6 16 18 12 6 13 20 -0.00986482 7 895 896
871 19 1 0 2 1 4 2 0 0 0 136 
872 19 0 1 0 20 5 18 19 20 8 12 20 -0.0236827 -5 897 898
873 19 1 0 3 1 4 2 0 0 1 181 
874 19 0 1 0 19 1 20 15 0 31 16 12 -0.00480063 93 899 900
875 19 0 1 0 9 29 15 19 19 33 13 17 -0.0714 -11 901 902
876 19 1 0 3 1 4 0 1 0 2 288 
877 19 1 0 15 1 4 0 15 0 0 297 
878 19 1 0 2 1 4 1 1 0 0 298 
879 19 0 1 0 17 29 14 12 19 27 19 13 -0.0021097 3 903 904
880 19 1 0 2 1 4 1 1 0 0 305 
881 19 1 0 63 1 4 63 0 0 0 310 
882 19 1 0 2 1 4 1 1 0 0 311 
883 19 0 1 0 4 17 13 18 27 6 19 12 -0.0732317 -42 905 906
884 19 1 0 4 1 4 4 0 0 0 442 
885 19 1 0 2 1 4 0 0 0 2 444 
886 19 1 0 11 1 4 0 0 11 0 445 
887 19 0 1 0 14 21 19 15 16 21 14 17 -0.00738689 -6 907 908
888 19 0 1 0 30 15 19 13 14 17 20 19 -0.0967742 -45 909 910
889 19 1 0 22 1 4 0 22 0 0 531 
890 19 1 0 2 1 4 1 1 0 0 532 
891 19 0 1 0 19 7 16 20 22 7 18 15 -0.00808259 13 911 912
892 19 0 1 0 27 13 16 18 29 30 17 17 -0 -52 913 914
893 20 1 0 5 1 4 1 0 2 2 37 
894 20 0 1 0 19 25 15 16 21 21 19 13 -0.0346154 -10 915 916
895 20 1 0 363 1 4 0 0 0 363 53 
896 20 0 1 0 3 6 14 16 0 6 18 16 -0.0714286 0 917 918
897 20 1 0 8 1 4 3 5 0 0 137 
898 20 0 1 0 6 20 17 14 10 4 20 18 -0.0161938 12 919 920
899 20 0 1 0 6 31 16 16 5 24 19 19 -0.00416983 -6 921 922
900 20 1 0 2 1 4 0 2 0 0 192 
901 20 0 1 0 12 25 16 17 21 30 17 13 -0.0623392 -3 923 924
902 20 0 1 0 5 33 14 16 9 30 12 17 -0 -18 925 926
903 20 1 0 235 1 4 0 235 0 0 303 
904 20 1 0 2 1 4 1 1 0 0 304 
905 20 0 1 0 3 27 14 20 9 17 13 19 -0.0634921 53 927 928
906 20 0 1 0 24 14 18 19 26 18 16 18 -0.065092 5 929 930
907 20 1 0 3 1 4 0 0 1 2 466 
908 20 0 1 0 15 1 14 19 17 11 15 19 -0.0041821 8 931 932
909 20 1 0 5 1 4 0 0 0 5 470 
910 20 0 1 0 15 25 20 20 16 24 15 15 -0.031106 18 933 934
911 20 0 1 0 16 6 17 13 17 7 20 17 -0.00570101 18 935 936
912 20 1 0 5 1 4 2 3 0 0 539 
913 20 1 0 9 1 4 0 9 0 0 540 
914 20 1 0 3 1 4 0 0 3 0 541 
915 21 1 0 2 1 4 1 0 0 1 38 
916 21 1 0 128 1 4 0 0 0 128 39 
917 21 1 0 2 1 4 0 1 0 1 54 
918 21 1 0 26 1 4 0 0 0 26 55 
919 21 0 1 0 29 2 17 17 32 16 17 14 -0.00160256 10 937 938
920 21 0 1 0 31 14 12 15 20 2 16 19 -0.0416667 -7 939 940
921 21 1 0 3 1 4 1 2 0 0 182 
922 21 0 1 0 17 19 12 18 19 14 18 14 -0.00337648 9 941 942
923 21 0 1 0 28 28 13 17 31 18 18 14 -0.0589237 8 943 944
924 21 1 0 7 1 4 5 2 0 0 285 
925 21 1 0 3 1 4 0 0 0 3 286 
926 21 1 0 7 1 4 0 7 0 0 287 
927 21 1 0 5 1 4 5 0 0 0 389 
928 21 1 0 9 1 4 0 0 8 1 390 
929 21 0 1 0 27 25 14 16 29 30 17 12 -0.0613234 8 945 946
930 21 0 1 0 16 33 12 20 23 19 14 16 -0 47 947 948
931 21 0 1 0 10 8 17 16 20 13 14 20 -0.00140449 6 949 950
932 21 1 0 2 1 4 0 0 1 1 469 
933 21 0 1 0 19 1 12 18 2 3 20 17 -0.0178571 -6 951 952
934 21 1 0 3 1 4 0 0 0 3 473 
935 21 0 1 0 31 28 15 15 30 26 18 12 -0.00331738 8 953 954
936 21 1 0 6 1 4 2 4 0 0 538 
937 22 1 0 310 1 4 0 310 0 0 138 
938 22 1 0 2 1 4 1 1 0 0 139 
939 22 1 0 2 1 4 0 0 1 1 140 
940 22 1 0 10 1 4 0 10 0 0 141 
941 22 0 1 0 28 23 19 13 9 25 14 20 -0.00265885 60 955 956
942 22 1 0 4 1 4 2 2 0 0 191 
943 22 1 0 5 1 4 4 1 0 0 261 
944 22 0 1 0 33 11 20 13 23 7 16 13 -0.0566536 -97 957 958
945 22 0 1 0 19 15 18 15 20 14 14 12 -0.0581496 -6 959 960
946 22 1 0 7 1 4 0 0 1 6 439 
947 22 1 0 9 1 4 0 0 9 0 440 
948 22 1 0 9 1 4 0 0 0 9 441 
949 22 1 0 354 1 4 0 0 354 0 467 
950 22 1 0 2 1 4 0 1 1 0 468 
951 22 1 0 2 1 4 0 0 1 1 471 
952 22 1 0 26 1 4 0 0 26 0 472 
953 22 0 1 0 29 8 14 13 29 19 19 15 -0.00199822 6 961 962
954 22 1 0 2 1 4 1 1 0 0 537 
955 23 0 1 0 4 21 15 13 7 29 15 14 -0.00214558 -3 963 964
956 23 1 0 2 1 4 1 1 0 0 190 
957 23 1 0 4 1 4 3 1 0 0 262 
958 23 0 1 0 18 27 12 13 13 30 12 14 -0.0540888 -5 965 966
959 23 1 0 5 1 4 2 2 1 0 391 
960 23 0 1 0 27 0 13 12 24 1 13 19 -0.0554057 -26 967 968
961 23 0 1 0 33 26 18 13 29 25 14 12 -0.00111408 12 969 970
962 23 1 0 2 1 4 1 1 0 0 536 
963 24 0 1 0 5 31 16 14 14 32 12 16 -0.0012156 -78 971 972
964 24 1 0 7 1 4 5 2 0 0 189 
965 24 1 0 6 1 4 0 4 0 2 263 
966 24 0 1 0 9 25 19 13 6 6 12 18 -0.0483546 65 973 974
967 24 1 0 4 1 4 2 0 2 0 392 
968 24 0 1 0 28 9 16 14 33 26 19 12 -0.052234 6 975 976
969 24 1 0 742 1 4 0 742 0 0 534 
970 24 1 0 6 1 4 1 5 0 0 535 
971 25 1 0 2 1 4 1 1 0 0 183 
972 25 0 1 0 27 0 19 18 25 0 17 19 -0.000933354 -13 977 978
973 25 0 1 0 17 27 19 16 9 29 14 16 -0.0449008 20 979 980
974 25 1 0 2 1 4 0 1 0 1 284 
975 25 0 1 0 32 22 20 13 26 0 18 15 -0.0490305 0 981 982
976 25 0 1 0 8 27 17 19 28 20 18 12 -0 9 983 984
977 26 0 1 0 20 27 12 14 4 18 13 13 -0.0416667 105 985 986
978 26 0 1 0 25 0 18 16 19 5 13 20 -0.000459334 -4 987 988
979 26 0 1 0 9 2 13 16 30 28 14 17 -0.0802139 -31 989 990
980 26 0 1 0 23 19 16 13 9 22 19 15 -0.040089 111 991 992
981 26 0 1 0 2 31 13 19 17 28 19 12 -0.0432224 -7 993 994
982 26 0 1 0 13 27 12 17 20 22 16 13 -0.044101 -17 995 996
983 26 1 0 5 1 4 0 0 5 0 437 
984 26 1 0 6 1 4 0 0 0 6 438 
985 27 1 0 2 1 4 1 1 0 0 184 
986 27 1 0 10 1 4 10 0 0 0 185 
987 27 1 0 2025 1 4 2025 0 0 0 186 
988 27 0 1 0 2 4 20 18 7 19 20 13 -0.03125 -19 997 998
989 27 1 0 5 1 4 5 0 0 0 264 
990 27 0 1 0 35 3 13 12 9 2 20 19 -0 -34 999 1000
991 27 0 1 0 21 11 17 14 34 25 18 13 -0.037384 83 1001 1002
992 27 1 0 2 1 4 0 1 0 1 283 
993 27 0 1 0 14 9 18 20 30 30 13 13 -0.03125 -16 1003 1004
994 27 0 1 0 29 23 16 16 25 31 12 15 -0.0178571 -27 1005 1006
995 27 1 0 5 1 4 1 2 2 0 397 
996 27 0 1 0 33 28 18 12 16 13 16 17 -0.0409876 -6 1007 1008
997 28 1 0 2 1 4 1 1 0 0 187 
998 28 1 0 14 1 4 14 0 0 0 188 
999 28 1 0 15 1 4 0 15 0 0 265 
1000 28 1 0 2 1 4 2 0 0 0 266 
1001 28 0 1 0 9 17 12 14 10 26 15 19 -0.034396 -24 1009 1010
1002 28 1 0 3 1 4 0 2 0 1 282 
1003 28 1 0 2 1 4 0 1 1 0 393 
1004 28 1 0 14 1 4 0 14 0 0 394 
1005 28 1 0 2 1 4 0 1 1 0 395 
1006 28 1 0 26 1 4 0 0 26 0 396 
1007 28 1 0 2 1 4 1 1 0 0 398 
1008 28 0 1 0 5 34 12 13 22 0 20 15 -0.0394988 175 1011 1012
1009 29 0 1 0 23 19 17 17 22 9 19 18 -0.126478 6 1013 1014
1010 29 0 1 0 20 31 16 12 9 31 16 13 -0.0158539 33 1015 1016
1011 29 0 1 0 27 30 16 16 26 30 17 12 -0.0385716 -26 1017 1018
1012 29 1 0 3 1 4 0 3 0 0 436 
1013 30 1 0 3 1 4 0 1 0 2 267 
1014 30 0 1 0 17 25 19 13 15 26 18 18 -0.0937221 9 1019 1020
1015 30 0 1 0 14 7 19 18 10 3 17 13 -0 28 1021 1022
1016 30 0 1 0 28 28 14 15 30 33 13 17 -0.0106281 -19 1023 1024
1017 30 1 0 7 1 4 0 4 3 0 399 
1018 30 0 1 0 3 28 16 12 31 13 15 12 -0.036889 -12 1025 1026
1019 31 0 1 0 10 18 14 19 8 1 19 14 -0.0442217 65 1027 1028
1020 31 1 0 6 1 4 0 4 0 2 271 
1021 31 1 0 28 1 4 0 28 0 0 272 
1022 31 1 0 7 1 4 7 0 0 0 273 
1023 31 0 1 0 23 8 12 20 19 9 16 18 -0 -41 1029 1030
1024 31 0 1 0 24 15 19 16 24 21 17 16 -0.00867874 -3 1031 1032
1025 31 1 0 4 1 4 0 0 1 3 400 
1026 31 0 1 0 23 23 16 19 16 16 13 13 -0.0348963 -7 1033 1034
1027 32 0 1 0 24 22 20 18 16 0 13 17 -0.0257787 16 1035 1036
1028 32 1 0 2 1 4 0 1 0 1 270 
1029 32 1 0 2 1 4 2 0 0 0 274 
1030 32 1 0 15 1 4 0 15 0 0 275 
1031 32 0 1 0 25 14 19 20 33 27 13 13 -0.00490777 30 1037 1038
1032 32 0 1 0 27 25 14 15 2 19 12 19 -0.181818 14 1039 1040
1033 32 0 1 0 32 0 15 15 4 4 18 19 -0.229167 -10 1041 1042
1034 32 0 1 0 18 18 19 20 23 17 16 13 -0.0284129 -5 1043 1044
1035 33 1 0 7 1 4 0 6 0 1 268 
1036 33 1 0 126 1 4 0 126 0 0 269 
1037 33 0 1 0 5 17 14 14 7 13 15 12 -0.00402066 1 1045 1046
1038 33 1 0 6 1 4 1 5 0 0 279 
1039 33 1 0 2 1 4 0 1 0 1 280 
1040 33 1 0 9 1 4 0 9 0 0 281 
1041 33 0 1 0 25 30 12 16 4 26 12 13 -0.075 19 1047 1048
1042 33 1 0 4 1 4 3 1 0 0 404 
1043 33 0 1 0 14 24 20 20 21 8 20 16 -0.25 39 1049 1050
1044 33 0 1 0 9 30 16 15 16 29 15 16 -0.0234613 -24 1051 1052
1045 34 1 0 919 1 4 0 919 0 0 276 
1046 34 0 1 0 4 4 18 16 3 21 18 16 -0.0338983 3 1053 1054
1047 34 0 1 0 17 21 17 14 17 29 18 19 -0.05 -18 1055 1056
1048 34 1 0 2 1 4 0 2 0 0 403 
1049 34 1 0 4 1 4 3 0 1 0 405 
1050 34 1 0 8 1 4 0 0 8 0 406 
1051 34 1 0 7 1 4 0 4 3 0 407 
1052 34 0 1 0 1 31 14 20 16 28 14 15 -0.0218372 -41 1057 1058
1053 35 1 0 57 1 4 0 57 0 0 277 
1054 35 1 0 2 1 4 0 1 0 1 278 
1055 35 1 0 2 1 4 0 0 1 1 401 
1056 35 1 0 8 1 4 0 0 8 0 402 
1057 35 1 0 2 1 4 0 0 0 2 408 
1058 35 0 1 0 9 31 16 13 13 31 12 19 -0.0205648 -20 1059 1060
1059 36 1 0 9 1 4 0 0 4 5 409 
1060 36 0 1 0 25 10 17 15 31 29 17 16 -0.0190231 -3 1061 1062
1061 37 0 1 0 26 30 17 16 16 10 16 13 -0.0178917 8 1063 1064
1062 37 1 0 7 1 4 0 0 4 3 435 
1063 38 0 1 0 21 18 19 20 20 24 14 15 -0 -6 1065 1066
1064 38 0 1 0 4 31 15 18 4 32 14 12 -0.0141601 17 1067 1068
1065 39 1 0 2 1 4 2 0 0 0 410 
1066 39 1 0 15 1 4 0 0 15 0 411 
1067 39 0 1 0 7 23 16 17 8 23 13 14 -0.0129535 -9 1069 1070
1068 39 1 0 3 1 4 0 2 1 0 434 
1069 40 1 0 2 1 4 0 2 0 0 412 
1070 40 0 1 0 2 33 12 17 0 25 15 18 -0.0126022 -13 1071 1072
1071 41 1 0 5 1 4 0 2 3 0 413 
1072 41 0 1 0 11 24 12 16 17 33 12 19 -0.0118374 9 1073 1074
1073 42 0 1 0 22 34 13 13 24 34 13 17 -0.0108833 21 1075 1076
1074 42 1 0 2 1 4 0 0 1 1 433 
1075 43 0 1 0 33 18 16 12 32 24 14 12 -0.00953978 7 1077 1078
1076 43 0 1 0 2 35 12 14 22 9 13 12 -0 71 1079 1080
1077 44 0 1 0 31 22 13 15 12 9 16 16 -0.0086632 -23 1081 1082
1078 44 1 0 7 1 4 0 0 5 2 430 
1079 44 1 0 4 1 4 0 4 0 0 431 
1080 44 1 0 6 1 4 0 0 6 0 432 
1081 45 1 0 2 1 4 0 0 1 1 414 
1082 45 0 1 0 4 8 16 17 23 14 16 14 -0.00820515 76 1083 1084
1083 46 0 1 0 14 21 17 14 21 18 12 12 -0.00781793 -14 1085 1086
1084 46 1 0 2 1 4 0 1 1 0 429 
1085 47 1 0 3 1 4 0 0 2 1 415 
1086 47 0 1 0 8 23 17 14 12 21 13 13 -0.00735459 -15 1087 1088
1087 48 1 0 3 1 4 0 0 2 1 416 
1088 48 0 1 0 13 12 20 12 18 7 20 17 -0.00697601 -12 1089 1090
1089 49 1 0 6 1 4 0 1 5 0 417 
1090 49 0 1 0 27 14 18 19 31 20 20 16 -0.00653059 2 1091 1092
1091 50 0 1 0 26 19 20 15 26 18 20 15 -0.0059916 0 1093 1094
1092 50 1 0 7 1 4 0 0 6 1 428 
1093 51 1 0 3 1 4 0 1 2 0 418 
1094 51 0 1 0 20 17 20 17 23 16 17 12 -0.00557112 -2 1095 1096
1095 52 0 1 0 3 30 17 17 26 22 17 13 -0.125 2 1097 1098
1096 52 0 1 0 31 28 16 12 5 20 20 18 -0.00375804 -21 1099 1100
1097 53 1 0 2 1 4 1 0 1 0 419 
1098 53 1 0 14 1 4 0 0 14 0 420 
1099 53 0 1 0 7 20 17 19 22 31 16 16 -0.0229885 -27 1101 1102
1100 53 0 1 0 24 11 17 16 20 12 12 20 -0.00288038 -2 1103 1104
1101 54 1 0 3 1 4 0 2 1 0 421 
1102 54 1 0 26 1 4 0 0 26 0 422 
1103 54 0 1 0 21 20 15 12 11 34 13 17 -0.0410256 -1 1105 1106
1104 54 0 1 0 24 15 16 16 11 6 15 17 -0.000974923 -5 1107 1108
1105 55 1 0 62 1 4 0 0 62 0 423 
1106 55 1 0 3 1 4 1 0 2 0 424 
1107 55 0 1 0 27 23 14 19 34 25 14 12 -0 0 1109 1110
1108 55 1 0 1922 1 4 0 0 1922 0 427 
1109 56 1 0 72 1 4 0 0 72 0 425 
1110 56 1 0 2 1 4 0 2 0 0 426 
