-2147483648 -2147483648 data/trees_headpose/tree_015.txt
100 10 5000 30 30000 1 48 1 data/trees_headpose ./data/Cropped_HBO_Data_4view.txt
1 0
0 0 0 1 0 33 28 19 14 33 17 18 14 -0.969486 2 1 2
1 1 0 1 0 4 17 19 19 6 28 13 19 -0.6452 -17 3 4
2 1 0 1 0 8 19 14 13 11 11 18 13 -0.748262 -4 5 6
3 2 0 1 0 28 14 16 12 26 29 17 17 -0.336799 -12 7 8
4 2 0 1 0 28 14 13 12 24 32 14 18 -1.20189 -12 9 10
5 2 0 1 0 2 27 12 20 1 29 16 18 -0.598386 -3 11 12
6 2 0 1 0 1 23 18 15 2 18 13 15 -0.677678 -2 13 14
7 3 0 1 0 23 25 12 17 12 6 12 20 -0.661867 55 15 16
8 3 0 1 0 6 29 17 16 3 29 18 20 -0.211578 -1 17 18
9 3 0 1 0 6 9 17 20 2 6 12 17 -0.624328 2 19 20
10 3 0 1 0 17 3 20 16 12 33 14 12 -1.09881 -19 21 22
11 3 0 1 0 33 30 17 14 30 28 13 16 -0.414674 2 23 24
12 3 0 1 0 7 16 17 18 11 26 17 12 -0.595947 -29 25 26
13 3 0 1 0 9 0 16 16 12 5 20 17 -0.304034 0 27 28
14 3 0 1 0 14 9 16 16 12 13 13 16 -0.618486 7 29 30
15 4 0 1 0 25 5 19 15 29 13 18 13 -0.788286 15 31 32
16 4 0 1 0 2 27 18 20 14 31 13 13 -0.0822633 -32 33 34
17 4 0 1 0 10 3 17 19 15 8 15 12 -0.58611 -11 35 36
18 4 0 1 0 1 30 17 16 3 11 12 18 -0.134889 -3 37 38
19 4 0 1 0 25 16 17 17 27 1 16 14 -0.339761 0 39 40
20 4 0 1 0 8 2 16 20 25 24 12 20 -0.460562 37 41 42
21 4 0 1 0 2 5 18 19 7 3 16 19 -0.469723 6 43 44
22 4 0 1 0 12 7 14 15 5 34 12 17 -1.34756 8 45 46
23 4 0 1 0 18 29 17 18 9 31 15 15 -0.651407 -21 47 48
24 4 0 1 0 24 35 12 20 6 31 13 20 -0.258584 -45 49 50
25 4 0 1 0 24 17 12 19 26 22 17 17 -0.763421 -6 51 52
26 4 0 1 0 3 35 12 12 2 23 13 19 -0.444554 7 53 54
27 4 0 1 0 16 6 17 19 25 33 13 20 -0.257856 11 55 56
28 4 0 1 0 3 20 14 18 33 26 19 14 -0.190049 8 57 58
29 4 0 1 0 15 12 15 20 26 25 20 18 -0.425399 17 59 60
30 4 0 1 0 24 23 15 12 16 29 17 16 -0.889116 -33 61 62
31 5 0 1 0 8 8 18 15 12 7 17 13 -0.598981 -15 63 64
32 5 0 1 0 25 22 15 20 27 11 15 16 -0.111111 -7 65 66
33 5 0 1 0 23 1 14 16 0 14 15 20 -0.041311 -46 67 68
34 5 0 1 0 28 26 12 15 29 33 13 14 -0 28 69 70
35 5 0 1 0 0 26 14 19 2 14 14 15 -0.358634 3 71 72
36 5 0 1 0 14 13 15 16 0 3 16 14 -0 7 73 74
37 5 1 0 11 1 4 0 11 0 0 24 
38 5 0 1 0 22 12 15 18 0 11 17 15 -0.121688 -3 75 76
39 5 1 0 15 1 4 0 15 0 0 59 
40 5 0 1 0 25 0 15 18 21 14 15 18 -0.223958 -47 77 78
41 5 0 1 0 28 32 14 13 26 30 17 16 -0.397906 1 79 80
42 5 1 0 8 1 4 0 0 0 8 77 
43 5 0 1 0 0 29 16 20 4 30 17 14 -0.24517 4 81 82
44 5 0 1 0 24 1 12 20 10 22 18 14 -0.375723 -71 83 84
45 5 0 1 0 17 29 17 18 19 30 13 12 -1.3664 -9 85 86
46 5 0 1 0 17 21 12 15 13 27 17 20 -0.357273 17 87 88
47 5 0 1 0 0 9 17 12 25 19 12 18 -0 4 89 90
48 5 0 1 0 27 31 12 19 20 33 14 18 -0.57337 -25 91 92
49 5 0 1 0 32 18 18 13 8 7 20 12 -0 -69 93 94
50 5 0 1 0 10 8 13 17 7 3 18 16 -0.212544 12 95 96
51 5 0 1 0 16 3 13 20 23 1 18 13 -0.717468 -4 97 98
52 5 0 1 0 19 35 12 17 33 28 19 14 -0.35286 24 99 100
53 5 0 1 0 14 23 19 13 12 14 14 12 -0.34923 34 101 102
54 5 0 1 0 24 31 13 18 8 31 15 14 -0.555722 -35 103 104
55 5 0 1 0 12 20 16 18 17 13 20 15 -0.230952 6 105 106
56 5 0 1 0 11 25 15 15 1 5 16 13 -0 73 107 108
57 5 0 1 0 15 13 17 15 27 12 13 12 -0.0509653 -21 109 110
58 5 0 1 0 7 14 20 18 17 28 19 13 -0.130435 -10 111 112
59 5 0 1 0 11 22 19 12 17 16 15 13 -0.381584 -12 113 114
60 5 0 1 0 9 17 12 19 0 21 16 13 -0.350142 -1 115 116
61 5 0 1 0 14 21 18 13 17 15 14 14 -0.164669 -6 117 118
62 5 0 1 0 2 27 17 12 16 18 20 14 -0.514764 -48 119 120
63 6 0 1 0 27 3 13 20 13 34 12 15 -0.164744 -96 121 122
64 6 0 1 0 15 24 12 16 6 30 12 17 -0.476487 -12 123 124
65 6 1 0 2 1 4 0 1 0 1 11 
66 6 1 0 16 1 4 0 0 0 16 12 
67 6 1 0 2 1 4 0 1 1 0 13 
68 6 0 1 0 13 29 14 15 20 20 14 12 -0.0123397 -11 125 126
69 6 1 0 51 1 4 0 0 51 0 17 
70 6 1 0 4 1 4 0 0 0 4 18 
71 6 1 0 3 1 4 0 0 0 3 19 
72 6 0 1 0 14 12 13 20 26 31 14 12 -0.016129 30 127 128
73 6 1 0 3 1 4 0 0 3 0 22 
74 6 1 0 26 1 4 0 0 0 26 23 
75 6 0 1 0 10 24 12 14 3 15 13 16 -0.0649351 41 129 130
76 6 0 1 0 20 29 15 12 22 30 13 19 -0.107738 8 131 132
77 6 1 0 2 1 4 1 1 0 0 60 
78 6 0 1 0 20 30 16 15 27 27 16 20 -0.030303 18 133 134
79 6 0 1 0 22 13 16 15 24 20 13 13 -0.288356 -20 135 136
80 6 0 1 0 4 21 17 15 4 8 15 19 -0.130159 31 137 138
81 6 0 1 0 9 33 13 13 3 18 18 19 -0.158953 5 139 140
82 6 1 0 6 1 4 3 2 0 1 85 
83 6 0 1 0 34 24 17 13 5 24 17 16 -0 -55 141 142
84 6 0 1 0 15 6 16 16 11 3 20 20 -0.173077 4 143 144
85 6 0 1 0 0 24 16 16 26 1 14 19 -0.321429 2 145 146
86 6 0 1 0 8 6 12 17 2 26 20 12 -0.983441 -2 147 148
87 6 0 1 0 9 10 17 18 8 19 12 19 -0.421053 2 149 150
88 6 0 1 0 23 9 14 20 33 27 17 12 -0 13 151 152
89 6 1 0 35 1 4 0 0 0 35 111 
90 6 1 0 2 1 4 0 2 0 0 112 
91 6 0 1 0 14 31 14 15 15 29 13 20 -0.51003 13 153 154
92 6 0 1 0 17 14 20 13 20 34 13 18 -0.385106 -22 155 156
93 6 1 0 3 1 4 3 0 0 0 144 
94 6 1 0 17 1 4 0 0 0 17 145 
95 6 0 1 0 34 17 14 13 9 10 14 19 -0.887439 -13 157 158
96 6 0 1 0 10 33 13 14 13 31 14 17 -0.143533 10 159 160
97 6 0 1 0 16 9 14 17 16 20 14 17 -0.733866 -10 161 162
98 6 0 1 0 12 16 18 17 16 8 18 12 -0.344276 -9 163 164
99 6 1 0 5 1 4 2 3 0 0 222 
100 6 0 1 0 7 30 16 15 6 13 12 17 -0.308402 24 165 166
101 6 0 1 0 17 16 20 15 19 25 20 17 -0.298477 9 167 168
102 6 0 1 0 26 12 12 12 26 21 18 13 -0.519102 -10 169 170
103 6 0 1 0 1 16 12 15 16 13 18 19 -0.385234 -27 171 172
104 6 0 1 0 9 19 18 17 11 27 18 14 -0.392391 -24 173 174
105 6 0 1 0 19 1 17 19 18 3 16 14 -0.352257 -2 175 176
106 6 0 1 0 24 34 13 13 13 1 18 12 -0.163701 7 177 178
107 6 1 0 2 1 4 0 2 0 0 384 
108 6 1 0 13 1 4 0 0 0 13 385 
109 6 1 0 4 1 4 0 0 0 4 386 
110 6 0 1 0 5 24 16 16 21 21 16 14 -0.0277311 -34 179 180
111 6 0 1 0 25 14 13 12 20 5 15 15 -0.0758514 -18 181 182
112 6 1 0 4 1 4 0 0 2 2 393 
113 6 0 1 0 1 28 14 12 6 0 12 19 -0.997208 23 183 184
114 6 0 1 0 0 26 16 18 9 27 17 16 -0.318083 -33 185 186
115 6 0 1 0 10 22 17 12 18 29 18 12 -0.167832 -5 187 188
116 6 0 1 0 12 22 16 17 23 22 19 12 -0.16604 -9 189 190
117 6 1 0 6 1 4 6 0 0 0 546 
118 6 0 1 0 6 11 14 16 20 6 19 16 -0.0512471 -17 191 192
119 6 0 1 0 31 32 13 14 22 31 12 14 -0.263952 -5 193 194
120 6 0 1 0 17 11 12 12 10 12 20 12 -0.305951 11 195 196
121 7 1 0 6 1 4 0 5 0 1 0 
122 7 0 1 0 29 13 13 14 27 1 14 13 -0.025 5 197 198
123 7 0 1 0 4 23 20 14 13 13 18 17 -0.22591 15 199 200
124 7 0 1 0 2 10 19 13 20 21 19 15 -0.168571 -68 201 202
125 7 1 0 2 1 4 0 0 2 0 14 
126 7 0 1 0 1 12 19 12 10 0 12 15 -0.00641026 -9 203 204
127 7 1 0 29 1 4 29 0 0 0 20 
128 7 1 0 2 1 4 0 0 1 1 21 
129 7 0 1 0 27 22 12 14 11 17 16 15 -0.0454545 -5 205 206
130 7 1 0 3 1 4 0 0 0 3 27 
131 7 0 1 0 26 9 19 15 22 8 14 18 -0.461538 6 207 208
132 7 0 1 0 1 22 13 17 5 20 13 16 -0.0749623 20 209 210
133 7 0 1 0 20 20 13 16 25 33 12 13 -0.0454545 -52 211 212
134 7 1 0 19 1 4 0 0 0 19 63 
135 7 0 1 0 9 20 17 15 2 7 19 17 -0.147321 77 213 214
136 7 0 1 0 25 20 14 16 20 29 18 14 -0.19206 -18 215 216
137 7 0 1 0 5 15 20 12 20 18 14 17 -0 -70 217 218
138 7 1 0 7 1 4 0 0 6 1 76 
139 7 1 0 4 1 4 2 1 0 1 78 
140 7 0 1 0 25 1 14 16 12 2 12 16 -0.08577 71 219 220
141 7 1 0 10 1 4 0 0 0 10 86 
142 7 1 0 7 1 4 0 0 7 0 87 
143 7 0 1 0 32 25 16 13 18 4 13 20 -0.0515873 11 221 222
144 7 1 0 8 1 4 8 0 0 0 91 
145 7 1 0 17 1 4 17 0 0 0 92 
146 7 1 0 7 1 4 1 0 0 6 93 
147 7 0 1 0 10 4 16 20 12 3 20 18 -0.774344 -4 223 224
148 7 0 1 0 28 25 20 17 27 28 19 16 -0.609606 -10 225 226
149 7 1 0 8 1 4 0 1 2 5 106 
150 7 0 1 0 24 30 16 18 19 8 19 14 -0.141414 -21 227 228
151 7 1 0 5 1 4 0 5 0 0 109 
152 7 1 0 40 1 4 40 0 0 0 110 
153 7 0 1 0 22 5 15 17 25 13 15 19 -0.339864 19 229 230
154 7 0 1 0 25 8 16 14 18 27 15 13 -0.286765 -47 231 232
155 7 0 1 0 23 27 20 18 28 29 12 16 -0.458735 -5 233 234
156 7 0 1 0 2 1 20 13 14 21 15 18 -0.162976 -6 235 236
157 7 0 1 0 22 17 20 16 16 31 15 18 -0.44649 -26 237 238
158 7 0 1 0 17 16 13 17 17 34 13 14 -0.785676 -24 239 240
159 7 0 1 0 23 33 13 13 16 10 18 16 -0.0970568 61 241 242
160 7 0 1 0 8 25 17 12 15 5 15 12 -0.84063 11 243 244
161 7 0 1 0 31 33 13 14 0 31 13 16 -0.3 54 245 246
162 7 0 1 0 18 20 14 19 12 1 16 20 -0.208333 16 247 248
163 7 0 1 0 10 31 16 13 22 28 18 12 -0.0667069 -14 249 250
164 7 0 1 0 18 21 13 13 16 2 16 19 -0.226667 41 251 252
165 7 1 0 4 1 4 0 3 0 1 223 
166 7 0 1 0 7 28 16 20 8 3 20 17 -0.248097 27 253 254
167 7 0 1 0 15 1 13 17 22 18 14 19 -0.225722 27 255 256
168 7 0 1 0 5 12 20 18 6 23 14 16 -0.554897 -12 257 258
169 7 0 1 0 26 15 20 20 18 27 12 20 -0.178947 -28 259 260
170 7 0 1 0 7 13 14 15 3 18 16 19 -0.266523 -5 261 262
171 7 0 1 0 20 12 17 19 9 29 15 20 -0.236842 -9 263 264
172 7 1 0 8 1 4 5 3 0 0 314 
173 7 0 1 0 21 15 16 19 24 24 19 17 -0.314815 5 265 266
174 7 0 1 0 18 27 17 17 18 15 19 12 -0.268712 3 267 268
175 7 0 1 0 28 23 13 15 32 16 18 13 -0.183029 -5 269 270
176 7 0 1 0 25 6 15 17 23 22 15 15 -0.292614 -27 271 272
177 7 1 0 5 1 4 0 0 0 5 348 
178 7 0 1 0 22 16 19 13 26 27 19 18 -0.149369 34 273 274
179 7 1 0 2 1 4 0 2 0 0 387 
180 7 0 1 0 21 25 14 19 20 22 18 20 -0.00980392 -1 275 276
181 7 1 0 2 1 4 1 1 0 0 390 
182 7 0 1 0 25 14 13 12 20 5 15 15 -0.0294118 5 277 278
183 7 0 1 0 8 22 18 14 9 16 14 13 -1.03599 21 279 280
184 7 0 1 0 1 28 17 19 27 26 18 14 -0.215817 -28 281 282
185 7 0 1 0 22 10 18 13 22 23 13 18 -0.231598 -17 283 284
186 7 0 1 0 15 7 12 17 8 13 15 13 -0.267148 14 285 286
187 7 0 1 0 3 1 17 18 7 20 14 20 -0 -75 287 288
188 7 1 0 2 1 4 0 0 0 2 540 
189 7 1 0 6 1 4 5 0 0 1 541 
190 7 0 1 0 21 8 12 12 21 33 12 14 -0.103463 -61 289 290
191 7 0 1 0 5 26 13 20 23 26 14 19 -0.0240964 -40 291 292
192 7 0 1 0 0 31 13 17 28 0 14 13 -0.0416667 -1 293 294
193 7 0 1 0 3 32 14 14 20 6 16 19 -0.0540541 15 295 296
194 7 1 0 7 1 4 3 3 0 1 553 
195 7 0 1 0 24 14 12 13 2 3 18 16 -0.131303 43 297 298
196 7 0 1 0 11 24 16 13 27 28 16 14 -0.234667 33 299 300
197 8 1 0 2 1 4 1 1 0 0 1 
198 8 1 0 18 1 4 18 0 0 0 2 
199 8 1 0 8 1 4 0 0 1 7 3 
200 8 0 1 0 2 0 14 14 26 16 13 17 -0.0645161 0 301 302
201 8 1 0 5 1 4 0 1 0 4 8 
202 8 0 1 0 29 25 18 15 26 33 14 20 -0 0 303 304
203 8 1 0 2 1 4 0 0 1 1 15 
204 8 1 0 76 1 4 0 0 0 76 16 
205 8 1 0 9 1 4 0 9 0 0 25 
206 8 1 0 2 1 4 0 1 1 0 26 
207 8 0 1 0 15 21 19 15 14 22 19 15 -0.231061 -1 305 306
208 8 0 1 0 20 34 13 12 27 28 19 14 -0.155375 3 307 308
209 8 0 1 0 4 13 19 20 12 14 12 19 -0.0692523 -61 309 310
210 8 1 0 2 1 4 2 0 0 0 58 
211 8 1 0 2 1 4 0 0 1 1 61 
212 8 1 0 9 1 4 0 0 9 0 62 
213 8 0 1 0 14 27 18 17 26 14 20 14 -0 46 311 312
214 8 1 0 2 1 4 2 0 0 0 66 
215 8 0 1 0 2 15 17 13 2 25 16 13 -0.14708 -11 313 314
216 8 1 0 10 1 4 10 0 0 0 73 
217 8 1 0 7 1 4 0 7 0 0 74 
218 8 1 0 38 1 4 38 0 0 0 75 
219 8 0 1 0 14 24 13 15 16 13 20 14 -0.0739394 17 315 316
220 8 1 0 3 1 4 0 3 0 0 84 
221 8 0 1 0 11 27 17 17 22 9 17 20 -0.0357143 14 317 318
222 8 1 0 4 1 4 0 0 4 0 90 
223 8 0 1 0 6 19 14 15 11 17 20 12 -0.22291 -15 319 320
224 8 0 1 0 28 0 13 16 22 8 20 18 -0.212885 -15 321 322
225 8 1 0 2 1 4 2 0 0 0 100 
226 8 0 1 0 21 6 19 17 22 4 20 14 -0.37963 -3 323 324
227 8 1 0 2 1 4 2 0 0 0 107 
228 8 1 0 9 1 4 0 7 2 0 108 
229 8 0 1 0 31 32 15 16 18 6 13 18 -0.214934 -43 325 326
230 8 0 1 0 17 22 18 18 17 22 15 17 -0.0803571 1 327 328
231 8 0 1 0 11 23 15 20 26 19 19 15 -0.208333 67 329 330
232 8 0 1 0 0 7 13 18 23 2 20 19 -0.125 -14 331 332
233 8 1 0 9 1 4 1 1 3 4 131 
234 8 0 1 0 17 20 16 20 19 22 12 15 -0.212905 11 333 334
235 8 0 1 0 4 4 20 16 8 5 12 13 -0.0807847 9 335 336
236 8 1 0 3 1 4 0 0 2 1 143 
237 8 0 1 0 28 16 16 13 0 32 12 19 -0.345443 -30 337 338
238 8 0 1 0 30 28 16 12 16 0 14 17 -0 72 339 340
239 8 0 1 0 21 32 12 14 19 18 13 18 -0.242424 16 341 342
240 8 0 1 0 7 21 13 19 26 31 16 15 -0.427083 -32 343 344
241 8 0 1 0 1 34 13 17 2 22 16 16 -0.0879827 20 345 346
242 8 0 1 0 0 18 17 15 16 21 20 16 -0.25348 -127 347 348
243 8 0 1 0 25 19 18 19 24 18 19 17 -0.2442 5 349 350
244 8 0 1 0 15 0 12 13 8 1 16 16 -0.139583 -12 351 352
245 8 1 0 5 1 4 1 2 0 2 205 
246 8 1 0 19 1 4 0 0 0 19 206 
247 8 1 0 2 1 4 0 0 0 2 207 
248 8 0 1 0 0 26 20 17 18 25 13 19 -0 -73 353 354
249 8 0 1 0 18 20 14 19 12 1 16 20 -0.0208333 10 355 356
250 8 0 1 0 20 1 14 17 23 22 12 13 -0.0216931 -70 357 358
251 8 0 1 0 27 24 14 16 19 32 15 20 -0.0857143 -33 359 360
252 8 0 1 0 0 8 19 16 7 24 12 16 -0.10625 -89 361 362
253 8 1 0 2 1 4 0 2 0 0 224 
254 8 0 1 0 0 16 19 14 3 10 19 13 -0.220143 6 363 364
255 8 0 1 0 2 32 14 13 1 31 13 15 -0.205853 2 365 366
256 8 0 1 0 21 29 14 13 14 0 16 19 -0 32 367 368
257 8 1 0 6 1 4 0 0 0 6 292 
258 8 0 1 0 27 29 18 19 27 30 16 17 -0.461608 -1 369 370
259 8 0 1 0 22 23 19 20 1 17 17 20 -0.117302 26 371 372
260 8 1 0 5 1 4 0 0 1 4 308 
261 8 1 0 3 1 4 1 1 0 1 309 
262 8 0 1 0 19 19 15 12 20 11 15 20 -0.0689655 41 373 374
263 8 1 0 17 1 4 0 0 0 17 312 
264 8 1 0 2 1 4 1 0 0 1 313 
265 8 0 1 0 10 2 12 15 10 1 18 18 -0.205128 -17 375 376
266 8 1 0 9 1 4 0 0 0 9 318 
267 8 0 1 0 13 24 19 13 11 26 19 12 -0.133697 -5 377 378
268 8 0 1 0 31 30 16 16 30 27 16 13 -0.316556 3 379 380
269 8 1 0 3 1 4 0 0 3 0 337 
270 8 0 1 0 22 34 12 16 5 30 17 18 -0.0977748 34 381 382
271 8 1 0 6 1 4 0 0 3 3 344 
272 8 0 1 0 18 32 14 19 3 8 20 19 -0.105769 9 383 384
273 8 0 1 0 10 13 12 20 32 18 12 15 -0.136326 -11 385 386
274 8 1 0 5 1 4 0 1 0 4 383 
275 8 1 0 3 1 4 0 2 1 0 388 
276 8 1 0 65 1 4 0 0 65 0 389 
277 8 1 0 15 1 4 0 15 0 0 391 
278 8 1 0 2 1 4 0 1 1 0 392 
279 8 0 1 0 1 14 13 13 2 15 14 14 -0.982361 1 387 388
280 8 0 1 0 22 2 17 14 7 23 18 15 -0.0294118 -51 389 390
281 8 1 0 8 1 4 0 5 3 0 407 
282 8 0 1 0 11 8 19 16 14 8 18 17 -0.0911705 -2 391 392
283 8 0 1 0 1 10 19 18 33 27 19 13 -0.146666 -12 393 394
284 8 0 1 0 16 27 20 12 25 8 20 12 -0.341576 8 395 396
285 8 0 1 0 31 26 14 16 15 11 12 12 -0.202643 -1 397 398
286 8 0 1 0 19 17 12 18 28 1 12 15 -0.652366 23 399 400
287 8 1 0 3 1 4 0 3 0 0 538 
288 8 1 0 8 1 4 8 0 0 0 539 
289 8 1 0 4 1 4 0 3 0 1 542 
290 8 0 1 0 7 25 19 19 9 16 16 12 -0.057991 -9 401 402
291 8 1 0 2 1 4 0 1 0 1 547 
292 8 1 0 81 1 4 0 0 0 81 548 
293 8 1 0 2 1 4 0 1 1 0 549 
294 8 1 0 10 1 4 0 0 10 0 550 
295 8 1 0 34 1 4 0 0 0 34 551 
296 8 1 0 3 1 4 0 1 1 1 552 
297 8 0 1 0 21 18 18 12 3 4 16 20 -0.0178571 48 403 404
298 8 1 0 6 1 4 4 1 1 0 556 
299 8 0 1 0 17 9 20 19 19 35 12 19 -0.18534 -50 405 406
300 8 1 0 3 1 4 0 0 0 3 569 
301 9 0 1 0 33 0 14 12 32 9 20 12 -0.063147 -1 407 408
302 9 1 0 8 1 4 0 8 0 0 7 
303 9 1 0 27 1 4 0 27 0 0 9 
304 9 1 0 3 1 4 3 0 0 0 10 
305 9 1 0 3 1 4 0 0 1 2 28 
306 9 1 0 8 1 4 5 3 0 0 29 
307 9 0 1 0 14 19 15 15 29 26 16 18 -0.125874 -37 409 410
308 9 0 1 0 22 13 16 13 4 17 19 12 -0.0203252 3 411 412
309 9 1 0 3 1 4 2 0 0 1 35 
310 9 0 1 0 7 11 14 13 7 6 18 13 -0.0620509 -6 413 414
311 9 1 0 11 1 4 0 0 11 0 64 
312 9 1 0 3 1 4 0 0 0 3 65 
313 9 1 0 9 1 4 0 3 2 4 67 
314 9 0 1 0 22 18 15 18 6 22 19 13 -0.066332 53 415 416
315 9 0 1 0 26 17 12 12 27 1 15 17 -0.03603 -2 417 418
316 9 1 0 5 1 4 1 0 1 3 83 
317 9 1 0 2 1 4 1 1 0 0 88 
318 9 1 0 12 1 4 0 12 0 0 89 
319 9 1 0 2 1 4 2 0 0 0 94 
320 9 0 1 0 18 1 18 20 4 7 18 16 -0 3 419 420
321 9 1 0 13 1 4 13 0 0 0 97 
322 9 0 1 0 28 29 14 15 19 29 18 17 -0.042328 -8 421 422
323 9 1 0 2 1 4 2 0 0 0 101 
324 9 0 1 0 12 19 18 14 18 8 12 13 -0.206909 10 423 424
325 9 1 0 7 1 4 0 0 0 7 113 
326 9 0 1 0 31 19 19 16 34 25 20 13 -0.155917 18 425 426
327 9 1 0 16 1 4 16 0 0 0 123 
328 9 0 1 0 11 30 16 13 4 28 19 19 -0 10 427 428
329 9 0 1 0 27 32 14 15 7 7 20 15 -0 -8 429 430
330 9 1 0 2 1 4 0 1 0 1 128 
331 9 1 0 14 1 4 0 0 0 14 129 
332 9 1 0 2 1 4 0 1 0 1 130 
333 9 0 1 0 30 21 17 12 31 22 19 16 -0.0992908 -3 431 432
334 9 1 0 2 1 4 0 0 0 2 137 
335 9 0 1 0 24 16 13 15 28 13 20 16 -0.0401665 25 433 434
336 9 1 0 2 1 4 0 0 1 1 142 
337 9 0 1 0 30 1 14 17 23 0 16 13 -0.0428571 -1 435 436
338 9 1 0 8 1 4 0 2 3 3 149 
339 9 1 0 33 1 4 33 0 0 0 150 
340 9 1 0 2 1 4 0 2 0 0 151 
341 9 1 0 8 1 4 0 0 0 8 152 
342 9 0 1 0 9 15 16 20 4 20 17 19 -0.124348 15 437 438
343 9 1 0 10 1 4 10 0 0 0 156 
344 9 1 0 6 1 4 1 0 2 3 157 
345 9 0 1 0 23 28 12 19 15 29 14 16 -0.287418 -20 439 440
346 9 0 1 0 23 20 12 12 22 19 16 13 -0.063118 12 441 442
347 9 1 0 4 1 4 0 0 4 0 193 
348 9 0 1 0 0 17 18 18 13 26 12 14 -0.110663 -64 443 444
349 9 0 1 0 19 17 13 13 22 6 13 13 -0.0512821 50 445 446
350 9 1 0 3 1 4 0 0 2 1 201 
351 9 1 0 8 1 4 3 5 0 0 202 
352 9 0 1 0 32 15 15 15 7 20 17 15 -0.0416667 -15 447 448
353 9 1 0 7 1 4 0 7 0 0 208 
354 9 1 0 5 1 4 5 0 0 0 209 
355 9 1 0 2 1 4 0 1 1 0 210 
356 9 1 0 22 1 4 0 22 0 0 211 
357 9 1 0 3 1 4 0 3 0 0 212 
358 9 0 1 0 32 27 20 15 12 20 16 20 -0.0119048 -34 449 450
359 9 1 0 3 1 4 0 0 0 3 215 
360 9 1 0 7 1 4 0 1 6 0 216 
361 9 1 0 2 1 4 0 0 1 1 217 
362 9 0 1 0 29 16 14 18 18 32 12 12 -0.0416667 -56 451 452
363 9 0 1 0 30 19 19 14 26 28 13 17 -0.0792751 -38 453 454
364 9 0 1 0 24 25 15 17 22 27 17 16 -0.0606061 -23 455 456
365 9 0 1 0 27 28 16 15 22 13 12 16 -0.183724 -8 457 458
366 9 0 1 0 33 32 14 12 24 29 14 14 -0.175217 -26 459 460
367 9 1 0 11 1 4 0 0 0 11 290 
368 9 1 0 8 1 4 0 8 0 0 291 
369 9 0 1 0 9 32 13 14 24 32 13 19 -0.439142 16 461 462
370 9 0 1 0 16 27 12 19 29 24 20 15 -0.176281 7 463 464
371 9 1 0 2 1 4 0 1 0 1 305 
372 9 0 1 0 18 22 16 14 11 9 12 19 -0 89 465 466
373 9 1 0 27 1 4 0 0 0 27 310 
374 9 1 0 2 1 4 0 1 0 1 311 
375 9 1 0 5 1 4 5 0 0 0 315 
376 9 0 1 0 9 16 18 18 23 15 14 16 -0.153846 -32 467 468
377 9 1 0 2 1 4 0 0 0 2 319 
378 9 0 1 0 19 2 12 16 18 0 14 15 -0.0867882 -6 469 470
379 9 0 1 0 16 26 13 15 3 21 18 17 -0.287305 19 471 472
380 9 0 1 0 2 11 14 20 10 21 20 15 -0.0202703 -8 473 474
381 9 0 1 0 21 23 13 17 4 1 19 16 -0.00847458 105 475 476
382 9 0 1 0 17 6 13 14 17 2 20 14 -0.132184 11 477 478
383 9 1 0 3 1 4 0 0 3 0 345 
384 9 0 1 0 21 0 17 12 13 11 14 20 -0 -30 479 480
385 9 0 1 0 10 30 13 19 11 28 17 13 -0.142857 4 481 482
386 9 0 1 0 21 17 20 14 24 26 20 13 -0.118904 -4 483 484
387 9 0 1 0 24 22 18 19 29 31 15 15 -0.622969 16 485 486
388 9 0 1 0 12 18 17 14 9 22 18 16 -0.544322 7 487 488
389 9 1 0 2 1 4 0 0 1 1 405 
390 9 1 0 15 1 4 0 0 0 15 406 
391 9 0 1 0 19 17 20 14 1 32 12 12 -0.0146199 -12 489 490
392 9 1 0 4 1 4 0 2 2 0 410 
393 9 0 1 0 0 30 16 13 2 12 20 20 -0.128927 -8 491 492
394 9 0 1 0 32 15 15 15 12 1 13 18 -0.0671679 -24 493 494
395 9 1 0 3 1 4 3 0 0 0 439 
396 9 0 1 0 6 24 15 19 8 21 12 14 -0.257074 0 495 496
397 9 0 1 0 16 26 18 15 7 31 16 17 -0.510792 -18 497 498
398 9 0 1 0 31 33 14 12 6 33 14 12 -0.145147 103 499 500
399 9 0 1 0 32 10 19 14 1 8 16 15 -0.329861 21 501 502
400 9 0 1 0 15 21 13 19 1 3 12 14 -0.369412 128 503 504
401 9 1 0 3 1 4 1 1 0 1 543 
402 9 0 1 0 1 16 17 15 1 6 13 18 -0.0258621 -1 505 506
403 9 1 0 26 1 4 0 0 26 0 554 
404 9 1 0 2 1 4 0 0 1 1 555 
405 9 0 1 0 23 23 12 17 25 1 19 17 -0.158371 37 507 508
406 9 0 1 0 19 28 12 18 21 21 18 16 -0.123463 -17 509 510
407 10 0 1 0 29 13 13 14 27 1 14 13 -0.0238095 22 511 512
408 10 1 0 2 1 4 0 0 1 1 6 
409 10 1 0 2 1 4 0 0 0 2 30 
410 10 0 1 0 15 21 19 15 14 22 19 15 -0 3 513 514
411 10 1 0 6 1 4 0 0 5 1 33 
412 10 1 0 35 1 4 0 0 0 35 34 
413 10 1 0 4 1 4 1 1 1 1 36 
414 10 0 1 0 1 23 19 14 3 24 17 17 -0.0557888 4 515 516
415 10 0 1 0 21 10 19 17 23 29 18 12 -0.0429062 -15 517 518
416 10 1 0 2 1 4 0 0 0 2 72 
417 10 1 0 2 1 4 0 1 0 1 79 
418 10 0 1 0 23 13 19 12 16 20 20 15 -0.0182637 -40 519 520
419 10 1 0 9 1 4 0 0 9 0 95 
420 10 1 0 8 1 4 0 0 0 8 96 
421 10 1 0 9 1 4 1 8 0 0 98 
422 10 1 0 12 1 4 0 0 12 0 99 
423 10 0 1 0 2 19 15 13 21 23 16 18 -0.0751342 0 521 522
424 10 1 0 2 1 4 1 1 0 0 105 
425 10 0 1 0 19 24 18 20 14 31 12 17 -0.111546 33 523 524
426 10 1 0 3 1 4 0 0 0 3 122 
427 10 1 0 3 1 4 3 0 0 0 124 
428 10 1 0 9 1 4 0 9 0 0 125 
429 10 1 0 2 1 4 2 0 0 0 126 
430 10 1 0 14 1 4 0 14 0 0 127 
431 10 1 0 10 1 4 10 0 0 0 132 
432 10 0 1 0 26 16 15 18 28 24 19 12 -0.0425532 -19 525 526
433 10 0 1 0 7 23 19 14 14 8 14 16 -0.00413223 -58 527 528
434 10 0 1 0 16 21 18 18 25 25 13 12 -0 -3 529 530
435 10 1 0 11 1 4 11 0 0 0 146 
436 10 0 1 0 18 26 20 19 14 23 17 19 -0.05 6 531 532
437 10 0 1 0 23 18 13 13 20 20 14 20 -0.0326087 10 533 534
438 10 1 0 2 1 4 1 1 0 0 155 
439 10 1 0 4 1 4 0 0 0 4 158 
440 10 0 1 0 24 24 13 15 22 33 12 13 -0.138889 -38 535 536
441 10 0 1 0 3 33 14 18 10 30 14 12 -0.0578776 -28 537 538
442 10 1 0 2 1 4 0 0 0 2 192 
443 10 0 1 0 3 4 20 13 2 23 15 20 -0.0416667 -52 539 540
444 10 0 1 0 26 29 17 13 16 5 14 17 -0.0414079 60 541 542
445 10 1 0 37 1 4 37 0 0 0 199 
446 10 1 0 2 1 4 0 1 0 1 200 
447 10 1 0 10 1 4 0 0 0 10 203 
448 10 1 0 2 1 4 0 0 1 1 204 
449 10 1 0 2 1 4 1 1 0 0 213 
450 10 1 0 40 1 4 40 0 0 0 214 
451 10 0 1 0 23 7 15 16 27 16 18 20 -0.0328165 22 543 544
452 10 1 0 3 1 4 3 0 0 0 221 
453 10 1 0 3 1 4 0 2 0 1 225 
454 10 0 1 0 11 22 20 12 11 23 17 14 -0.0459135 -8 545 546
455 10 1 0 8 1 4 0 0 0 8 229 
456 10 1 0 3 1 4 2 1 0 0 230 
457 10 0 1 0 9 29 13 16 7 16 12 17 -0.74609 5 547 548
458 10 0 1 0 8 21 18 12 2 19 16 20 -0.128693 33 549 550
459 10 0 1 0 25 23 17 19 28 23 12 17 -0.0565661 12 551 552
460 10 0 1 0 22 24 19 16 7 20 16 20 -0.150542 28 553 554
461 10 0 1 0 9 35 12 12 2 21 17 18 -0.148666 17 555 556
462 10 0 1 0 22 24 18 19 23 33 14 15 -0.0952381 -31 557 558
463 10 0 1 0 19 19 19 15 1 20 13 17 -0.047619 39 559 560
464 10 0 1 0 12 16 19 15 12 33 14 15 -0.0773109 -14 561 562
465 10 1 0 29 1 4 0 29 0 0 306 
466 10 1 0 2 1 4 2 0 0 0 307 
467 10 1 0 2 1 4 0 1 0 1 316 
468 10 1 0 11 1 4 0 11 0 0 317 
469 10 0 1 0 5 14 20 20 10 12 13 15 -0.2 -18 563 564
470 10 0 1 0 12 19 20 16 8 15 18 14 -0.0458561 4 565 566
471 10 1 0 11 1 4 11 0 0 0 328 
472 10 0 1 0 23 24 16 14 19 9 20 13 -0.222648 -1 567 568
473 10 1 0 33 1 4 33 0 0 0 335 
474 10 1 0 4 1 4 0 3 1 0 336 
475 10 1 0 57 1 4 57 0 0 0 338 
476 10 1 0 2 1 4 1 1 0 0 339 
477 10 0 1 0 7 4 15 14 4 34 12 14 -0.033046 -14 569 570
478 10 1 0 7 1 4 7 0 0 0 343 
479 10 1 0 2 1 4 2 0 0 0 346 
480 10 1 0 11 1 4 0 11 0 0 347 
481 10 1 0 7 1 4 0 0 5 2 349 
482 10 1 0 3 1 4 0 3 0 0 350 
483 10 0 1 0 7 2 14 15 16 29 17 18 -0.103939 -17 571 572
484 10 0 1 0 14 31 14 17 16 25 18 12 -0.151042 -5 573 574
485 10 0 1 0 34 16 16 13 20 9 16 19 -0.413766 -41 575 576
486 10 1 0 5 1 4 0 1 0 4 400 
487 10 0 1 0 23 17 15 14 27 34 13 18 -0.234127 -12 577 578
488 10 1 0 5 1 4 3 2 0 0 404 
489 10 1 0 6 1 4 1 5 0 0 408 
490 10 1 0 51 1 4 51 0 0 0 409 
491 10 0 1 0 2 11 19 12 16 30 15 16 -0 -63 579 580
492 10 0 1 0 22 10 15 20 2 35 12 12 -0.114267 5 581 582
493 10 1 0 3 1 4 0 0 2 1 436 
494 10 0 1 0 12 10 14 19 20 23 20 12 -0.0285714 -52 583 584
495 10 1 0 6 1 4 0 6 0 0 440 
496 10 0 1 0 22 3 16 17 13 0 15 20 -0.207755 7 585 586
497 10 0 1 0 30 29 14 14 21 28 14 12 -0.203704 -46 587 588
498 10 0 1 0 21 31 14 12 12 14 20 13 -0.412602 -2 589 590
499 10 0 1 0 4 22 15 18 3 28 19 13 -0.136851 14 591 592
500 10 0 1 0 11 29 16 13 1 6 17 14 -0 -1 593 594
501 10 0 1 0 31 21 12 12 23 12 18 15 -0.0546875 -17 595 596
502 10 1 0 2 1 4 2 0 0 0 531 
503 10 0 1 0 22 19 14 19 23 20 17 17 -0.214309 -11 597 598
504 10 1 0 5 1 4 0 0 3 2 537 
505 10 1 0 3 1 4 1 0 0 2 544 
506 10 1 0 229 1 4 0 0 0 229 545 
507 10 1 0 4 1 4 0 0 2 2 557 
508 10 0 1 0 26 4 19 15 1 6 16 16 -0 61 599 600
509 10 1 0 2 1 4 0 0 0 2 560 
510 10 0 1 0 32 34 12 14 30 32 14 17 -0.0945975 17 601 602
511 11 1 0 19 1 4 0 0 19 0 4 
512 11 1 0 2 1 4 0 1 1 0 5 
513 11 1 0 9 1 4 0 0 9 0 31 
514 11 1 0 2 1 4 0 2 0 0 32 
515 11 0 1 0 25 0 17 15 23 10 18 12 -0.0522746 11 603 604
516 11 1 0 2 1 4 1 0 1 0 57 
517 11 0 1 0 12 1 15 16 28 14 18 18 -0.00624925 -10 605 606
518 11 1 0 4 1 4 0 2 0 2 71 
519 11 1 0 2 1 4 0 1 0 1 80 
520 11 0 1 0 5 3 18 16 2 5 20 15 -0.00308642 -5 607 608
521 11 0 1 0 4 24 20 12 6 4 15 20 -0.0465116 -12 609 610
522 11 1 0 9 1 4 0 0 9 0 104 
523 11 0 1 0 22 29 12 18 23 16 20 19 -0.0781609 10 611 612
524 11 1 0 2 1 4 0 0 0 2 121 
525 11 0 1 0 0 20 17 20 23 16 12 17 -0.0343165 24 613 614
526 11 1 0 4 1 4 4 0 0 0 136 
527 11 1 0 2 1 4 1 1 0 0 138 
528 11 1 0 119 1 4 119 0 0 0 139 
529 11 1 0 11 1 4 0 11 0 0 140 
530 11 1 0 8 1 4 8 0 0 0 141 
531 11 1 0 2 1 4 1 1 0 0 147 
532 11 1 0 8 1 4 0 8 0 0 148 
533 11 1 0 19 1 4 0 0 19 0 153 
534 11 1 0 4 1 4 0 0 1 3 154 
535 11 1 0 3 1 4 0 2 0 1 159 
536 11 0 1 0 23 9 16 19 25 15 17 16 -0.0269608 -12 615 616
537 11 1 0 3 1 4 1 0 0 2 163 
538 11 0 1 0 24 33 14 15 21 30 13 13 -0.0496159 17 617 618
539 11 1 0 2 1 4 1 1 0 0 194 
540 11 1 0 10 1 4 10 0 0 0 195 
541 11 1 0 2 1 4 2 0 0 0 196 
542 11 0 1 0 14 15 18 18 11 24 20 19 -0.0238095 -23 619 620
543 11 0 1 0 29 34 12 16 7 6 18 12 -0.0116279 97 621 622
544 11 1 0 2 1 4 1 1 0 0 220 
545 11 1 0 2 1 4 0 1 0 1 226 
546 11 0 1 0 5 11 12 18 8 13 18 18 -0.0260417 -10 623 624
547 11 0 1 0 29 31 16 18 24 28 15 12 -0 -17 625 626
548 11 0 1 0 19 28 17 12 17 25 15 19 -0.725869 13 627 628
549 11 0 1 0 4 10 14 20 0 9 17 14 -0.120972 5 629 630
550 11 1 0 3 1 4 0 0 0 3 275 
551 11 1 0 9 1 4 7 2 0 0 276 
552 11 0 1 0 27 23 17 20 22 9 18 12 -0.0322581 -57 631 632
553 11 0 1 0 13 26 15 14 15 35 12 18 -0.032037 -29 633 634
554 11 0 1 0 17 18 17 13 9 18 18 20 -0.158942 38 635 636
555 11 0 1 0 20 7 12 12 30 32 14 12 -0.0889488 34 637 638
556 11 0 1 0 1 27 20 15 0 28 13 19 -0.025 -10 639 640
557 11 1 0 6 1 4 2 4 0 0 299 
558 11 1 0 8 1 4 0 0 0 8 300 
559 11 1 0 3 1 4 0 0 2 1 301 
560 11 1 0 11 1 4 0 11 0 0 302 
561 11 1 0 5 1 4 2 1 0 2 303 
562 11 1 0 114 1 4 114 0 0 0 304 
563 11 1 0 8 1 4 0 8 0 0 320 
564 11 1 0 2 1 4 0 1 0 1 321 
565 11 1 0 2 1 4 0 1 0 1 322 
566 11 0 1 0 12 24 15 20 15 26 19 12 -0.0265086 13 641 642
567 11 1 0 2 1 4 0 0 0 2 329 
568 11 0 1 0 12 19 16 17 4 26 12 15 -0.149297 2 643 644
569 11 1 0 5 1 4 5 0 0 0 340 
570 11 0 1 0 11 5 18 13 6 24 12 15 -0.0208333 2 645 646
571 11 0 1 0 28 3 12 12 26 12 16 14 -0.0954871 17 647 648
572 11 1 0 3 1 4 0 0 1 2 379 
573 11 0 1 0 30 1 18 15 26 2 15 18 -0.0347222 1 649 650
574 11 1 0 8 1 4 1 7 0 0 382 
575 11 1 0 2 1 4 0 0 0 2 394 
576 11 0 1 0 14 31 14 12 20 34 13 14 -0.235423 -20 651 652
577 11 1 0 9 1 4 1 1 7 0 401 
578 11 0 1 0 2 27 16 19 22 17 20 19 -0.0416667 -11 653 654
579 11 1 0 15 1 4 0 15 0 0 411 
580 11 1 0 3 1 4 0 0 3 0 412 
581 11 0 1 0 31 32 15 15 29 28 15 18 -0.0957865 -7 655 656
582 11 0 1 0 9 4 15 12 4 2 19 16 -0 2 657 658
583 11 1 0 31 1 4 0 31 0 0 437 
584 11 1 0 4 1 4 2 2 0 0 438 
585 11 0 1 0 5 14 13 20 4 19 16 16 -0.281161 8 659 660
586 11 0 1 0 1 24 20 14 0 21 17 17 -0.0517056 29 661 662
587 11 1 0 3 1 4 0 3 0 0 453 
588 11 0 1 0 28 2 16 16 21 16 20 12 -0 -6 663 664
589 11 1 0 4 1 4 0 0 1 3 456 
590 11 0 1 0 17 11 12 15 27 21 18 13 -0.33835 18 665 666
591 11 0 1 0 13 19 15 12 15 14 12 18 -0.126997 -13 667 668
592 11 0 1 0 21 34 12 19 33 20 13 13 -0 45 669 670
593 11 1 0 2 1 4 0 0 2 0 527 
594 11 1 0 57 1 4 0 57 0 0 528 
595 11 1 0 8 1 4 0 0 0 8 529 
596 11 1 0 8 1 4 0 1 7 0 530 
597 11 0 1 0 27 29 15 20 26 25 13 18 -0 16 671 672
598 11 0 1 0 7 27 15 20 17 26 19 13 -0.0589415 3 673 674
599 11 1 0 11 1 4 0 11 0 0 558 
600 11 1 0 2 1 4 2 0 0 0 559 
601 11 0 1 0 10 12 20 15 3 2 15 16 -0.0728974 98 675 676
602 11 1 0 2 1 4 0 0 1 1 568 
603 12 0 1 0 9 9 18 18 10 29 14 12 -0.0491721 -12 677 678
604 12 1 0 3 1 4 0 2 0 1 56 
605 12 1 0 2 1 4 2 0 0 0 68 
606 12 0 1 0 27 6 17 16 32 20 14 14 -0.00318471 19 679 680
607 12 1 0 3 1 4 0 0 2 1 81 
608 12 1 0 213 1 4 0 0 0 213 82 
609 12 1 0 2 1 4 0 1 0 1 102 
610 12 1 0 41 1 4 0 0 0 41 103 
611 12 0 1 0 1 23 16 13 10 18 20 20 -0 -19 681 682
612 12 0 1 0 21 22 19 14 26 17 20 12 -0.0481707 6 683 684
613 12 0 1 0 6 7 15 12 26 22 16 12 -0.0121951 -33 685 686
614 12 1 0 2 1 4 1 1 0 0 135 
615 12 1 0 2 1 4 0 2 0 0 160 
616 12 0 1 0 1 26 17 19 31 31 14 13 -0.0147059 -72 687 688
617 12 0 1 0 18 19 18 14 15 23 12 20 -0.0392582 -6 689 690
618 12 0 1 0 21 21 19 16 15 9 13 19 -0.233333 3 691 692
619 12 1 0 2 1 4 0 1 1 0 197 
620 12 1 0 19 1 4 0 19 0 0 198 
621 12 1 0 41 1 4 0 41 0 0 218 
622 12 1 0 2 1 4 0 1 1 0 219 
623 12 1 0 122 1 4 0 0 0 122 227 
624 12 1 0 6 1 4 0 1 0 5 228 
625 12 1 0 22 1 4 0 22 0 0 231 
626 12 1 0 5 1 4 5 0 0 0 232 
627 12 1 0 9 1 4 3 4 1 1 233 
628 12 0 1 0 0 18 20 16 7 12 15 19 -0 -48 693 694
629 12 0 1 0 24 23 18 17 14 1 20 14 -0.158242 32 695 696
630 12 0 1 0 1 15 19 17 0 29 14 15 -0.107944 -6 697 698
631 12 1 0 2 1 4 0 1 0 1 277 
632 12 0 1 0 8 6 17 20 16 14 16 15 -0.0122268 -74 699 700
633 12 1 0 4 1 4 1 3 0 0 281 
634 12 0 1 0 1 26 18 12 0 24 14 15 -0.01 6 701 702
635 12 0 1 0 32 5 15 15 16 24 13 18 -0.0799632 -16 703 704
636 12 0 1 0 14 19 14 20 11 20 12 15 -0 31 705 706
637 12 0 1 0 12 11 13 15 4 18 16 20 -0.0562338 15 707 708
638 12 1 0 3 1 4 3 0 0 0 296 
639 12 1 0 8 1 4 1 7 0 0 297 
640 12 1 0 27 1 4 27 0 0 0 298 
641 12 0 1 0 19 27 13 18 22 28 15 13 -0.0150927 -14 709 710
642 12 1 0 5 1 4 1 4 0 0 327 
643 12 1 0 5 1 4 0 0 5 0 330 
644 12 0 1 0 29 22 20 14 29 25 15 15 -0.0573192 -5 711 712
645 12 1 0 22 1 4 0 22 0 0 341 
646 12 1 0 2 1 4 1 1 0 0 342 
647 12 0 1 0 33 28 16 14 29 33 13 15 -0.0884349 -2 713 714
648 12 1 0 4 1 4 0 0 3 1 378 
649 12 1 0 18 1 4 18 0 0 0 380 
650 12 1 0 6 1 4 1 5 0 0 381 
651 12 0 1 0 11 5 14 14 28 19 18 15 -0.0837912 -89 715 716
652 12 0 1 0 2 27 16 19 22 17 20 19 -0.0238095 -7 717 718
653 12 1 0 10 1 4 0 0 0 10 402 
654 12 1 0 2 1 4 0 0 1 1 403 
655 12 0 1 0 31 2 17 14 7 3 17 12 -0.0277778 4 719 720
656 12 0 1 0 5 27 18 19 14 22 12 13 -0.0826709 -26 721 722
657 12 1 0 15 1 4 0 0 0 15 434 
658 12 1 0 2 1 4 0 0 2 0 435 
659 12 0 1 0 7 27 13 19 0 28 19 13 -0.166984 40 723 724
660 12 1 0 2 1 4 1 1 0 0 448 
661 12 0 1 0 20 33 12 19 26 27 18 16 -0.011935 4 725 726
662 12 1 0 7 1 4 1 0 5 1 452 
663 12 1 0 11 1 4 0 0 0 11 454 
664 12 1 0 7 1 4 0 0 7 0 455 
665 12 0 1 0 23 33 14 14 8 10 13 14 -0.282068 17 727 728
666 12 1 0 9 1 4 9 0 0 0 466 
667 12 0 1 0 18 26 17 14 19 23 17 18 -0.151786 2 729 730
668 12 0 1 0 4 25 14 12 7 15 17 13 -0.116109 -5 731 732
669 12 1 0 6 1 4 0 0 6 0 525 
670 12 1 0 32 1 4 0 32 0 0 526 
671 12 1 0 11 1 4 0 11 0 0 532 
672 12 1 0 3 1 4 0 0 3 0 533 
673 12 0 1 0 13 18 17 15 25 3 14 12 -0.00757576 55 733 734
674 12 1 0 5 1 4 0 3 1 1 536 
675 12 0 1 0 12 28 17 19 6 34 12 17 -0.049558 21 735 736
676 12 1 0 4 1 4 1 0 3 0 567 
677 13 0 1 0 20 27 12 14 22 23 19 12 -0.0390835 17 737 738
678 13 0 1 0 15 1 20 18 25 1 15 18 -0.221569 40 739 740
679 13 1 0 155 1 4 0 155 0 0 69 
680 13 1 0 2 1 4 0 1 1 0 70 
681 13 1 0 8 1 4 8 0 0 0 114 
682 13 1 0 2 1 4 0 2 0 0 115 
683 13 1 0 4 1 4 0 2 0 2 116 
684 13 0 1 0 22 27 13 14 13 8 19 16 -0.0123418 -11 741 742
685 13 1 0 39 1 4 0 39 0 0 133 
686 13 1 0 2 1 4 0 1 1 0 134 
687 13 1 0 2 1 4 1 1 0 0 161 
688 13 1 0 32 1 4 32 0 0 0 162 
689 13 1 0 3 1 4 1 0 2 0 164 
690 13 0 1 0 23 19 19 18 20 18 12 16 -0.0360427 19 743 744
691 13 1 0 14 1 4 14 0 0 0 188 
692 13 0 1 0 27 28 18 12 18 29 17 16 -0.104167 16 745 746
693 13 1 0 6 1 4 0 6 0 0 234 
694 13 1 0 22 1 4 0 0 0 22 235 
695 13 0 1 0 11 26 17 12 3 27 16 20 -0 4 747 748
696 13 1 0 7 1 4 1 6 0 0 238 
697 13 0 1 0 21 28 13 13 12 5 18 19 -0.0352564 45 749 750
698 13 0 1 0 6 24 13 18 5 16 18 19 -0.0976667 5 751 752
699 13 1 0 2 1 4 1 1 0 0 278 
700 13 0 1 0 31 6 14 16 12 7 12 16 -0.00416667 -2 753 754
701 13 1 0 48 1 4 48 0 0 0 282 
702 13 1 0 2 1 4 1 1 0 0 283 
703 13 0 1 0 23 20 14 17 29 21 15 18 -0.0302083 11 755 756
704 13 1 0 2 1 4 0 0 2 0 287 
705 13 1 0 8 1 4 8 0 0 0 288 
706 13 1 0 3 1 4 0 3 0 0 289 
707 13 1 0 2 1 4 0 1 0 1 293 
708 13 0 1 0 16 29 12 18 14 13 17 20 -0.00980392 7 757 758
709 13 1 0 4 1 4 1 3 0 0 323 
710 13 0 1 0 13 34 12 18 12 19 18 17 -0.00962436 28 759 760
711 13 1 0 11 1 4 11 0 0 0 331 
712 13 0 1 0 16 31 16 20 34 1 12 13 -0.0140693 59 761 762
713 13 0 1 0 2 20 19 19 3 35 12 17 -0.0804564 -2 763 764
714 13 1 0 5 1 4 0 1 3 1 377 
715 13 1 0 2 1 4 0 0 1 1 395 
716 13 0 1 0 26 10 15 15 13 11 20 16 -0 32 765 766
717 13 1 0 19 1 4 19 0 0 0 398 
718 13 1 0 2 1 4 0 1 1 0 399 
719 13 1 0 16 1 4 0 0 0 16 413 
720 13 1 0 2 1 4 0 0 1 1 414 
721 13 1 0 7 1 4 2 5 0 0 415 
722 13 0 1 0 13 7 19 19 13 25 16 12 -0.0728767 -37 767 768
723 13 0 1 0 24 29 18 18 21 34 12 15 -0.147077 -47 769 770
724 13 1 0 18 1 4 0 0 0 18 447 
725 13 1 0 2 1 4 0 0 1 1 449 
726 13 0 1 0 8 27 15 14 2 31 16 14 -0.00406504 1 771 772
727 13 1 0 9 1 4 8 1 0 0 457 
728 13 0 1 0 25 33 14 13 10 17 19 18 -0.230623 -16 773 774
729 13 1 0 4 1 4 1 0 3 0 467 
730 13 0 1 0 0 28 19 13 26 0 15 19 -0 44 775 776
731 13 1 0 8 1 4 3 5 0 0 470 
732 13 0 1 0 15 4 13 14 1 14 18 18 -0.109941 21 777 778
733 13 1 0 64 1 4 64 0 0 0 534 
734 13 1 0 2 1 4 1 1 0 0 535 
735 13 0 1 0 9 6 17 17 15 3 18 19 -0.0408802 -1 779 780
736 13 1 0 9 1 4 1 8 0 0 566 
737 14 0 1 0 21 17 12 17 3 1 17 14 -0.0346394 1 781 782
738 14 1 0 6 1 4 1 0 2 3 52 
739 14 0 1 0 16 26 18 15 14 10 12 16 -0.117647 38 783 784
740 14 1 0 3 1 4 1 2 0 0 55 
741 14 1 0 2 1 4 2 0 0 0 117 
742 14 0 1 0 14 10 14 15 30 13 16 17 -0.0094531 -2 785 786
743 14 0 1 0 0 27 20 12 0 28 14 12 -0.0321969 34 787 788
744 14 1 0 2 1 4 0 1 1 0 187 
745 14 1 0 4 1 4 0 0 3 1 189 
746 14 0 1 0 24 22 12 16 26 4 14 14 -0.0416667 43 789 790
747 14 1 0 10 1 4 0 0 10 0 236 
748 14 1 0 3 1 4 0 0 0 3 237 
749 14 1 0 14 1 4 14 0 0 0 239 
750 14 0 1 0 14 6 17 12 21 32 13 16 -0.0416667 -23 791 792
751 14 0 1 0 4 30 12 19 1 4 19 17 -0.0578295 52 793 794
752 14 0 1 0 23 26 13 19 16 11 14 19 -0.528926 -7 795 796
753 14 1 0 118 1 4 0 118 0 0 279 
754 14 1 0 2 1 4 0 1 1 0 280 
755 14 1 0 2 1 4 2 0 0 0 284 
756 14 0 1 0 34 19 20 13 31 33 13 15 -0.0166667 -84 797 798
757 14 1 0 49 1 4 0 49 0 0 294 
758 14 1 0 2 1 4 1 1 0 0 295 
759 14 0 1 0 22 2 17 17 1 0 18 20 -0.00211864 -37 799 800
760 14 1 0 6 1 4 4 2 0 0 326 
761 14 1 0 4 1 4 4 0 0 0 332 
762 14 0 1 0 18 18 13 17 20 15 16 13 -0.00757576 -12 801 802
763 14 0 1 0 17 31 16 16 5 18 13 18 -0.11317 27 803 804
764 14 0 1 0 18 2 12 12 27 15 13 18 -0.0553936 39 805 806
765 14 1 0 24 1 4 0 24 0 0 396 
766 14 1 0 2 1 4 2 0 0 0 397 
767 14 0 1 0 27 14 15 15 24 5 19 13 -0.0601958 -8 807 808
768 14 1 0 7 1 4 2 3 2 0 433 
769 14 1 0 6 1 4 0 0 0 6 441 
770 14 0 1 0 31 11 17 13 33 25 16 13 -0.104928 5 809 810
771 14 1 0 2 1 4 0 0 1 1 450 
772 14 1 0 121 1 4 0 0 0 121 451 
773 14 1 0 2 1 4 0 0 0 2 458 
774 14 0 1 0 25 4 19 13 33 20 17 13 -0.174533 -26 811 812
775 14 1 0 26 1 4 0 0 0 26 468 
776 14 1 0 2 1 4 0 0 2 0 469 
777 14 0 1 0 32 11 20 12 1 31 15 15 -0.104921 20 813 814
778 14 1 0 3 1 4 3 0 0 0 524 
779 14 0 1 0 12 19 18 15 11 17 15 20 -0.023746 16 815 816
780 14 1 0 8 1 4 4 3 1 0 565 
781 15 1 0 7 1 4 0 2 0 5 37 
782 15 0 1 0 29 27 18 17 31 29 13 15 -0.0302654 24 817 818
783 15 1 0 15 1 4 0 0 0 15 53 
784 15 1 0 2 1 4 0 1 0 1 54 
785 15 1 0 2 1 4 1 1 0 0 118 
786 15 0 1 0 7 19 19 16 3 26 20 19 -0.00320513 9 819 820
787 15 0 1 0 26 17 14 16 25 29 15 20 -0.0292519 34 821 822
788 15 1 0 2 1 4 0 1 0 1 186 
789 15 1 0 2 1 4 1 1 0 0 190 
790 15 1 0 10 1 4 0 10 0 0 191 
791 15 1 0 10 1 4 0 10 0 0 240 
792 15 1 0 2 1 4 1 1 0 0 241 
793 15 0 1 0 6 18 19 20 23 35 12 12 -0.0520723 -24 823 824
794 15 1 0 2 1 4 0 0 0 2 267 
795 15 0 1 0 23 12 12 18 6 25 15 13 -0 -9 825 826
796 15 0 1 0 32 25 20 14 20 14 14 13 -0.348834 16 827 828
797 15 1 0 2 1 4 1 1 0 0 285 
798 15 1 0 28 1 4 0 28 0 0 286 
799 15 1 0 2 1 4 1 1 0 0 324 
800 15 1 0 234 1 4 234 0 0 0 325 
801 15 1 0 2 1 4 1 1 0 0 333 
802 15 1 0 64 1 4 0 64 0 0 334 
803 15 0 1 0 0 24 12 12 35 29 16 12 -0.0520833 7 829 830
804 15 0 1 0 27 15 13 13 2 9 18 16 -0.035 15 831 832
805 15 0 1 0 5 6 17 13 0 1 15 14 -0.0477581 -9 833 834
806 15 1 0 8 1 4 6 2 0 0 376 
807 15 1 0 7 1 4 0 0 0 7 416 
808 15 0 1 0 5 4 18 14 1 29 16 14 -0.0549482 -7 835 836
809 15 0 1 0 2 12 19 17 0 16 17 14 -0.0784314 -2 837 838
810 15 1 0 3 1 4 0 0 0 3 446 
811 15 1 0 5 1 4 0 0 4 1 459 
812 15 0 1 0 4 10 12 16 22 1 18 12 -0.123995 -12 839 840
813 15 0 1 0 32 29 15 12 27 30 14 12 -0.100386 -24 841 842
814 15 0 1 0 17 1 17 20 8 11 18 20 -0 -7 843 844
815 15 0 1 0 25 27 17 20 24 26 13 19 -0.00532615 -7 845 846
816 15 1 0 3 1 4 2 0 0 1 564 
817 16 0 1 0 5 23 15 20 9 27 16 15 -0.0206313 0 847 848
818 16 0 1 0 17 21 20 16 17 12 17 20 -0 11 849 850
819 16 1 0 154 1 4 0 154 0 0 119 
820 16 1 0 2 1 4 1 1 0 0 120 
821 16 0 1 0 19 30 17 16 17 24 15 18 -0.0258318 36 851 852
822 16 1 0 2 1 4 1 0 0 1 185 
823 16 0 1 0 2 14 13 14 3 27 17 12 -0.0447389 -5 853 854
824 16 0 1 0 14 7 14 18 7 2 15 15 -0.08 11 855 856
825 16 1 0 3 1 4 0 3 0 0 268 
826 16 1 0 8 1 4 0 0 0 8 269 
827 16 0 1 0 19 20 20 20 29 31 15 14 -0.211154 20 857 858
828 16 1 0 3 1 4 0 0 1 2 274 
829 16 1 0 20 1 4 20 0 0 0 351 
830 16 0 1 0 7 12 16 15 17 10 13 17 -0 94 859 860
831 16 0 1 0 15 24 20 17 12 16 17 13 -0.0198174 -7 861 862
832 16 1 0 5 1 4 4 1 0 0 357 
833 16 1 0 6 1 4 0 1 5 0 358 
834 16 0 1 0 10 4 12 19 11 2 15 15 -0.0402758 10 863 864
835 16 0 1 0 21 6 14 15 26 10 13 15 -0.0497218 19 865 866
836 16 1 0 8 1 4 0 6 2 0 432 
837 16 1 0 3 1 4 0 0 1 2 442 
838 16 0 1 0 15 16 18 16 5 23 17 20 -0.0472747 6 867 868
839 16 1 0 4 1 4 4 0 0 0 460 
840 16 0 1 0 3 20 15 17 2 18 14 16 -0.0839549 25 869 870
841 16 0 1 0 8 2 16 13 25 8 18 15 -0.178936 1 871 872
842 16 0 1 0 0 24 13 19 22 5 20 15 -0.0771831 -18 873 874
843 16 1 0 2 1 4 0 0 2 0 522 
844 16 1 0 11 1 4 0 0 0 11 523 
845 16 1 0 4 1 4 2 2 0 0 561 
846 16 0 1 0 9 12 20 13 6 31 16 14 -0.00134771 -4 875 876
847 17 0 1 0 11 6 16 16 5 11 14 17 -0.0176832 51 877 878
848 17 1 0 2 1 4 1 0 0 1 49 
849 17 1 0 2 1 4 2 0 0 0 50 
850 17 1 0 9 1 4 0 0 0 9 51 
851 17 0 1 0 11 7 18 20 5 26 15 14 -0.023924 -31 879 880
852 17 1 0 3 1 4 1 1 1 0 184 
853 17 0 1 0 34 33 12 13 9 2 15 15 -0.245833 30 881 882
854 17 0 1 0 14 29 14 12 18 26 14 13 -0.0305363 17 883 884
855 17 0 1 0 19 30 17 18 24 29 12 14 -0.126263 6 885 886
856 17 1 0 14 1 4 14 0 0 0 266 
857 17 0 1 0 23 19 14 19 24 18 18 20 -0.168043 -2 887 888
858 17 1 0 2 1 4 0 0 0 2 273 
859 17 1 0 10 1 4 0 10 0 0 352 
860 17 1 0 2 1 4 2 0 0 0 353 
861 17 1 0 2 1 4 1 1 0 0 354 
862 17 0 1 0 9 26 17 19 7 5 12 16 -0.00684932 134 889 890
863 17 0 1 0 22 26 17 12 32 3 19 12 -0.0350319 14 891 892
864 17 1 0 2 1 4 0 0 1 1 375 
865 17 0 1 0 17 19 12 13 26 6 17 14 -0.045054 -7 893 894
866 17 1 0 3 1 4 0 3 0 0 431 
867 17 0 1 0 23 8 12 17 5 16 14 19 -0.0172414 -8 895 896
868 17 1 0 2 1 4 0 0 1 1 445 
869 17 0 1 0 35 23 19 12 7 13 12 20 -0.0466867 -3 897 898
870 17 1 0 7 1 4 0 1 6 0 465 
871 17 0 1 0 24 14 20 13 28 27 16 14 -0.0983302 2 899 900
872 17 0 1 0 26 27 19 17 31 25 16 14 -0.160606 31 901 902
873 17 1 0 4 1 4 3 0 1 0 485 
874 17 0 1 0 9 19 16 14 6 27 12 14 -0.0727212 10 903 904
875 17 1 0 369 1 4 369 0 0 0 562 
876 17 1 0 2 1 4 1 1 0 0 563 
877 18 0 1 0 29 10 16 18 23 31 12 12 -0.0156749 -102 905 906
878 18 1 0 3 1 4 0 1 0 2 48 
879 18 1 0 7 1 4 4 2 1 0 165 
880 18 0 1 0 5 34 13 16 8 15 13 12 -0.0213537 -22 907 908
881 18 0 1 0 10 5 15 14 27 2 20 12 -0.241667 49 909 910
882 18 1 0 8 1 4 8 0 0 0 245 
883 18 0 1 0 17 21 19 14 20 27 14 18 -0.0289829 38 911 912
884 18 1 0 2 1 4 0 0 0 2 263 
885 18 1 0 2 1 4 1 1 0 0 264 
886 18 1 0 9 1 4 0 8 1 0 265 
887 18 1 0 4 1 4 3 1 0 0 270 
888 18 0 1 0 25 8 14 16 26 8 19 16 -0.057971 5 913 914
889 18 1 0 71 1 4 0 71 0 0 355 
890 18 1 0 2 1 4 0 1 1 0 356 
891 18 1 0 5 1 4 4 1 0 0 359 
892 18 0 1 0 30 21 13 14 20 28 18 20 -0.0311021 -16 915 916
893 18 1 0 4 1 4 0 0 0 4 417 
894 18 0 1 0 9 31 16 12 3 33 14 12 -0.0414822 54 917 918
895 18 1 0 2 1 4 0 1 1 0 443 
896 18 1 0 27 1 4 0 0 27 0 444 
897 18 0 1 0 15 22 17 16 13 18 20 18 -0.0198174 1 919 920
898 18 1 0 8 1 4 0 3 5 0 464 
899 18 0 1 0 31 26 19 15 19 21 18 12 -0.0709463 -53 921 922
900 18 1 0 5 1 4 2 3 0 0 478 
901 18 0 1 0 17 24 17 13 2 28 15 16 -0.0870481 -8 923 924
902 18 0 1 0 28 5 20 18 5 13 20 16 -0 -107 925 926
903 18 0 1 0 26 12 17 18 28 35 12 19 -0.0676444 -2 927 928
904 18 1 0 3 1 4 2 0 1 0 521 
905 19 1 0 3 1 4 0 1 0 2 38 
906 19 0 1 0 5 33 12 17 31 5 14 12 -0.0139321 -51 929 930
907 19 1 0 2 1 4 0 2 0 0 166 
908 19 0 1 0 3 28 13 15 1 33 12 14 -0.0204605 -59 931 932
909 19 0 1 0 2 20 19 15 34 7 19 13 -0.05 -3 933 934
910 19 1 0 2 1 4 0 1 0 1 244 
911 19 0 1 0 32 24 12 12 26 13 15 12 -0.0271654 -56 935 936
912 19 1 0 2 1 4 2 0 0 0 262 
913 19 1 0 43 1 4 0 43 0 0 271 
914 19 1 0 3 1 4 0 1 0 2 272 
915 19 0 1 0 11 1 16 12 14 32 14 19 -0.028165 -26 937 938
916 19 1 0 2 1 4 0 0 2 0 374 
917 19 0 1 0 1 7 12 20 2 4 14 14 -0.0354897 -3 939 940
918 19 1 0 8 1 4 0 0 3 5 430 
919 19 1 0 2 1 4 1 1 0 0 461 
920 19 0 1 0 9 8 15 19 32 22 14 14 -0.00684932 1 941 942
921 19 1 0 6 1 4 1 3 2 0 471 
922 19 0 1 0 18 3 16 17 20 35 12 19 -0.0427611 -55 943 944
923 19 1 0 7 1 4 0 1 6 0 479 
924 19 0 1 0 24 11 15 14 20 11 12 20 -0.0262548 -3 945 946
925 19 1 0 2 1 4 0 2 0 0 483 
926 19 1 0 14 1 4 0 0 14 0 484 
927 19 0 1 0 28 8 18 14 34 27 17 13 -0.0629861 12 947 948
928 19 1 0 8 1 4 0 0 1 7 520 
929 20 1 0 5 1 4 0 1 0 4 39 
930 20 0 1 0 18 29 18 18 19 27 20 18 -0.0119293 0 949 950
931 20 1 0 2 1 4 0 2 0 0 167 
932 20 0 1 0 14 12 17 19 17 28 12 17 -0.0198763 -52 951 952
933 20 1 0 2 1 4 1 1 0 0 242 
934 20 1 0 8 1 4 0 8 0 0 243 
935 20 1 0 7 1 4 0 5 0 2 246 
936 20 0 1 0 24 29 16 16 16 5 18 20 -0.0216169 4 953 954
937 20 0 1 0 21 12 14 12 8 20 16 20 -0.0249641 -9 955 956
938 20 1 0 2 1 4 0 0 2 0 373 
939 20 1 0 5 1 4 0 0 1 4 418 
940 20 0 1 0 18 27 12 15 23 27 15 18 -0.0307886 39 957 958
941 20 1 0 2 1 4 0 1 1 0 462 
942 20 1 0 71 1 4 0 71 0 0 463 
943 20 0 1 0 7 4 19 17 21 23 12 14 -0.0312804 -4 959 960
944 20 1 0 2 1 4 0 0 0 2 477 
945 20 1 0 2 1 4 0 0 2 0 480 
946 20 0 1 0 30 5 19 17 12 12 13 14 -0.0142857 -36 961 962
947 20 0 1 0 22 17 18 18 29 28 17 16 -0.0605568 6 963 964
948 20 1 0 2 1 4 2 0 0 0 519 
949 21 0 1 0 24 13 14 20 20 35 12 16 -0.1 -29 965 966
950 21 0 1 0 4 26 14 18 1 27 13 15 -0.00709736 -7 967 968
951 21 1 0 3 1 4 1 2 0 0 168 
952 21 0 1 0 30 24 20 13 30 25 20 15 -0.0188488 5 969 970
953 21 1 0 3 1 4 2 1 0 0 247 
954 21 0 1 0 1 18 20 19 3 23 18 15 -0.0195095 -2 971 972
955 21 0 1 0 20 17 14 20 24 15 18 13 -0.0219405 -14 973 974
956 21 1 0 4 1 4 3 1 0 0 372 
957 21 0 1 0 23 29 13 16 15 20 17 17 -0.0245011 -7 975 976
958 21 1 0 3 1 4 1 1 1 0 429 
959 21 0 1 0 3 27 20 20 5 28 13 12 -0.0191891 -13 977 978
960 21 1 0 2 1 4 0 2 0 0 476 
961 21 1 0 2 1 4 1 1 0 0 481 
962 21 1 0 33 1 4 0 33 0 0 482 
963 21 0 1 0 3 31 13 15 20 12 16 14 -0.0581546 -11 979 980
964 21 1 0 2 1 4 1 1 0 0 518 
965 22 1 0 2 1 4 1 0 1 0 40 
966 22 1 0 18 1 4 0 0 0 18 41 
967 22 1 0 3 1 4 0 0 1 2 42 
968 22 0 1 0 1 13 20 12 3 11 16 13 -0.00662928 -2 981 982
969 22 0 1 0 20 11 12 15 28 16 13 13 -0.0130584 13 983 984
970 22 0 1 0 17 29 16 19 20 14 17 19 -0.131274 29 985 986
971 22 1 0 2 1 4 2 0 0 0 248 
972 22 0 1 0 26 28 15 12 18 14 13 19 -0.0190011 -5 987 988
973 22 1 0 3 1 4 0 2 0 1 360 
974 22 0 1 0 32 30 12 14 29 33 12 15 -0.0167462 -1 989 990
975 22 1 0 3 1 4 0 0 0 3 419 
976 22 0 1 0 10 23 18 15 16 20 14 14 -0.0219787 -21 991 992
977 22 1 0 2 1 4 0 2 0 0 472 
978 22 0 1 0 1 28 13 16 18 27 16 14 -0.0151076 10 993 994
979 22 1 0 7 1 4 0 0 2 5 486 
980 22 0 1 0 19 23 13 16 22 22 15 13 -0.0553697 -12 995 996
981 23 0 1 0 4 26 16 17 0 25 20 19 -0.0616836 4 997 998
982 23 1 0 1743 1 4 0 0 0 1743 47 
983 23 0 1 0 12 21 20 12 29 32 12 17 -0.0725453 4 999 1000
984 23 0 1 0 13 1 18 20 19 0 17 13 -0.00801716 -31 1001 1002
985 23 1 0 30 1 4 30 0 0 0 182 
986 23 1 0 7 1 4 1 5 0 1 183 
987 23 1 0 6 1 4 2 4 0 0 249 
988 23 0 1 0 32 10 20 14 25 14 12 16 -0.017455 13 1003 1004
989 23 0 1 0 8 10 17 20 11 14 19 16 -0.0137712 -47 1005 1006
990 23 1 0 5 1 4 0 3 2 0 371 
991 23 1 0 2 1 4 1 0 1 0 420 
992 23 0 1 0 10 26 19 18 18 25 17 13 -0.0168003 -29 1007 1008
993 23 0 1 0 29 35 12 16 23 29 18 18 -0.00337838 -30 1009 1010
994 23 1 0 6 1 4 0 2 4 0 475 
995 23 1 0 4 1 4 0 4 0 0 487 
996 23 0 1 0 20 13 18 19 25 9 17 13 -0.0535389 -7 1011 1012
997 24 1 0 2 1 4 0 1 0 1 43 
998 24 0 1 0 23 30 13 20 25 16 12 20 -0.0448823 6 1013 1014
999 24 0 1 0 12 4 18 15 26 15 14 14 -0.0128205 -2 1015 1016
1000 24 1 0 2 1 4 0 1 0 1 171 
1001 24 1 0 2 1 4 1 1 0 0 172 
1002 24 0 1 0 26 34 12 12 32 33 14 15 -0.00754168 72 1017 1018
1003 24 0 1 0 29 24 17 18 28 24 14 16 -0.0159774 11 1019 1020
1004 24 1 0 6 1 4 2 4 0 0 261 
1005 24 0 1 0 14 4 16 14 11 16 16 19 -0 -90 1021 1022
1006 24 0 1 0 3 35 12 13 29 16 13 18 -0.00994486 110 1023 1024
1007 24 1 0 2 1 4 1 0 1 0 421 
1008 24 0 1 0 29 27 17 13 10 30 17 15 -0.011366 26 1025 1026
1009 24 1 0 2 1 4 0 0 1 1 473 
1010 24 1 0 146 1 4 0 0 146 0 474 
1011 24 1 0 5 1 4 0 0 1 4 488 
1012 24 0 1 0 27 27 15 16 28 32 15 14 -0.0512549 11 1027 1028
1013 25 1 0 153 1 4 0 0 0 153 44 
1014 25 0 1 0 3 22 17 12 29 2 17 16 -0.031746 12 1029 1030
1015 25 1 0 37 1 4 37 0 0 0 169 
1016 25 1 0 2 1 4 1 1 0 0 170 
1017 25 0 1 0 19 26 17 16 1 35 12 12 -0.0070648 105 1031 1032
1018 25 1 0 2 1 4 1 1 0 0 181 
1019 25 0 1 0 32 27 19 14 35 30 15 12 -0.014436 -5 1033 1034
1020 25 1 0 7 1 4 0 5 2 0 260 
1021 25 1 0 3 1 4 3 0 0 0 361 
1022 25 1 0 7 1 4 0 7 0 0 362 
1023 25 0 1 0 29 13 20 15 23 11 18 14 -0.00845384 16 1035 1036
1024 25 1 0 2 1 4 0 1 1 0 370 
1025 25 0 1 0 29 31 15 14 28 33 14 16 -0.00871912 7 1037 1038
1026 25 1 0 4 1 4 0 0 1 3 428 
1027 25 0 1 0 15 21 14 19 19 17 15 13 -0.0464141 -10 1039 1040
1028 25 1 0 5 1 4 0 0 1 4 517 
1029 26 1 0 3 1 4 0 2 1 0 45 
1030 26 1 0 18 1 4 0 0 0 18 46 
1031 26 0 1 0 12 9 12 14 7 21 13 12 -0.00660507 8 1041 1042
1032 26 1 0 2 1 4 1 1 0 0 180 
1033 26 0 1 0 17 13 17 20 31 27 20 15 -0 -16 1043 1044
1034 26 0 1 0 3 17 20 20 9 16 14 13 -0.0110234 4 1045 1046
1035 26 0 1 0 29 34 12 18 24 31 16 18 -0.00727197 2 1047 1048
1036 26 1 0 2 1 4 1 1 0 0 369 
1037 26 0 1 0 23 15 12 15 0 5 17 19 -0.00654253 -7 1049 1050
1038 26 1 0 3 1 4 0 0 1 2 427 
1039 26 1 0 2 1 4 2 0 0 0 489 
1040 26 0 1 0 35 16 16 12 11 2 14 20 -0.0439353 -22 1051 1052
1041 27 0 1 0 29 29 14 14 4 27 15 15 -0.236842 -32 1053 1054
1042 27 0 1 0 16 32 13 12 12 34 13 15 -0.00229835 -16 1055 1056
1043 27 1 0 26 1 4 0 26 0 0 250 
1044 27 1 0 4 1 4 4 0 0 0 251 
1045 27 0 1 0 27 6 17 19 29 5 19 14 -0.00807858 11 1057 1058
1046 27 1 0 4 1 4 0 3 0 1 259 
1047 27 0 1 0 13 1 18 12 16 12 15 20 -0.00270737 17 1059 1060
1048 27 0 1 0 29 28 17 14 23 32 14 13 -0 -28 1061 1062
1049 27 1 0 4 1 4 0 2 2 0 422 
1050 27 0 1 0 18 27 19 20 24 32 14 15 -0.00395599 5 1063 1064
1051 27 1 0 2 1 4 1 1 0 0 490 
1052 27 0 1 0 35 34 13 12 32 1 17 15 -0.0418173 3 1065 1066
1053 28 1 0 2 1 4 1 0 0 1 173 
1054 28 1 0 17 1 4 17 0 0 0 174 
1055 28 1 0 3 1 4 2 1 0 0 175 
1056 28 0 1 0 28 24 18 19 28 25 17 13 -0.00175572 -28 1067 1068
1057 28 0 1 0 7 14 12 17 5 23 16 18 -0.00757838 11 1069 1070
1058 28 1 0 2 1 4 1 1 0 0 258 
1059 28 0 1 0 3 15 17 16 5 35 12 15 -0.00159209 -2 1071 1072
1060 28 1 0 3 1 4 1 2 0 0 366 
1061 28 1 0 3 1 4 3 0 0 0 367 
1062 28 1 0 26 1 4 0 26 0 0 368 
1063 28 0 1 0 26 19 17 12 24 19 13 14 -0.00199026 -6 1073 1074
1064 28 1 0 4 1 4 0 0 2 2 426 
1065 28 0 1 0 19 24 16 19 18 32 15 20 -0.0493827 -28 1075 1076
1066 28 0 1 0 19 17 14 12 22 19 19 13 -0.0373353 13 1077 1078
1067 29 1 0 9 1 4 7 2 0 0 176 
1068 29 0 1 0 23 15 14 19 20 13 12 19 -0.000967428 -6 1079 1080
1069 29 0 1 0 6 21 19 12 3 11 16 18 -0.0483481 -11 1081 1082
1070 29 0 1 0 22 12 12 17 21 5 16 14 -0.000876339 -19 1083 1084
1071 29 0 1 0 8 33 12 19 4 20 20 18 -0.0128205 17 1085 1086
1072 29 1 0 573 1 4 0 573 0 0 365 
1073 29 1 0 2 1 4 0 0 1 1 423 
1074 29 0 1 0 23 17 17 14 24 18 12 14 -0.000998668 -4 1087 1088
1075 29 1 0 9 1 4 0 9 0 0 491 
1076 29 1 0 9 1 4 0 0 8 1 492 
1077 29 0 1 0 21 33 13 13 10 33 14 12 -0.0342673 52 1089 1090
1078 29 1 0 2 1 4 1 0 1 0 516 
1079 30 1 0 1936 1 4 1936 0 0 0 177 
1080 30 0 1 0 13 28 19 15 11 22 17 16 -0.0151899 34 1091 1092
1081 30 0 1 0 26 7 19 18 29 18 13 18 -0 3 1093 1094
1082 30 1 0 129 1 4 0 129 0 0 254 
1083 30 0 1 0 14 22 20 12 12 4 15 18 -0.05 8 1095 1096
1084 30 1 0 1017 1 4 0 1017 0 0 257 
1085 30 1 0 2 1 4 1 1 0 0 363 
1086 30 1 0 37 1 4 0 37 0 0 364 
1087 30 1 0 4 1 4 0 0 3 1 424 
1088 30 1 0 747 1 4 0 0 747 0 425 
1089 30 0 1 0 33 21 17 14 16 14 15 12 -0.0315023 -18 1097 1098
1090 30 0 1 0 14 33 12 13 24 26 12 16 -0 -17 1099 1100
1091 31 1 0 74 1 4 74 0 0 0 178 
1092 31 1 0 5 1 4 3 2 0 0 179 
1093 31 1 0 15 1 4 0 15 0 0 252 
1094 31 1 0 2 1 4 0 0 0 2 253 
1095 31 1 0 8 1 4 0 8 0 0 255 
1096 31 1 0 2 1 4 1 1 0 0 256 
1097 31 0 1 0 9 4 19 17 15 28 12 17 -0.0874471 -57 1101 1102
1098 31 0 1 0 8 28 18 13 13 27 18 16 -0.0147489 -29 1103 1104
1099 31 1 0 7 1 4 0 0 7 0 514 
1100 31 1 0 7 1 4 0 7 0 0 515 
1101 32 0 1 0 24 32 13 16 14 25 13 16 -0 18 1105 1106
1102 32 0 1 0 3 30 15 15 0 18 20 15 -0 33 1107 1108
1103 32 1 0 3 1 4 0 0 1 2 497 
1104 32 0 1 0 21 20 20 19 26 17 20 12 -0.0138044 -6 1109 1110
1105 33 1 0 136 1 4 0 0 136 0 493 
1106 33 1 0 3 1 4 0 3 0 0 494 
1107 33 1 0 4 1 4 0 0 4 0 495 
1108 33 1 0 7 1 4 7 0 0 0 496 
1109 33 1 0 5 1 4 0 0 3 2 498 
1110 33 0 1 0 1 33 12 16 17 6 20 18 -0.0126417 142 1111 1112
1111 34 0 1 0 2 25 15 12 0 31 16 18 -0.0109493 27 1113 1114
1112 34 1 0 6 1 4 0 2 4 0 513 
1113 35 0 1 0 0 24 17 12 28 26 12 16 -0.0101425 -63 1115 1116
1114 35 1 0 3 1 4 0 2 1 0 512 
1115 36 1 0 7 1 4 0 0 5 2 499 
1116 36 0 1 0 26 28 17 18 24 33 14 14 -0.00884055 -32 1117 1118
1117 37 0 1 0 25 5 15 19 21 29 14 19 -0 -34 1119 1120
1118 37 0 1 0 3 15 20 14 8 9 12 15 -0.00638595 -4 1121 1122
1119 38 1 0 21 1 4 0 0 21 0 500 
1120 38 1 0 4 1 4 0 4 0 0 501 
1121 38 1 0 2 1 4 0 0 1 1 502 
1122 38 0 1 0 25 27 15 17 22 27 20 15 -0.00571523 -34 1123 1124
1123 39 1 0 2 1 4 0 0 1 1 503 
1124 39 0 1 0 27 24 17 18 28 26 20 17 -0.00514887 -28 1125 1126
1125 40 0 1 0 4 8 18 13 23 11 13 20 -0 -1 1127 1128
1126 40 0 1 0 8 11 19 14 0 33 12 20 -0.00373733 5 1129 1130
1127 41 1 0 2 1 4 0 2 0 0 504 
1128 41 1 0 9 1 4 0 0 9 0 505 
1129 41 0 1 0 34 15 20 12 23 9 15 13 -0.00327577 -11 1131 1132
1130 41 1 0 2 1 4 0 1 1 0 511 
1131 42 0 1 0 26 12 13 13 32 11 18 12 -0.0952381 18 1133 1134
1132 42 0 1 0 17 28 12 19 10 28 15 12 -0.000637925 34 1135 1136
1133 43 1 0 2 1 4 1 0 1 0 506 
1134 43 1 0 19 1 4 0 0 19 0 507 
1135 43 1 0 1434 1 4 0 0 1434 0 508 
1136 43 0 1 0 23 19 19 13 23 31 14 16 -0.0384615 -47 1137 1138
1137 44 1 0 2 1 4 0 1 1 0 509 
1138 44 1 0 11 1 4 0 0 11 0 510 
