-2147483648 -2147483648 data/trees_headpose/tree_013.txt
100 10 5000 30 30000 1 48 1 data/trees_headpose ./data/Cropped_HBO_Data_4view.txt
1 0
0 0 0 1 0 27 15 15 16 30 34 13 13 -0.963676 -2 1 2
1 1 0 1 0 16 12 20 12 10 21 16 17 -0.690125 2 3 4
2 1 0 1 0 12 34 12 12 18 11 13 18 -0.669647 10 5 6
3 2 0 1 0 8 11 15 14 0 30 13 14 -0.524761 2 7 8
4 2 0 1 0 3 26 14 14 0 27 17 16 -0.597997 -2 9 10
5 2 0 1 0 16 18 20 13 15 19 19 14 -1.58902 3 11 12
6 2 0 1 0 2 14 13 18 4 29 15 12 -0.355328 3 13 14
7 3 0 1 0 16 3 16 14 11 9 20 13 -0.467117 12 15 16
8 3 0 1 0 35 21 18 12 22 10 15 16 -0.3851 -45 17 18
9 3 0 1 0 33 33 13 13 29 24 14 14 -0.291607 8 19 20
10 3 0 1 0 28 31 13 19 10 32 13 16 -0.705817 -52 21 22
11 3 0 1 0 10 6 12 17 18 9 20 17 -1.20341 -33 23 24
12 3 0 1 0 25 28 14 15 25 24 12 16 -1.23929 -18 25 26
13 3 0 1 0 3 8 16 15 8 6 17 12 -0.263641 7 27 28
14 3 0 1 0 14 2 17 14 5 14 15 17 -1.1065 -12 29 30
15 4 0 1 0 5 30 15 16 1 29 16 12 -0.349334 32 31 32
16 4 0 1 0 16 28 19 14 18 14 17 18 -0.69148 36 33 34
17 4 0 1 0 13 20 15 14 11 21 12 20 -0.274053 -1 35 36
18 4 0 1 0 28 14 15 14 8 13 20 13 -0.330448 0 37 38
19 4 0 1 0 9 33 13 14 18 23 17 14 -0.467108 31 39 40
20 4 0 1 0 29 18 17 14 21 17 20 17 -0.196555 -4 41 42
21 4 0 1 0 8 26 16 15 8 15 20 18 -0.915061 5 43 44
22 4 0 1 0 0 22 18 17 1 26 20 12 -0.523082 -2 45 46
23 4 0 1 0 5 25 16 14 3 21 16 20 -0.653039 -16 47 48
24 4 0 1 0 7 21 18 15 10 13 20 17 -1.05154 -8 49 50
25 4 0 1 0 0 26 14 20 16 19 17 16 -0.0821114 -109 51 52
26 4 0 1 0 0 28 16 17 0 30 17 12 -0.96085 -1 53 54
27 4 0 1 0 0 29 15 20 5 27 19 14 -0.22116 2 55 56
28 4 0 1 0 0 26 16 18 23 11 12 19 -0.426471 29 57 58
29 4 0 1 0 23 1 20 15 33 24 18 13 -0.658786 -7 59 60
30 4 0 1 0 14 18 14 20 12 11 14 20 -0.837558 -2 61 62
31 5 0 1 0 17 11 15 14 34 25 20 12 -0.282462 -4 63 64
32 5 0 1 0 22 22 13 18 22 15 20 14 -0.334825 0 65 66
33 5 0 1 0 22 1 20 12 28 31 13 19 -0.341667 28 67 68
34 5 0 1 0 22 23 17 19 16 27 20 13 -0.420735 -38 69 70
35 5 1 0 8 1 4 1 6 0 1 161 
36 5 0 1 0 6 18 12 18 6 29 17 19 -0 23 71 72
37 5 0 1 0 11 28 16 15 9 26 18 13 -0.264673 -2 73 74
38 5 0 1 0 7 17 18 14 2 21 17 19 -0.757049 2 75 76
39 5 0 1 0 28 16 20 19 22 30 14 12 -0.413636 -46 77 78
40 5 1 0 10 1 4 0 0 0 10 262 
41 5 0 1 0 29 27 17 12 18 7 14 16 -0.162269 42 79 80
42 5 0 1 0 24 16 20 13 30 28 17 15 -0.252535 -7 81 82
43 5 0 1 0 15 20 19 14 14 25 20 20 -0.463591 18 83 84
44 5 0 1 0 24 16 15 15 26 25 13 13 -0.610501 -15 85 86
45 5 0 1 0 13 20 18 15 2 0 13 20 -0.446593 120 87 88
46 5 0 1 0 12 32 15 16 10 12 15 15 -0.452792 56 89 90
47 5 1 0 8 1 4 4 4 0 0 449 
48 5 0 1 0 14 25 18 17 2 5 17 18 -0.491163 26 91 92
49 5 0 1 0 27 28 15 12 21 0 14 12 -0.120192 21 93 94
50 5 0 1 0 4 30 13 14 16 0 18 13 -0.845147 6 95 96
51 5 1 0 2 1 4 2 0 0 0 467 
52 5 0 1 0 27 16 20 19 23 1 16 19 -0 67 97 98
53 5 0 1 0 24 16 13 20 23 26 17 19 -0.133207 -13 99 100
54 5 0 1 0 7 4 18 17 5 33 14 13 -1.19228 0 101 102
55 5 0 1 0 29 33 14 12 27 14 15 16 -0.182376 -1 103 104
56 5 0 1 0 33 26 13 13 28 27 20 19 -0.723709 -28 105 106
57 5 0 1 0 31 23 20 16 6 25 12 18 -0.0277778 -9 107 108
58 5 0 1 0 19 33 12 18 19 18 14 17 -0.075 26 109 110
59 5 1 0 7 1 4 0 0 3 4 547 
60 5 0 1 0 28 32 12 12 26 24 14 17 -0.488792 -28 111 112
61 5 0 1 0 12 19 18 18 13 24 12 16 -0.421805 3 113 114
62 5 0 1 0 7 28 13 12 8 6 15 20 -0.474468 -23 115 116
63 6 0 1 0 27 34 12 16 3 33 13 18 -0.167646 98 117 118
64 6 0 1 0 24 0 14 14 23 27 14 19 -0.847607 -27 119 120
65 6 0 1 0 4 18 16 19 9 18 18 12 -0.233608 2 121 122
66 6 0 1 0 4 12 18 14 34 23 20 12 -0.20841 10 123 124
67 6 0 1 0 17 28 14 17 30 29 17 12 -0.206053 -23 125 126
68 6 1 0 10 1 4 0 0 0 10 152 
69 6 0 1 0 9 14 16 15 19 6 16 12 -0.0116279 -14 127 128
70 6 0 1 0 7 32 12 13 32 22 12 15 -0.459864 76 129 130
71 6 1 0 48 1 4 0 0 0 48 162 
72 6 1 0 3 1 4 0 3 0 0 163 
73 6 0 1 0 13 2 13 14 31 28 18 15 -0.389744 10 131 132
74 6 0 1 0 0 34 13 13 25 17 14 16 -0.223292 36 133 134
75 6 0 1 0 4 6 13 12 28 11 13 14 -0.455296 -8 135 136
76 6 0 1 0 23 24 12 16 11 0 20 13 -0.441248 111 137 138
77 6 0 1 0 20 19 18 15 25 23 17 18 -0.296977 51 139 140
78 6 0 1 0 0 18 13 13 19 14 18 19 -0.284772 -18 141 142
79 6 0 1 0 8 32 15 16 14 22 18 18 -0.117077 39 143 144
80 6 0 1 0 16 12 18 16 24 21 19 15 -0.342529 -3 145 146
81 6 0 1 0 13 21 12 14 6 22 15 16 -0.058906 4 147 148
82 6 1 0 4 1 4 4 0 0 0 307 
83 6 0 1 0 5 32 14 15 4 23 15 17 -0.370675 29 149 150
84 6 0 1 0 27 9 19 12 27 21 17 18 -0 -7 151 152
85 6 0 1 0 1 33 13 15 22 19 13 12 -0.15625 12 153 154
86 6 0 1 0 5 12 18 12 2 13 16 17 -0.488448 -12 155 156
87 6 0 1 0 15 1 14 19 33 11 19 13 -0.352337 17 157 158
88 6 0 1 0 6 7 13 20 3 23 16 14 -0.21875 10 159 160
89 6 0 1 0 3 35 12 12 24 0 14 19 -0.37945 16 161 162
90 6 0 1 0 30 15 16 14 27 23 13 18 -0.674786 -19 163 164
91 6 1 0 6 1 4 4 0 0 2 450 
92 6 0 1 0 2 23 16 17 6 13 12 13 -0.305082 -5 165 166
93 6 0 1 0 5 17 15 19 23 23 13 17 -0 -57 167 168
94 6 1 0 2 1 4 0 0 1 1 458 
95 6 0 1 0 20 27 18 20 33 0 15 12 -0.323404 11 169 170
96 6 0 1 0 12 32 13 16 2 32 15 17 -0.370748 -23 171 172
97 6 1 0 28 1 4 0 0 0 28 468 
98 6 1 0 3 1 4 0 0 3 0 469 
99 6 1 0 3 1 4 0 0 0 3 470 
100 6 0 1 0 10 16 17 13 20 30 15 12 -0.0100032 2 173 174
101 6 0 1 0 22 33 12 20 33 34 13 12 -1.23752 13 175 176
102 6 0 1 0 18 18 18 15 21 31 12 19 -0.438769 22 177 178
103 6 0 1 0 24 6 18 19 14 29 18 12 -0.0775939 -7 179 180
104 6 0 1 0 13 30 15 13 17 17 19 14 -0.512759 -2 181 182
105 6 0 1 0 20 19 17 17 0 24 17 16 -0.0454545 10 183 184
106 6 0 1 0 14 0 12 14 23 13 16 20 -0.343358 -26 185 186
107 6 1 0 16 1 4 16 0 0 0 543 
108 6 1 0 2 1 4 0 1 1 0 544 
109 6 1 0 11 1 4 0 0 0 11 545 
110 6 1 0 5 1 4 0 3 2 0 546 
111 6 1 0 3 1 4 0 0 0 3 548 
112 6 0 1 0 29 29 14 18 20 18 12 16 -0.318718 -76 187 188
113 6 0 1 0 15 6 18 18 15 32 13 15 -0 -31 189 190
114 6 1 0 5 1 4 0 2 0 3 557 
115 6 1 0 5 1 4 1 4 0 0 558 
116 6 0 1 0 6 31 14 14 3 30 12 18 -0.363798 -2 191 192
117 7 0 1 0 25 11 13 13 14 3 18 12 -0.159409 -20 193 194
118 7 0 1 0 7 1 17 19 3 14 15 16 -0.0307092 -2 195 196
119 7 0 1 0 3 29 16 13 26 18 17 17 -0.614351 -22 197 198
120 7 0 1 0 10 21 17 14 34 21 18 13 -0.758333 67 199 200
121 7 0 1 0 22 12 20 20 25 8 15 13 -0.123505 22 201 202
122 7 0 1 0 4 14 15 20 8 11 12 16 -0.154762 5 203 204
123 7 0 1 0 28 16 18 17 5 30 15 12 -0.171703 17 205 206
124 7 0 1 0 1 4 13 17 25 19 20 18 -0.078 2 207 208
125 7 1 0 8 1 4 0 1 5 2 147 
126 7 0 1 0 6 26 17 12 11 24 20 16 -0.0569432 -34 209 210
127 7 1 0 41 1 4 0 0 0 41 153 
128 7 1 0 2 1 4 0 0 1 1 154 
129 7 0 1 0 16 26 13 14 31 17 12 13 -0.272403 56 211 212
130 7 1 0 7 1 4 3 4 0 0 160 
131 7 0 1 0 31 1 18 15 9 2 19 19 -0.261667 -17 213 214
132 7 1 0 9 1 4 0 0 0 9 169 
133 7 0 1 0 5 6 20 13 11 6 16 20 -0.180291 -27 215 216
134 7 0 1 0 35 25 20 12 21 23 12 20 -0.299554 -21 217 218
135 7 0 1 0 2 5 20 14 9 8 14 14 -0.215238 -11 219 220
136 7 0 1 0 14 3 17 14 12 28 19 20 -0.114514 -32 221 222
137 7 0 1 0 24 13 18 12 28 14 14 15 -0.282675 23 223 224
138 7 1 0 5 1 4 0 0 0 5 242 
139 7 0 1 0 18 11 14 16 30 30 15 14 -0.239798 63 225 226
140 7 0 1 0 22 21 15 18 24 24 16 14 -0 -11 227 228
141 7 0 1 0 21 16 18 19 27 10 19 20 -0.111896 33 229 230
142 7 0 1 0 23 2 15 19 3 7 17 18 -0.17735 -8 231 232
143 7 0 1 0 14 7 13 15 1 0 13 19 -0.105801 29 233 234
144 7 1 0 8 1 4 0 1 1 6 293 
145 7 0 1 0 22 16 20 20 25 26 19 16 -0.28726 -14 235 236
146 7 0 1 0 8 28 17 20 6 1 15 12 -0.158491 132 237 238
147 7 0 1 0 11 18 20 13 18 18 12 16 -0 -24 239 240
148 7 1 0 8 1 4 0 0 0 8 306 
149 7 0 1 0 18 7 19 19 24 33 13 19 -0.228571 20 241 242
150 7 1 0 6 1 4 0 1 0 5 312 
151 7 1 0 2 1 4 0 2 0 0 313 
152 7 1 0 20 1 4 20 0 0 0 314 
153 7 0 1 0 30 19 15 17 14 22 14 18 -0.125 -108 243 244
154 7 1 0 8 1 4 8 0 0 0 317 
155 7 1 0 4 1 4 3 1 0 0 318 
156 7 0 1 0 14 26 18 13 19 11 17 16 -0.402154 -5 245 246
157 7 0 1 0 14 30 17 12 14 26 15 18 -0.78164 17 247 248
158 7 0 1 0 12 7 17 12 10 15 18 13 -0.0751129 -30 249 250
159 7 0 1 0 31 3 19 15 13 14 16 16 -0 -104 251 252
160 7 1 0 2 1 4 2 0 0 0 351 
161 7 0 1 0 11 25 14 18 17 23 20 13 -0.308939 -4 253 254
162 7 0 1 0 35 30 16 12 22 28 17 15 -0.462883 -42 255 256
163 7 0 1 0 10 14 14 14 9 6 14 20 -0.55557 -2 257 258
164 7 0 1 0 2 30 12 18 2 34 13 13 -0.0713012 5 259 260
165 7 1 0 4 1 4 0 3 0 1 451 
166 7 0 1 0 18 21 18 17 18 24 12 14 -0.210596 -12 261 262
167 7 1 0 3 1 4 0 3 0 0 456 
168 7 1 0 21 1 4 21 0 0 0 457 
169 7 0 1 0 7 24 16 13 26 6 12 15 -0.133655 -13 263 264
170 7 0 1 0 23 13 12 12 15 12 19 19 -0.0333333 -8 265 266
171 7 1 0 7 1 4 0 0 4 3 464 
172 7 0 1 0 10 20 14 16 13 20 13 19 -0.0571429 -1 267 268
173 7 0 1 0 30 6 20 15 30 9 15 15 -0.00306748 8 269 270
174 7 1 0 3 1 4 0 0 1 2 473 
175 7 0 1 0 7 11 18 19 31 4 16 12 -0.167832 32 271 272
176 7 0 1 0 23 17 15 17 20 30 12 17 -0.889766 -4 273 274
177 7 0 1 0 8 18 20 18 11 10 20 14 -0.315789 9 275 276
178 7 0 1 0 7 28 13 19 28 28 14 16 -0.107143 49 277 278
179 7 0 1 0 0 24 18 15 3 24 16 18 -0.0562951 10 279 280
180 7 0 1 0 4 31 16 19 30 0 20 17 -0.350649 6 281 282
181 7 0 1 0 4 26 13 20 17 1 17 13 -1.03651 35 283 284
182 7 0 1 0 26 11 20 15 31 7 19 12 -0.385227 0 285 286
183 7 1 0 2 1 4 1 1 0 0 537 
184 7 1 0 9 1 4 9 0 0 0 538 
185 7 0 1 0 13 26 14 16 19 5 20 13 -0.0416667 72 287 288
186 7 0 1 0 5 10 20 13 12 10 15 15 -0.0571429 -2 289 290
187 7 1 0 13 1 4 13 0 0 0 549 
188 7 0 1 0 23 19 12 14 30 23 19 16 -0.238636 63 291 292
189 7 1 0 9 1 4 0 9 0 0 555 
190 7 1 0 5 1 4 5 0 0 0 556 
191 7 1 0 3 1 4 1 1 0 1 559 
192 7 0 1 0 18 14 18 15 17 17 16 16 -0.225055 2 293 294
193 8 0 1 0 12 7 19 13 5 31 15 17 -0.301768 -26 295 296
194 8 0 1 0 19 21 16 15 20 18 17 12 -0.140404 -4 297 298
195 8 1 0 5 1 4 0 0 4 1 71 
196 8 0 1 0 17 18 17 17 12 28 13 14 -0.00943396 9 299 300
197 8 0 1 0 22 18 15 20 11 1 16 15 -0.05 43 301 302
198 8 0 1 0 9 2 17 16 6 18 18 12 -0.476955 -46 303 304
199 8 0 1 0 0 9 13 19 7 13 18 15 -0.618746 0 305 306
200 8 1 0 23 1 4 0 0 0 23 105 
201 8 0 1 0 1 24 20 13 0 30 17 13 -0.081849 -20 307 308
202 8 1 0 4 1 4 1 2 1 0 112 
203 8 1 0 2 1 4 0 0 1 1 113 
204 8 0 1 0 18 5 13 18 4 25 16 16 -0 -58 309 310
205 8 0 1 0 30 28 15 17 32 32 14 13 -0.148795 6 311 312
206 8 0 1 0 27 28 19 13 1 20 20 15 -0.0834824 131 313 314
207 8 0 1 0 11 12 18 15 13 3 20 14 -0.05 16 315 316
208 8 1 0 10 1 4 0 0 10 0 146 
209 8 1 0 4 1 4 0 0 1 3 148 
210 8 0 1 0 2 25 14 13 8 30 16 15 -0.0133644 4 317 318
211 8 0 1 0 23 20 16 12 29 11 20 18 -0.10625 37 319 320
212 8 0 1 0 21 5 14 18 22 2 20 20 -0.0454545 16 321 322
213 8 0 1 0 1 31 15 15 2 6 15 20 -0 20 323 324
214 8 0 1 0 6 32 15 17 3 19 14 20 -0.089011 -13 325 326
215 8 0 1 0 26 5 13 20 25 5 18 15 -0.0606061 -19 327 328
216 8 0 1 0 19 5 15 12 2 23 19 20 -0.153325 2 329 330
217 8 0 1 0 9 10 16 20 23 27 15 14 -0.0269608 46 331 332
218 8 0 1 0 18 6 20 15 10 4 15 18 -0.115771 8 333 334
219 8 1 0 3 1 4 0 2 1 0 229 
220 8 0 1 0 21 13 18 15 14 18 14 13 -0.118182 30 335 336
221 8 0 1 0 10 24 12 14 29 2 15 15 -0.0454545 42 337 338
222 8 0 1 0 6 17 20 19 10 18 17 18 -0 4 339 340
223 8 0 1 0 6 21 12 20 19 21 18 15 -0.154667 -2 341 342
224 8 1 0 8 1 4 7 1 0 0 241 
225 8 0 1 0 15 5 13 12 11 4 18 20 -0.188402 -17 343 344
226 8 1 0 4 1 4 0 0 0 4 252 
227 8 1 0 2 1 4 0 2 0 0 253 
228 8 1 0 14 1 4 14 0 0 0 254 
229 8 0 1 0 24 27 13 12 12 21 15 19 -0.00757576 53 345 346
230 8 0 1 0 19 21 17 16 17 31 14 15 -0.238192 -3 347 348
231 8 1 0 4 1 4 1 3 0 0 260 
232 8 1 0 9 1 4 0 0 7 2 261 
233 8 0 1 0 10 34 13 14 1 29 18 15 -0.66522 46 349 350
234 8 0 1 0 4 25 19 20 21 24 15 12 -0.0408065 -98 351 352
235 8 0 1 0 2 10 12 18 19 15 20 19 -0.185714 -108 353 354
236 8 1 0 7 1 4 7 0 0 0 299 
237 8 0 1 0 28 31 15 17 35 29 16 12 -0.0444744 36 355 356
238 8 1 0 2 1 4 0 0 2 0 303 
239 8 1 0 2 1 4 0 2 0 0 304 
240 8 1 0 21 1 4 0 0 21 0 305 
241 8 0 1 0 27 31 12 16 33 28 18 13 -0.122449 20 357 358
242 8 1 0 2 1 4 0 0 0 2 311 
243 8 1 0 2 1 4 0 1 0 1 315 
244 8 1 0 14 1 4 0 14 0 0 316 
245 8 1 0 2 1 4 2 0 0 0 319 
246 8 0 1 0 27 25 17 19 27 17 17 14 -0.34141 15 359 360
247 8 0 1 0 22 1 15 17 18 7 16 15 -0.646098 -8 361 362
248 8 0 1 0 1 17 16 12 16 14 15 14 -0 -26 363 364
249 8 1 0 2 1 4 0 0 0 2 340 
250 8 0 1 0 12 22 16 20 17 26 17 19 -0.0560551 -24 365 366
251 8 1 0 7 1 4 0 0 7 0 349 
252 8 1 0 7 1 4 0 0 0 7 350 
253 8 0 1 0 9 29 13 19 10 13 16 13 -0.24555 38 367 368
254 8 0 1 0 31 28 12 15 11 32 13 12 -0.673714 -35 369 370
255 8 0 1 0 19 21 19 19 19 21 14 14 -0.195532 -18 371 372
256 8 0 1 0 4 0 13 19 11 29 17 14 -0.450857 -116 373 374
257 8 0 1 0 15 28 16 13 12 30 12 17 -0.17118 1 375 376
258 8 0 1 0 19 28 19 16 14 10 19 17 -0.174242 50 377 378
259 8 1 0 4 1 4 0 4 0 0 446 
260 8 0 1 0 4 11 19 13 15 27 16 12 -0.0392157 -61 379 380
261 8 1 0 5 1 4 2 0 0 3 452 
262 8 0 1 0 6 28 18 15 6 23 16 19 -0.0313765 -16 381 382
263 8 1 0 4 1 4 2 2 0 0 459 
264 8 0 1 0 5 4 17 14 6 4 17 12 -0.0326087 0 383 384
265 8 1 0 3 1 4 0 1 2 0 462 
266 8 1 0 17 1 4 0 0 0 17 463 
267 8 1 0 16 1 4 16 0 0 0 465 
268 8 1 0 5 1 4 0 3 2 0 466 
269 8 1 0 161 1 4 161 0 0 0 471 
270 8 1 0 2 1 4 1 1 0 0 472 
271 8 0 1 0 32 11 15 14 3 34 12 17 -0 25 385 386
272 8 1 0 2 1 4 0 0 0 2 476 
273 8 0 1 0 24 27 15 14 9 2 20 20 -0.643541 48 387 388
274 8 0 1 0 27 22 20 14 31 9 20 12 -0.1875 27 389 390
275 8 0 1 0 2 12 12 18 31 25 19 14 -0.102941 13 391 392
276 8 1 0 4 1 4 0 0 0 4 485 
277 8 1 0 40 1 4 40 0 0 0 486 
278 8 1 0 2 1 4 1 0 0 1 487 
279 8 0 1 0 29 33 12 18 24 24 16 13 -0.0521297 10 393 394
280 8 1 0 3 1 4 1 0 2 0 506 
281 8 1 0 15 1 4 0 0 0 15 507 
282 8 1 0 7 1 4 5 1 0 1 508 
283 8 0 1 0 12 16 18 15 22 7 19 16 -0.588889 9 395 396
284 8 1 0 6 1 4 0 0 1 5 511 
285 8 0 1 0 20 27 16 13 16 21 20 20 -0.485362 13 397 398
286 8 0 1 0 12 21 14 20 11 28 18 13 -0.303504 -12 399 400
287 8 1 0 20 1 4 0 0 0 20 539 
288 8 1 0 4 1 4 0 0 2 2 540 
289 8 1 0 5 1 4 4 1 0 0 541 
290 8 1 0 9 1 4 0 0 9 0 542 
291 8 0 1 0 21 19 17 12 20 31 13 19 -0.153977 28 401 402
292 8 1 0 2 1 4 0 0 0 2 554 
293 8 0 1 0 6 30 15 19 6 18 18 18 -0.0487805 0 403 404
294 8 1 0 3 1 4 1 0 0 2 562 
295 9 0 1 0 12 25 12 14 10 27 20 20 -0.159674 -6 405 406
296 9 1 0 9 1 4 9 0 0 0 4 
297 9 1 0 9 1 4 8 0 1 0 5 
298 9 0 1 0 3 32 12 12 30 9 19 16 -0.132328 -14 407 408
299 9 1 0 51 1 4 0 51 0 0 72 
300 9 1 0 2 1 4 0 1 1 0 73 
301 9 1 0 8 1 4 0 0 0 8 74 
302 9 1 0 2 1 4 0 0 1 1 75 
303 9 0 1 0 18 23 18 15 32 28 15 14 -0.456864 39 409 410
304 9 0 1 0 18 22 18 17 16 11 16 17 -0.239825 22 411 412
305 9 0 1 0 33 22 18 12 22 7 15 18 -0.36 -16 413 414
306 9 0 1 0 18 16 12 20 4 21 13 18 -0.0395257 5 415 416
307 9 1 0 8 1 4 0 0 8 0 106 
308 9 0 1 0 20 12 17 12 14 22 13 20 -0.0633498 18 417 418
309 9 1 0 2 1 4 0 2 0 0 114 
310 9 1 0 10 1 4 10 0 0 0 115 
311 9 0 1 0 26 14 12 13 25 29 18 20 -0.138497 -4 419 420
312 9 1 0 16 1 4 0 0 0 16 139 
313 9 0 1 0 18 3 14 20 14 4 20 13 -0.04851 -6 421 422
314 9 1 0 4 1 4 0 0 4 0 143 
315 9 1 0 2 1 4 0 1 0 1 144 
316 9 1 0 38 1 4 0 38 0 0 145 
317 9 0 1 0 24 20 15 14 8 34 13 13 -0 15 423 424
318 9 1 0 3 1 4 0 1 2 0 151 
319 9 0 1 0 17 33 13 16 18 2 16 15 -0 87 425 426
320 9 1 0 4 1 4 1 3 0 0 157 
321 9 1 0 9 1 4 0 0 0 9 158 
322 9 1 0 2 1 4 0 0 1 1 159 
323 9 1 0 3 1 4 3 0 0 0 164 
324 9 1 0 7 1 4 0 7 0 0 165 
325 9 1 0 7 1 4 0 6 1 0 166 
326 9 0 1 0 28 13 14 18 19 12 19 14 -0.0384615 -14 427 428
327 9 1 0 3 1 4 1 2 0 0 170 
328 9 1 0 8 1 4 0 0 0 8 171 
329 9 0 1 0 21 5 16 20 19 2 19 16 -0.137518 11 429 430
330 9 0 1 0 20 5 20 12 15 21 20 19 -0.0857143 -24 431 432
331 9 0 1 0 26 5 13 17 11 3 12 15 -0.0147059 -75 433 434
332 9 1 0 2 1 4 0 0 0 2 223 
333 9 0 1 0 18 34 12 13 10 23 20 13 -0.0410458 21 435 436
334 9 1 0 3 1 4 0 0 1 2 228 
335 9 0 1 0 10 24 12 14 29 2 15 15 -0.0227273 66 437 438
336 9 1 0 3 1 4 0 1 1 1 232 
337 9 1 0 9 1 4 0 9 0 0 233 
338 9 1 0 2 1 4 1 1 0 0 234 
339 9 1 0 16 1 4 0 0 16 0 235 
340 9 1 0 3 1 4 0 0 0 3 236 
341 9 0 1 0 17 7 13 14 3 34 12 19 -0.0381818 -29 439 440
342 9 1 0 5 1 4 0 0 4 1 240 
343 9 1 0 3 1 4 0 0 0 3 243 
344 9 0 1 0 27 23 19 12 25 16 19 13 -0.157627 -1 441 442
345 9 1 0 64 1 4 64 0 0 0 255 
346 9 1 0 2 1 4 1 1 0 0 256 
347 9 0 1 0 7 13 15 17 20 31 15 18 -0.153846 -112 443 444
348 9 1 0 6 1 4 5 1 0 0 259 
349 9 0 1 0 15 10 15 13 8 7 18 12 -0.401934 17 445 446
350 9 0 1 0 14 28 18 16 24 31 13 13 -0.0576923 2 447 448
351 9 1 0 2 1 4 0 0 0 2 272 
352 9 0 1 0 35 32 12 12 28 27 16 13 -0.0362377 -41 449 450
353 9 1 0 7 1 4 0 0 5 2 294 
354 9 0 1 0 31 8 17 15 28 26 18 15 -0.0979911 -59 451 452
355 9 1 0 39 1 4 39 0 0 0 300 
356 9 0 1 0 18 18 16 13 29 5 19 13 -0 120 453 454
357 9 1 0 7 1 4 7 0 0 0 308 
358 9 0 1 0 11 13 12 20 14 23 19 13 -0.0857143 -11 455 456
359 9 0 1 0 27 20 19 20 8 35 12 19 -0.219489 -58 457 458
360 9 1 0 6 1 4 3 0 0 3 326 
361 9 0 1 0 10 27 16 12 26 27 20 17 -0.515811 22 459 460
362 9 1 0 7 1 4 0 0 4 3 337 
363 9 1 0 9 1 4 0 0 0 9 338 
364 9 1 0 2 1 4 0 0 2 0 339 
365 9 0 1 0 15 20 13 13 4 3 17 19 -0.1375 0 461 462
366 9 0 1 0 26 19 17 13 33 29 17 14 -0.044787 38 463 464
367 9 0 1 0 13 26 12 17 10 33 14 14 -0.217195 -21 465 466
368 9 0 1 0 27 26 12 17 26 21 19 18 -0.567273 -2 467 468
369 9 1 0 23 1 4 0 0 0 23 412 
370 9 0 1 0 15 23 20 13 9 22 19 19 -0.41448 8 469 470
371 9 0 1 0 12 21 17 14 15 31 16 19 -0 -29 471 472
372 9 0 1 0 7 31 14 16 8 29 18 20 -0.123337 -2 473 474
373 9 1 0 5 1 4 0 1 1 3 427 
374 9 0 1 0 14 0 13 15 30 28 12 17 -0.36853 33 475 476
375 9 1 0 7 1 4 6 1 0 0 439 
376 9 0 1 0 12 32 13 15 27 6 16 19 -0.10963 44 477 478
377 9 1 0 13 1 4 0 0 0 13 443 
378 9 0 1 0 12 32 13 15 27 6 16 19 -0.0454545 64 479 480
379 9 1 0 49 1 4 0 0 0 49 447 
380 9 1 0 2 1 4 0 1 0 1 448 
381 9 1 0 2 1 4 0 1 1 0 453 
382 9 0 1 0 27 11 20 20 29 10 14 12 -0 6 481 482
383 9 1 0 4 1 4 0 3 1 0 460 
384 9 1 0 19 1 4 0 0 19 0 461 
385 9 1 0 8 1 4 8 0 0 0 474 
386 9 1 0 3 1 4 0 3 0 0 475 
387 9 1 0 8 1 4 6 2 0 0 477 
388 9 0 1 0 21 12 19 16 25 24 16 17 -0.0454545 14 483 484
389 9 1 0 32 1 4 0 0 0 32 480 
390 9 1 0 4 1 4 1 1 0 2 481 
391 9 0 1 0 13 23 12 15 30 33 13 12 -0.025 21 485 486
392 9 1 0 2 1 4 0 0 0 2 484 
393 9 0 1 0 11 4 15 16 4 13 19 20 -0.04426 38 487 488
394 9 1 0 6 1 4 2 0 0 4 505 
395 9 1 0 6 1 4 1 2 0 3 509 
396 9 1 0 9 1 4 9 0 0 0 510 
397 9 0 1 0 26 8 13 17 25 10 19 12 -0.0654762 12 489 490
398 9 0 1 0 10 7 12 15 1 20 18 15 -0.131373 10 491 492
399 9 0 1 0 1 15 13 17 19 13 13 15 -0.143226 13 493 494
400 9 0 1 0 1 6 14 19 0 16 16 19 -0.644603 4 495 496
401 9 0 1 0 22 17 18 17 22 14 17 14 -0.107598 -2 497 498
402 9 1 0 4 1 4 4 0 0 0 553 
403 9 1 0 2 1 4 0 1 0 1 560 
404 9 1 0 39 1 4 0 0 0 39 561 
405 10 0 1 0 10 11 12 14 32 20 16 15 -0.0384615 -8 499 500
406 10 0 1 0 10 29 14 16 13 23 16 17 -0.0808081 12 501 502
407 10 0 1 0 16 11 15 12 9 15 15 20 -0.199436 0 503 504
408 10 0 1 0 7 20 19 14 22 9 17 18 -0.120215 -24 505 506
409 10 0 1 0 9 29 12 16 13 28 15 14 -0.242396 -2 507 508
410 10 0 1 0 35 25 13 12 22 6 19 20 -0.257335 -63 509 510
411 10 0 1 0 32 35 12 13 24 29 17 17 -0 -29 511 512
412 10 0 1 0 33 0 17 13 28 7 16 16 -0.226563 -16 513 514
413 10 1 0 9 1 4 9 0 0 0 96 
414 10 0 1 0 21 30 15 12 28 26 19 13 -0.196364 29 515 516
415 10 0 1 0 6 22 16 15 20 7 18 13 -0.0454545 0 517 518
416 10 1 0 12 1 4 0 0 0 12 104 
417 10 0 1 0 20 17 18 14 17 12 13 20 -0.0272237 47 519 520
418 10 1 0 2 1 4 1 0 0 1 111 
419 10 0 1 0 24 11 13 15 26 29 17 20 -0.124231 -37 521 522
420 10 1 0 2 1 4 2 0 0 0 138 
421 10 1 0 2 1 4 0 0 2 0 140 
422 10 0 1 0 7 7 13 19 5 11 17 20 -0 -13 523 524
423 10 1 0 193 1 4 193 0 0 0 149 
424 10 1 0 2 1 4 0 2 0 0 150 
425 10 1 0 18 1 4 0 0 18 0 155 
426 10 1 0 2 1 4 0 0 0 2 156 
427 10 1 0 2 1 4 0 0 1 1 167 
428 10 1 0 11 1 4 0 0 11 0 168 
429 10 0 1 0 11 7 18 19 24 32 12 14 -0.131182 22 525 526
430 10 1 0 12 1 4 12 0 0 0 218 
431 10 1 0 7 1 4 0 6 0 1 219 
432 10 1 0 33 1 4 33 0 0 0 220 
433 10 1 0 2 1 4 1 1 0 0 221 
434 10 1 0 32 1 4 0 32 0 0 222 
435 10 0 1 0 8 32 12 19 10 11 15 13 -0.011623 30 527 528
436 10 1 0 5 1 4 0 4 1 0 227 
437 10 1 0 20 1 4 0 0 0 20 230 
438 10 1 0 2 1 4 0 0 1 1 231 
439 10 1 0 3 1 4 0 0 3 0 237 
440 10 0 1 0 17 22 18 20 17 12 12 16 -0.0227273 16 529 530
441 10 0 1 0 27 0 17 17 12 7 16 15 -0 -48 531 532
442 10 0 1 0 26 22 15 15 24 14 15 16 -0.0949746 -9 533 534
443 10 1 0 2 1 4 0 1 0 1 257 
444 10 1 0 11 1 4 0 11 0 0 258 
445 10 1 0 3 1 4 0 0 1 2 263 
446 10 0 1 0 11 32 15 19 8 33 13 16 -0.289075 -7 535 536
447 10 1 0 4 1 4 3 1 0 0 270 
448 10 1 0 9 1 4 0 0 0 9 271 
449 10 0 1 0 21 28 16 19 21 13 15 20 -0.0711111 30 537 538
450 10 0 1 0 24 32 13 16 26 33 12 19 -0.0311963 22 539 540
451 10 0 1 0 17 17 20 19 10 4 20 13 -0.0301907 87 541 542
452 10 1 0 6 1 4 0 0 6 0 298 
453 10 1 0 11 1 4 0 11 0 0 301 
454 10 1 0 3 1 4 3 0 0 0 302 
455 10 1 0 51 1 4 0 51 0 0 309 
456 10 1 0 5 1 4 0 3 0 2 310 
457 10 0 1 0 25 11 18 18 25 13 20 20 -0.0898784 0 543 544
458 10 0 1 0 34 29 18 13 6 29 18 20 -0.409524 -56 545 546
459 10 0 1 0 18 22 18 20 15 16 13 19 -0.403366 18 547 548
460 10 1 0 3 1 4 0 0 0 3 336 
461 10 1 0 2 1 4 0 1 1 0 341 
462 10 1 0 8 1 4 1 7 0 0 342 
463 10 0 1 0 24 0 14 20 21 20 12 15 -0.0385448 -104 549 550
464 10 1 0 4 1 4 0 4 0 0 348 
465 10 0 1 0 4 20 19 14 19 8 20 12 -0.266148 -19 551 552
466 10 0 1 0 6 27 17 19 17 27 20 17 -0.192529 -21 553 554
467 10 1 0 14 1 4 0 0 0 14 409 
468 10 0 1 0 22 3 17 16 27 16 13 15 -0.170455 15 555 556
469 10 0 1 0 4 22 18 18 26 6 18 12 -0.16092 8 557 558
470 10 0 1 0 29 16 19 16 32 17 13 14 -0.047619 17 559 560
471 10 1 0 2 1 4 0 2 0 0 419 
472 10 1 0 21 1 4 21 0 0 0 420 
473 10 0 1 0 20 24 15 13 20 17 13 20 -0.059249 15 561 562
474 10 1 0 3 1 4 0 0 0 3 426 
475 10 0 1 0 14 32 15 17 16 16 14 12 -0.299044 24 563 564
476 10 1 0 2 1 4 0 0 0 2 438 
477 10 1 0 2 1 4 0 1 0 1 440 
478 10 0 1 0 24 10 16 19 22 18 15 12 -0.02 -37 565 566
479 10 1 0 2 1 4 0 0 1 1 444 
480 10 1 0 9 1 4 0 9 0 0 445 
481 10 1 0 74 1 4 0 0 0 74 454 
482 10 1 0 2 1 4 0 0 2 0 455 
483 10 1 0 2 1 4 1 1 0 0 478 
484 10 1 0 9 1 4 0 0 0 9 479 
485 10 1 0 27 1 4 0 27 0 0 482 
486 10 1 0 5 1 4 4 1 0 0 483 
487 10 0 1 0 30 0 19 15 24 35 12 20 -0.0408481 -80 567 568
488 10 1 0 4 1 4 0 2 0 2 504 
489 10 0 1 0 5 10 20 14 15 29 16 19 -0.0416667 -5 569 570
490 10 1 0 2 1 4 2 0 0 0 514 
491 10 0 1 0 13 29 15 18 3 30 17 14 -0 13 571 572
492 10 1 0 2 1 4 1 1 0 0 517 
493 10 0 1 0 3 27 18 16 3 20 20 19 -0.111123 -1 573 574
494 10 1 0 8 1 4 0 4 1 3 529 
495 10 0 1 0 4 12 17 17 25 2 15 16 -0.555012 6 575 576
496 10 1 0 5 1 4 1 4 0 0 536 
497 10 1 0 6 1 4 0 3 2 1 550 
498 10 0 1 0 14 24 18 13 24 20 15 13 -0.0147059 13 577 578
499 11 1 0 2 1 4 0 1 1 0 0 
500 11 1 0 11 1 4 0 11 0 0 1 
501 11 1 0 9 1 4 0 1 8 0 2 
502 11 1 0 2 1 4 0 0 0 2 3 
503 11 0 1 0 7 12 19 13 3 13 18 18 -0 -1 579 580
504 11 0 1 0 17 28 15 15 12 31 15 20 -0.2875 -5 581 582
505 11 0 1 0 21 35 12 17 17 5 19 20 -0.12963 70 583 584
506 11 0 1 0 4 29 15 15 3 23 18 19 -0.109188 -6 585 586
507 11 1 0 4 1 4 2 2 0 0 76 
508 11 0 1 0 29 29 15 13 10 32 12 16 -0.0593548 -19 587 588
509 11 1 0 3 1 4 0 0 0 3 80 
510 11 0 1 0 4 27 13 14 22 9 12 19 -0.154149 62 589 590
511 11 1 0 3 1 4 0 3 0 0 85 
512 11 1 0 46 1 4 46 0 0 0 86 
513 11 0 1 0 29 2 12 17 9 0 16 14 -0 -9 591 592
514 11 0 1 0 9 1 15 16 33 16 19 14 -0.180736 -16 593 594
515 11 0 1 0 6 11 14 18 4 2 13 17 -0.119048 11 595 596
516 11 0 1 0 2 9 19 17 22 32 12 17 -0.0454545 -10 597 598
517 11 1 0 2 1 4 0 1 1 0 102 
518 11 1 0 9 1 4 0 0 9 0 103 
519 11 0 1 0 26 25 19 15 24 23 18 17 -0.00917706 16 599 600
520 11 1 0 9 1 4 0 0 5 4 110 
521 11 0 1 0 8 23 13 19 6 31 12 12 -0.100054 22 601 602
522 11 0 1 0 6 16 19 17 5 24 16 13 -0.185596 -15 603 604
523 11 1 0 2 1 4 0 0 2 0 141 
524 11 1 0 35 1 4 0 0 0 35 142 
525 11 0 1 0 19 27 20 20 17 11 12 15 -0.121125 9 605 606
526 11 0 1 0 0 5 17 12 9 25 20 16 -0.0454545 -91 607 608
527 11 0 1 0 3 24 16 18 0 7 15 14 -0.0060241 72 609 610
528 11 1 0 2 1 4 0 2 0 0 226 
529 11 1 0 2 1 4 1 1 0 0 238 
530 11 1 0 20 1 4 0 20 0 0 239 
531 11 1 0 4 1 4 0 4 0 0 244 
532 11 1 0 10 1 4 10 0 0 0 245 
533 11 1 0 3 1 4 0 0 0 3 246 
534 11 0 1 0 17 2 19 20 27 6 18 17 -0.0494727 2 611 612
535 11 1 0 4 1 4 0 0 4 0 264 
536 11 0 1 0 12 34 13 17 5 25 15 15 -0.196128 62 613 614
537 11 1 0 7 1 4 7 0 0 0 273 
538 11 0 1 0 18 25 18 12 14 22 12 13 -0 -2 615 616
539 11 0 1 0 14 8 17 18 6 29 14 19 -0.0253696 -46 617 618
540 11 0 1 0 27 1 15 18 19 3 18 20 -0 -34 619 620
541 11 0 1 0 9 13 18 13 14 18 20 14 -0.0169492 -58 621 622
542 11 1 0 5 1 4 5 0 0 0 297 
543 11 0 1 0 7 19 12 15 8 26 17 12 -0 -17 623 624
544 11 0 1 0 19 16 19 17 17 14 13 19 -0.0141844 15 625 626
545 11 1 0 3 1 4 2 1 0 0 324 
546 11 1 0 7 1 4 0 1 0 6 325 
547 11 0 1 0 3 0 13 20 28 17 16 13 -0.232093 -97 627 628
548 11 0 1 0 19 7 16 19 24 21 12 12 -0.310185 -23 629 630
549 11 1 0 5 1 4 2 2 1 0 343 
550 11 0 1 0 24 9 19 14 25 15 14 14 -0.0263536 20 631 632
551 11 0 1 0 3 34 12 14 8 2 18 19 -0.0454545 -4 633 634
552 11 1 0 8 1 4 1 7 0 0 354 
553 11 0 1 0 29 31 14 17 26 2 15 19 -0.180898 1 635 636
554 11 0 1 0 17 0 20 20 28 0 17 18 -0.0921131 10 637 638
555 11 1 0 8 1 4 3 5 0 0 410 
556 11 1 0 3 1 4 0 0 0 3 411 
557 11 0 1 0 9 33 12 14 5 0 18 18 -0.0354267 25 639 640
558 11 1 0 2 1 4 2 0 0 0 416 
559 11 1 0 11 1 4 11 0 0 0 417 
560 11 1 0 3 1 4 0 2 1 0 418 
561 11 1 0 2 1 4 0 0 0 2 421 
562 11 0 1 0 0 19 19 20 2 8 20 14 -0.0424229 37 641 642
563 11 0 1 0 11 4 12 19 2 35 12 19 -0.223456 16 643 644
564 11 0 1 0 18 23 17 19 1 22 18 17 -0.158333 35 645 646
565 11 1 0 23 1 4 0 23 0 0 441 
566 11 1 0 2 1 4 1 1 0 0 442 
567 11 1 0 3 1 4 1 0 0 2 488 
568 11 0 1 0 24 13 20 12 16 14 17 20 -0.0363826 44 647 648
569 11 1 0 10 1 4 0 10 0 0 512 
570 11 1 0 2 1 4 0 1 1 0 513 
571 11 1 0 2 1 4 0 0 2 0 515 
572 11 1 0 13 1 4 0 0 0 13 516 
573 11 1 0 3 1 4 0 2 0 1 518 
574 11 0 1 0 11 27 15 20 17 21 19 13 -0.0888653 -15 649 650
575 11 0 1 0 18 18 18 19 18 27 17 12 -0.191457 -7 651 652
576 11 0 1 0 16 18 15 18 17 35 12 15 -0.443439 -14 653 654
577 11 1 0 2 1 4 1 1 0 0 551 
578 11 1 0 32 1 4 0 32 0 0 552 
579 12 1 0 3 1 4 0 0 3 0 6 
580 12 1 0 25 1 4 0 0 0 25 7 
581 12 1 0 2 1 4 1 0 1 0 8 
582 12 1 0 8 1 4 0 0 7 1 9 
583 12 1 0 9 1 4 8 1 0 0 10 
584 12 1 0 3 1 4 0 0 2 1 11 
585 12 0 1 0 11 26 14 19 29 12 17 12 -0.0840336 36 655 656
586 12 0 1 0 27 21 19 13 19 12 15 15 -0.10293 -7 657 658
587 12 1 0 6 1 4 0 0 0 6 77 
588 12 0 1 0 2 29 12 14 18 0 14 13 -0 140 659 660
589 12 1 0 8 1 4 7 1 0 0 81 
590 12 0 1 0 0 2 16 15 1 16 16 16 -0.0649733 -25 661 662
591 12 1 0 2 1 4 0 2 0 0 87 
592 12 1 0 14 1 4 14 0 0 0 88 
593 12 1 0 3 1 4 0 0 2 1 89 
594 12 0 1 0 18 23 14 13 10 19 17 16 -0.116703 -4 663 664
595 12 0 1 0 20 17 13 17 28 7 15 15 -0 -5 665 666
596 12 1 0 2 1 4 0 0 0 2 99 
597 12 1 0 9 1 4 0 9 0 0 100 
598 12 1 0 2 1 4 1 1 0 0 101 
599 12 0 1 0 12 14 16 16 10 20 17 13 -0.00374532 5 667 668
600 12 1 0 3 1 4 0 0 2 1 109 
601 12 0 1 0 10 26 13 12 5 27 17 14 -0.0802619 27 669 670
602 12 1 0 6 1 4 2 2 2 0 133 
603 12 0 1 0 6 25 12 19 9 30 14 20 -0.0394737 -54 671 672
604 12 0 1 0 13 7 14 20 32 22 13 12 -0.0263158 1 673 674
605 12 0 1 0 26 14 16 18 14 11 12 18 -0.290727 -51 675 676
606 12 0 1 0 35 7 20 12 12 8 12 13 -0.103799 20 677 678
607 12 1 0 2 1 4 1 1 0 0 216 
608 12 1 0 9 1 4 9 0 0 0 217 
609 12 1 0 81 1 4 81 0 0 0 224 
610 12 1 0 2 1 4 1 1 0 0 225 
611 12 1 0 4 1 4 0 1 0 3 247 
612 12 0 1 0 28 18 17 12 28 27 19 19 -0.0145697 -25 679 680
613 12 0 1 0 22 19 16 17 6 35 12 20 -0.124339 -49 681 682
614 12 1 0 2 1 4 0 0 1 1 269 
615 12 1 0 2 1 4 2 0 0 0 274 
616 12 1 0 16 1 4 0 16 0 0 275 
617 12 1 0 4 1 4 2 0 1 1 276 
618 12 0 1 0 12 17 19 18 12 28 12 12 -0.0205333 56 683 684
619 12 1 0 13 1 4 13 0 0 0 291 
620 12 1 0 12 1 4 0 12 0 0 292 
621 12 1 0 4 1 4 0 2 2 0 295 
622 12 1 0 55 1 4 0 55 0 0 296 
623 12 1 0 6 1 4 0 0 0 6 320 
624 12 1 0 4 1 4 0 4 0 0 321 
625 12 1 0 139 1 4 0 0 0 139 322 
626 12 1 0 2 1 4 0 1 0 1 323 
627 12 1 0 2 1 4 0 0 1 1 327 
628 12 0 1 0 22 28 17 16 14 30 12 18 -0.140689 25 685 686
629 12 0 1 0 16 13 19 18 19 28 12 12 -0.0729167 -29 687 688
630 12 1 0 6 1 4 0 0 4 2 335 
631 12 0 1 0 23 30 17 20 16 31 15 20 -0.0196389 -20 689 690
632 12 1 0 3 1 4 1 1 1 0 347 
633 12 1 0 2 1 4 0 1 1 0 352 
634 12 1 0 9 1 4 0 0 0 9 353 
635 12 1 0 5 1 4 0 1 0 4 355 
636 12 0 1 0 2 14 19 19 5 23 19 20 -0.170351 -24 691 692
637 12 0 1 0 15 3 17 13 16 24 18 13 -0.0875 -10 693 694
638 12 0 1 0 20 30 13 19 20 21 12 15 -0.015625 -14 695 696
639 12 0 1 0 32 10 20 13 28 3 13 19 -0.0217391 -4 697 698
640 12 1 0 4 1 4 0 0 0 4 415 
641 12 0 1 0 19 25 20 19 22 14 13 19 -0.00869361 22 699 700
642 12 1 0 2 1 4 0 1 0 1 425 
643 12 0 1 0 28 22 16 12 7 26 18 17 -0.143846 13 701 702
644 12 1 0 5 1 4 1 2 0 2 435 
645 12 1 0 4 1 4 0 0 3 1 436 
646 12 1 0 6 1 4 1 5 0 0 437 
647 12 0 1 0 4 13 14 19 8 22 13 19 -0.0323947 9 703 704
648 12 1 0 3 1 4 1 0 0 2 503 
649 12 1 0 3 1 4 1 0 1 1 519 
650 12 0 1 0 0 35 12 12 8 16 17 17 -0.0650887 48 705 706
651 12 0 1 0 18 25 12 16 23 21 20 14 -0.0392157 -15 707 708
652 12 1 0 5 1 4 1 1 1 2 532 
653 12 1 0 9 1 4 2 6 0 1 533 
654 12 0 1 0 30 17 15 17 28 6 18 16 -0.0441176 26 709 710
655 13 1 0 4 1 4 0 0 4 0 12 
656 13 0 1 0 12 25 19 13 22 21 16 15 -0 -1 711 712
657 13 1 0 3 1 4 3 0 0 0 15 
658 13 0 1 0 13 19 13 18 6 21 17 12 -0.099117 43 713 714
659 13 1 0 23 1 4 0 0 23 0 78 
660 13 1 0 2 1 4 0 2 0 0 79 
661 13 0 1 0 0 24 14 18 25 26 14 17 -0.0147059 8 715 716
662 13 1 0 4 1 4 0 0 3 1 84 
663 13 1 0 5 1 4 5 0 0 0 90 
664 13 0 1 0 33 19 20 14 15 7 18 19 -0.0676062 1 717 718
665 13 1 0 2 1 4 0 2 0 0 97 
666 13 1 0 10 1 4 0 0 10 0 98 
667 13 1 0 175 1 4 0 0 0 175 107 
668 13 1 0 3 1 4 0 0 1 2 108 
669 13 0 1 0 9 24 16 20 9 14 15 15 -0.0686524 30 719 720
670 13 0 1 0 3 11 15 14 0 18 15 14 -0 -8 721 722
671 13 1 0 4 1 4 0 0 1 3 134 
672 13 1 0 15 1 4 0 0 15 0 135 
673 13 1 0 17 1 4 0 0 0 17 136 
674 13 1 0 2 1 4 0 1 1 0 137 
675 13 1 0 7 1 4 1 6 0 0 172 
676 13 0 1 0 29 15 20 13 22 5 17 13 -0.0714286 -8 723 724
677 13 0 1 0 3 28 19 13 1 22 17 12 -0.097447 29 725 726
678 13 0 1 0 2 26 17 19 20 21 14 19 -0 -25 727 728
679 13 1 0 6 1 4 5 1 0 0 248 
680 13 0 1 0 23 30 12 20 23 17 19 20 -0.00799248 6 729 730
681 13 1 0 3 1 4 0 2 0 1 265 
682 13 0 1 0 9 4 19 20 3 35 12 15 -0.0615349 5 731 732
683 13 0 1 0 25 24 12 17 1 31 14 13 -0.0194722 83 733 734
684 13 1 0 3 1 4 0 3 0 0 290 
685 13 0 1 0 26 27 19 19 20 33 12 13 -0.115076 -31 735 736
686 13 1 0 14 1 4 0 14 0 0 332 
687 13 1 0 4 1 4 4 0 0 0 333 
688 13 1 0 8 1 4 0 7 1 0 334 
689 13 0 1 0 21 7 16 20 26 0 17 18 -0.142857 26 737 738
690 13 1 0 437 1 4 437 0 0 0 346 
691 13 0 1 0 22 10 16 18 23 26 14 20 -0.488996 1 739 740
692 13 0 1 0 24 27 19 12 16 11 17 15 -0.126808 -11 741 742
693 13 1 0 8 1 4 1 7 0 0 405 
694 13 1 0 2 1 4 0 0 2 0 406 
695 13 1 0 2 1 4 1 1 0 0 407 
696 13 1 0 30 1 4 30 0 0 0 408 
697 13 1 0 2 1 4 0 1 1 0 413 
698 13 1 0 21 1 4 0 0 21 0 414 
699 13 1 0 2 1 4 2 0 0 0 422 
700 13 0 1 0 18 1 15 14 15 16 17 17 -0.00446429 -110 743 744
701 13 0 1 0 12 30 13 16 14 16 13 17 -0.101538 29 745 746
702 13 0 1 0 22 0 13 12 32 5 16 13 -0.0688259 14 747 748
703 13 0 1 0 28 10 13 14 21 9 18 19 -0.0304158 -51 749 750
704 13 1 0 2 1 4 0 1 0 1 502 
705 13 0 1 0 13 6 14 12 11 12 14 13 -0.0285204 24 751 752
706 13 0 1 0 16 26 14 12 25 10 16 17 -0.260504 21 753 754
707 13 1 0 2 1 4 0 1 0 1 530 
708 13 1 0 49 1 4 0 0 0 49 531 
709 13 1 0 13 1 4 0 0 0 13 534 
710 13 1 0 4 1 4 0 1 3 0 535 
711 14 1 0 2 1 4 2 0 0 0 13 
712 14 1 0 15 1 4 0 15 0 0 14 
713 14 0 1 0 27 27 18 20 13 11 20 12 -0.09246 14 755 756
714 14 1 0 8 1 4 4 2 1 1 70 
715 14 1 0 4 1 4 0 1 3 0 82 
716 14 1 0 47 1 4 0 47 0 0 83 
717 14 0 1 0 1 28 16 13 19 21 13 16 -0.0294118 -34 757 758
718 14 1 0 4 1 4 0 0 4 0 95 
719 14 1 0 7 1 4 0 6 1 0 116 
720 14 0 1 0 7 11 12 14 0 26 19 14 -0.0593504 -5 759 760
721 14 1 0 2 1 4 0 0 2 0 131 
722 14 1 0 9 1 4 0 0 0 9 132 
723 14 1 0 5 1 4 0 0 0 5 173 
724 14 1 0 7 1 4 0 1 6 0 174 
725 14 0 1 0 15 0 20 15 28 1 15 13 -0.0782767 -12 761 762
726 14 0 1 0 14 17 19 20 15 21 19 19 -0.15914 -12 763 764
727 14 1 0 2 1 4 0 2 0 0 214 
728 14 1 0 8 1 4 0 0 8 0 215 
729 14 1 0 2 1 4 1 1 0 0 249 
730 14 0 1 0 26 20 16 14 29 29 15 16 -0.0027027 -20 765 766
731 14 0 1 0 17 19 13 20 24 28 19 12 -0 -36 767 768
732 14 1 0 2 1 4 1 0 0 1 268 
733 14 0 1 0 2 0 13 12 6 15 17 13 -0.0162884 -108 769 770
734 14 0 1 0 22 11 15 13 4 19 15 15 -0.0416667 118 771 772
735 14 0 1 0 10 25 19 17 12 26 13 13 -0.281481 4 773 774
736 14 0 1 0 6 30 14 16 23 8 12 19 -0.00649351 82 775 776
737 14 1 0 2 1 4 0 1 0 1 344 
738 14 1 0 12 1 4 12 0 0 0 345 
739 14 0 1 0 15 27 18 18 4 30 12 20 -0.313143 33 777 778
740 14 1 0 8 1 4 0 0 0 8 361 
741 14 0 1 0 26 27 13 15 25 0 18 17 -0.110666 38 779 780
742 14 0 1 0 7 29 16 17 15 31 16 19 -0.116841 -29 781 782
743 14 1 0 2 1 4 1 1 0 0 423 
744 14 1 0 110 1 4 0 110 0 0 424 
745 14 0 1 0 18 29 12 20 13 25 17 13 -0.0644632 19 783 784
746 14 1 0 2 1 4 1 0 0 1 431 
747 14 0 1 0 12 27 13 19 10 13 12 14 -0 28 785 786
748 14 1 0 7 1 4 7 0 0 0 434 
749 14 1 0 2 1 4 0 1 0 1 489 
750 14 0 1 0 27 18 18 12 29 28 15 18 -0.0287708 0 787 788
751 14 0 1 0 27 10 19 18 25 19 12 12 -0.0182933 8 789 790
752 14 1 0 3 1 4 0 1 0 2 525 
753 14 1 0 4 1 4 1 0 3 0 526 
754 14 0 1 0 0 29 17 19 6 21 17 17 -0.0441176 42 791 792
755 15 0 1 0 19 19 14 12 7 22 19 12 -0.238491 10 793 794
756 15 0 1 0 29 32 13 15 25 12 15 12 -0.0707095 0 795 796
757 15 1 0 3 1 4 3 0 0 0 91 
758 15 0 1 0 3 15 17 17 12 5 20 18 -0.0228327 20 797 798
759 15 0 1 0 4 22 14 18 1 10 17 13 -0.0518078 6 799 800
760 15 1 0 6 1 4 0 5 1 0 130 
761 15 1 0 3 1 4 0 0 2 1 175 
762 15 0 1 0 16 5 17 13 21 34 12 14 -0.0729386 -18 801 802
763 15 0 1 0 0 16 20 16 21 10 17 17 -0.0887446 -14 803 804
764 15 0 1 0 27 16 15 17 35 27 20 12 -0.0286738 -11 805 806
765 15 1 0 2 1 4 1 1 0 0 250 
766 15 1 0 183 1 4 0 183 0 0 251 
767 15 1 0 2 1 4 0 2 0 0 266 
768 15 1 0 101 1 4 101 0 0 0 267 
769 15 1 0 2 1 4 1 0 1 0 277 
770 15 0 1 0 20 18 15 13 21 15 16 12 -0.0141546 14 807 808
771 15 1 0 8 1 4 1 7 0 0 288 
772 15 1 0 13 1 4 13 0 0 0 289 
773 15 1 0 9 1 4 8 1 0 0 328 
774 15 1 0 6 1 4 0 5 0 1 329 
775 15 1 0 75 1 4 75 0 0 0 330 
776 15 1 0 2 1 4 1 1 0 0 331 
777 15 1 0 5 1 4 0 0 0 5 356 
778 15 0 1 0 5 15 12 20 2 15 17 20 -0.209113 13 809 810
779 15 0 1 0 1 20 18 19 11 29 12 13 -0.0295567 -37 811 812
780 15 1 0 14 1 4 0 14 0 0 364 
781 15 0 1 0 27 9 19 20 27 23 19 17 -0.098057 -5 813 814
782 15 0 1 0 17 7 18 13 12 7 18 16 -0.154382 10 815 816
783 15 0 1 0 27 27 17 20 28 28 14 16 -0.0547945 7 817 818
784 15 1 0 3 1 4 1 2 0 0 430 
785 15 1 0 17 1 4 0 17 0 0 432 
786 15 1 0 2 1 4 2 0 0 0 433 
787 15 1 0 3 1 4 0 1 0 2 490 
788 15 0 1 0 9 33 12 12 9 13 13 19 -0.0265655 2 819 820
789 15 0 1 0 8 18 13 18 7 17 14 19 -0.0156669 -1 821 822
790 15 1 0 2 1 4 0 0 1 1 524 
791 15 1 0 13 1 4 0 0 0 13 527 
792 15 1 0 4 1 4 0 0 3 1 528 
793 16 0 1 0 0 28 17 15 0 21 19 19 -0.175803 -6 823 824
794 16 0 1 0 31 22 17 16 6 13 12 16 -0.109091 3 825 826
795 16 1 0 3 1 4 3 0 0 0 26 
796 16 0 1 0 25 15 14 16 23 20 15 20 -0.0674108 7 827 828
797 16 0 1 0 24 0 16 14 31 2 15 13 -0.00793651 16 829 830
798 16 1 0 2 1 4 0 1 1 0 94 
799 16 1 0 7 1 4 0 0 2 5 117 
800 16 0 1 0 5 12 14 16 21 2 16 12 -0.0434205 -25 831 832
801 16 0 1 0 7 11 14 12 21 4 14 15 -0.066009 0 833 834
802 16 1 0 7 1 4 6 1 0 0 208 
803 16 1 0 2 1 4 0 1 0 1 209 
804 16 0 1 0 12 33 13 15 23 2 17 16 -0.0340136 114 835 836
805 16 1 0 22 1 4 22 0 0 0 212 
806 16 1 0 9 1 4 1 8 0 0 213 
807 16 0 1 0 19 20 17 18 20 12 19 12 -0.0114318 7 837 838
808 16 1 0 4 1 4 2 1 1 0 287 
809 16 0 1 0 3 27 14 13 15 15 14 14 -0 -52 839 840
810 16 0 1 0 17 15 20 13 22 28 19 15 -0 9 841 842
811 16 1 0 7 1 4 1 6 0 0 362 
812 16 1 0 22 1 4 22 0 0 0 363 
813 16 0 1 0 29 23 19 12 22 3 17 20 -0.0861868 -1 843 844
814 16 1 0 9 1 4 0 4 0 5 398 
815 16 0 1 0 23 26 19 19 19 17 20 17 -0.108108 25 845 846
816 16 0 1 0 0 26 17 17 28 8 20 18 -0 3 847 848
817 16 1 0 137 1 4 137 0 0 0 428 
818 16 1 0 9 1 4 8 0 0 1 429 
819 16 1 0 5 1 4 1 0 0 4 491 
820 16 0 1 0 32 24 17 15 30 31 15 13 -0.0223402 -25 849 850
821 16 1 0 3 1 4 0 0 1 2 520 
822 16 0 1 0 20 8 14 17 15 16 20 12 -0.0131519 -48 851 852
823 17 1 0 9 1 4 1 6 2 0 16 
824 17 0 1 0 17 31 12 17 17 26 13 14 -0.129418 25 853 854
825 17 1 0 5 1 4 0 3 2 0 24 
826 17 1 0 6 1 4 6 0 0 0 25 
827 17 0 1 0 32 31 13 14 25 0 16 18 -0.0630749 2 855 856
828 17 0 1 0 5 20 19 20 1 24 18 17 -0.0470588 -9 857 858
829 17 1 0 61 1 4 0 61 0 0 92 
830 17 1 0 2 1 4 1 1 0 0 93 
831 17 1 0 3 1 4 0 3 0 0 118 
832 17 0 1 0 26 19 20 16 10 15 20 19 -0.0375652 -26 859 860
833 17 0 1 0 12 26 19 19 2 28 18 19 -0.125 40 861 862
834 17 0 1 0 22 11 14 15 18 10 16 19 -0.0546763 4 863 864
835 17 1 0 7 1 4 2 5 0 0 210 
836 17 1 0 35 1 4 0 35 0 0 211 
837 17 0 1 0 30 25 14 13 35 31 15 12 -0.0085814 3 865 866
838 17 1 0 6 1 4 3 2 1 0 286 
839 17 1 0 5 1 4 0 0 0 5 357 
840 17 1 0 6 1 4 0 6 0 0 358 
841 17 1 0 55 1 4 0 55 0 0 359 
842 17 1 0 4 1 4 4 0 0 0 360 
843 17 1 0 5 1 4 0 2 0 3 365 
844 17 0 1 0 21 22 18 13 4 11 16 17 -0.0785577 119 867 868
845 17 0 1 0 30 5 20 13 5 6 20 19 -0.0478041 -27 869 870
846 17 1 0 3 1 4 0 0 3 0 402 
847 17 1 0 21 1 4 21 0 0 0 403 
848 17 1 0 2 1 4 0 2 0 0 404 
849 17 0 1 0 3 0 20 16 26 3 13 13 -0.18997 -29 871 872
850 17 0 1 0 13 25 15 16 10 32 14 14 -0.0117896 28 873 874
851 17 0 1 0 5 27 15 14 25 1 15 20 -0.0666667 45 875 876
852 17 1 0 264 1 4 0 0 0 264 523 
853 18 0 1 0 10 18 12 12 9 16 20 17 -0.103213 9 877 878
854 18 1 0 6 1 4 0 6 0 0 23 
855 18 1 0 7 1 4 0 6 1 0 27 
856 18 0 1 0 15 25 16 15 32 34 12 12 -0.0611491 -130 879 880
857 18 1 0 5 1 4 0 1 4 0 68 
858 18 1 0 12 1 4 0 0 0 12 69 
859 18 1 0 5 1 4 0 0 1 4 119 
860 18 0 1 0 27 21 13 14 26 19 13 13 -0.0318726 -8 881 882
861 18 1 0 6 1 4 0 0 3 3 176 
862 18 1 0 6 1 4 0 6 0 0 177 
863 18 0 1 0 9 27 19 12 11 31 16 16 -0.0490575 -1 883 884
864 18 1 0 6 1 4 5 1 0 0 207 
865 18 0 1 0 5 31 16 13 1 18 13 13 -0.0059158 12 885 886
866 18 0 1 0 25 30 16 13 10 23 17 13 -0.0416667 48 887 888
867 18 0 1 0 24 9 17 13 25 18 18 15 -0.073477 13 889 890
868 18 1 0 3 1 4 0 1 0 2 397 
869 18 1 0 5 1 4 4 1 0 0 399 
870 18 0 1 0 25 31 16 13 31 4 16 13 -0.015625 36 891 892
871 18 0 1 0 1 2 12 14 10 9 15 14 -0.0957447 -2 893 894
872 18 1 0 2 1 4 1 1 0 0 494 
873 18 0 1 0 28 11 19 14 30 27 20 13 -0.0112697 6 895 896
874 18 1 0 2 1 4 0 0 1 1 501 
875 18 1 0 2 1 4 0 1 0 1 521 
876 18 1 0 28 1 4 0 0 0 28 522 
877 19 0 1 0 0 6 20 16 0 5 20 20 -0.0849421 -5 897 898
878 19 1 0 2 1 4 1 1 0 0 22 
879 19 1 0 4 1 4 0 4 0 0 28 
880 19 0 1 0 28 8 19 16 32 28 19 12 -0.0584292 -3 899 900
881 19 1 0 7 1 4 0 0 3 4 120 
882 19 0 1 0 24 30 17 16 7 29 16 14 -0.0245886 69 901 902
883 19 0 1 0 4 0 16 16 13 13 16 12 -0.0408149 7 903 904
884 19 0 1 0 3 24 14 18 4 28 13 16 -0.0546875 6 905 906
885 19 0 1 0 15 30 12 13 12 16 15 18 -0.321429 8 907 908
886 19 0 1 0 14 34 12 15 7 27 12 12 -0.00131123 122 909 910
887 19 1 0 13 1 4 13 0 0 0 284 
888 19 1 0 8 1 4 1 7 0 0 285 
889 19 0 1 0 5 24 20 14 1 16 18 16 -0.0678212 24 911 912
890 19 0 1 0 0 30 13 12 26 5 15 12 -0.0378788 -76 913 914
891 19 1 0 2 1 4 1 1 0 0 400 
892 19 1 0 30 1 4 0 30 0 0 401 
893 19 1 0 45 1 4 0 0 0 45 492 
894 19 1 0 2 1 4 1 0 0 1 493 
895 19 0 1 0 28 17 12 14 30 28 13 12 -0.0972881 27 915 916
896 19 1 0 1725 1 4 0 0 0 1725 500 
897 20 1 0 4 1 4 1 1 2 0 17 
898 20 0 1 0 11 29 17 20 9 26 19 19 -0.049309 10 917 918
899 20 0 1 0 27 30 16 16 25 14 12 12 -0.0562407 6 919 920
900 20 1 0 6 1 4 0 0 0 6 67 
901 20 0 1 0 19 23 15 19 26 25 19 13 -0.0204285 5 921 922
902 20 1 0 2 1 4 0 2 0 0 129 
903 20 0 1 0 31 27 15 14 15 20 14 16 -0.038007 -126 923 924
904 20 1 0 3 1 4 0 0 3 0 204 
905 20 1 0 8 1 4 0 0 7 1 205 
906 20 1 0 8 1 4 0 8 0 0 206 
907 20 1 0 12 1 4 12 0 0 0 278 
908 20 1 0 2 1 4 1 0 0 1 279 
909 20 0 1 0 27 0 14 12 26 3 12 19 -0.000787953 26 925 926
910 20 1 0 2 1 4 1 1 0 0 283 
911 20 0 1 0 1 30 13 15 3 28 15 12 -0.0606394 7 927 928
912 20 1 0 3 1 4 1 0 0 2 393 
913 20 1 0 13 1 4 0 13 0 0 394 
914 20 0 1 0 9 26 19 18 0 3 19 20 -0.0454545 25 929 930
915 20 0 1 0 19 30 16 15 30 23 15 16 -0.0644527 58 931 932
916 20 1 0 2 1 4 1 0 0 1 499 
917 21 0 1 0 19 27 15 20 22 27 17 14 -0.0419404 -7 933 934
918 21 1 0 2 1 4 0 2 0 0 21 
919 21 1 0 3 1 4 2 0 1 0 29 
920 21 0 1 0 22 1 16 13 20 1 19 18 -0.0523461 11 935 936
921 21 0 1 0 20 7 16 18 22 19 13 17 -0.0159678 -3 937 938
922 21 1 0 2 1 4 0 2 0 0 128 
923 21 1 0 3 1 4 3 0 0 0 178 
924 21 0 1 0 20 13 18 13 17 16 20 17 -0.0360546 2 939 940
925 21 0 1 0 3 0 20 14 2 23 17 16 -0.000350693 21 941 942
926 21 1 0 2 1 4 1 1 0 0 282 
927 21 0 1 0 28 26 19 15 23 11 12 18 -0.0576545 -4 943 944
928 21 1 0 5 1 4 4 1 0 0 392 
929 21 1 0 2 1 4 1 1 0 0 395 
930 21 1 0 9 1 4 9 0 0 0 396 
931 21 0 1 0 21 25 13 19 28 25 16 12 -0.00324675 -9 945 946
932 21 0 1 0 2 3 13 13 13 29 18 13 -0 -91 947 948
933 22 1 0 9 1 4 0 4 4 1 18 
934 22 0 1 0 29 17 12 15 26 6 13 16 -0.00454545 -19 949 950
935 22 0 1 0 22 5 17 19 26 4 18 14 -0.0488184 15 951 952
936 22 1 0 4 1 4 2 1 1 0 66 
937 22 0 1 0 26 28 16 12 26 30 16 16 -0.00982737 13 953 954
938 22 1 0 7 1 4 0 0 3 4 127 
939 22 0 1 0 24 16 14 13 20 32 14 15 -0.03472 -12 955 956
940 22 1 0 2 1 4 0 0 2 0 203 
941 22 1 0 1898 1 4 1898 0 0 0 280 
942 22 1 0 3 1 4 2 1 0 0 281 
943 22 1 0 5 1 4 0 3 0 2 366 
944 22 0 1 0 19 22 16 12 16 28 15 20 -0.0523874 39 957 958
945 22 1 0 2 1 4 0 0 1 1 495 
946 22 1 0 152 1 4 0 0 0 152 496 
947 22 1 0 18 1 4 0 0 0 18 497 
948 22 1 0 3 1 4 0 3 0 0 498 
949 23 1 0 2 1 4 0 0 1 1 19 
950 23 1 0 108 1 4 0 0 108 0 20 
951 23 0 1 0 11 22 13 15 13 17 20 17 -0.0466931 -19 959 960
952 23 1 0 3 1 4 1 2 0 0 65 
953 23 0 1 0 17 27 15 13 17 7 18 14 -0.00739026 43 961 962
954 23 1 0 3 1 4 0 0 1 2 126 
955 23 0 1 0 30 12 17 14 26 14 12 15 -0.0312029 16 963 964
956 23 1 0 3 1 4 0 1 2 0 202 
957 23 0 1 0 17 34 13 18 9 30 17 14 -0.049157 40 965 966
958 23 1 0 2 1 4 0 1 0 1 391 
959 24 1 0 4 1 4 0 0 0 4 30 
960 24 0 1 0 31 25 15 15 30 12 18 13 -0.0451672 -3 967 968
961 24 1 0 2 1 4 0 1 1 0 121 
962 24 0 1 0 28 8 12 19 34 2 16 13 -0.00531223 23 969 970
963 24 0 1 0 15 21 20 13 10 8 13 15 -0.0298455 2 971 972
964 24 1 0 3 1 4 3 0 0 0 201 
965 24 0 1 0 32 20 18 14 35 29 16 12 -0.0608974 -17 973 974
966 24 0 1 0 6 3 12 20 2 27 20 17 -0.041403 -25 975 976
967 25 0 1 0 2 28 18 13 8 7 16 16 -0 15 977 978
968 25 0 1 0 33 26 20 13 27 8 12 18 -0.0418185 6 979 980
969 25 0 1 0 25 26 15 18 30 29 12 17 -0.00320739 -23 981 982
970 25 1 0 2 1 4 0 0 1 1 125 
971 25 1 0 6 1 4 3 3 0 0 179 
972 25 0 1 0 8 9 13 15 9 3 13 12 -0.027088 -10 983 984
973 25 0 1 0 24 21 16 12 22 15 19 15 -0 15 985 986
974 25 0 1 0 18 7 19 14 15 1 13 16 -0.0184615 42 987 988
975 25 1 0 2 1 4 2 0 0 0 371 
976 25 0 1 0 5 16 18 17 1 26 15 18 -0.0397654 -3 989 990
977 26 1 0 8 1 4 0 0 0 8 31 
978 26 1 0 12 1 4 0 0 12 0 32 
979 26 0 1 0 5 18 15 15 25 1 18 18 -0 0 991 992
980 26 0 1 0 25 19 13 19 27 19 19 17 -0.0388641 9 993 994
981 26 1 0 2 1 4 0 0 1 1 122 
982 26 0 1 0 1 28 18 19 7 28 12 18 -0.00107527 -39 995 996
983 26 1 0 3 1 4 0 1 2 0 180 
984 26 0 1 0 13 16 17 16 13 15 13 15 -0.024384 -8 997 998
985 26 1 0 11 1 4 11 0 0 0 367 
986 26 1 0 4 1 4 0 4 0 0 368 
987 26 1 0 60 1 4 0 60 0 0 369 
988 26 1 0 5 1 4 2 3 0 0 370 
989 26 1 0 2 1 4 0 1 0 1 372 
990 26 0 1 0 5 3 18 12 1 21 16 14 -0.0363831 -14 999 1000
991 27 1 0 6 1 4 0 6 0 0 33 
992 27 1 0 4 1 4 0 0 4 0 34 
993 27 0 1 0 18 11 15 19 22 7 19 13 -0.0366269 -13 1001 1002
994 27 1 0 2 1 4 1 1 0 0 64 
995 27 1 0 2 1 4 0 0 1 1 123 
996 27 1 0 463 1 4 0 0 463 0 124 
997 27 1 0 2 1 4 0 1 0 1 181 
998 27 0 1 0 8 30 16 17 13 33 14 18 -0.0209873 -5 1003 1004
999 27 1 0 2 1 4 0 1 0 1 373 
1000 27 0 1 0 33 17 16 14 32 19 12 13 -0.033856 5 1005 1006
1001 28 1 0 2 1 4 1 1 0 0 35 
1002 28 0 1 0 28 13 15 12 22 8 15 16 -0.0349876 -23 1007 1008
1003 28 0 1 0 13 20 14 14 17 12 18 17 -0.0177915 92 1009 1010
1004 28 0 1 0 32 32 15 12 8 4 16 15 -0 0 1011 1012
1005 28 0 1 0 6 15 20 16 7 24 18 15 -0.0303418 -4 1013 1014
1006 28 0 1 0 13 14 15 19 23 32 15 13 -0.0308642 -20 1015 1016
1007 29 1 0 3 1 4 0 0 0 3 36 
1008 29 0 1 0 27 29 17 18 26 28 16 18 -0.0337258 -9 1017 1018
1009 29 0 1 0 15 29 18 13 5 33 12 13 -0.0159512 21 1019 1020
1010 29 1 0 5 1 4 2 3 0 0 198 
1011 29 1 0 7 1 4 0 7 0 0 199 
1012 29 1 0 4 1 4 4 0 0 0 200 
1013 29 0 1 0 22 14 13 15 25 23 12 16 -0.0714286 10 1021 1022
1014 29 0 1 0 8 31 15 13 4 21 18 20 -0.020762 24 1023 1024
1015 29 1 0 21 1 4 0 21 0 0 389 
1016 29 1 0 6 1 4 5 1 0 0 390 
1017 30 1 0 6 1 4 0 0 2 4 37 
1018 30 0 1 0 25 16 15 18 8 9 13 16 -0.0322304 0 1025 1026
1019 30 0 1 0 16 0 17 20 18 2 19 18 -0 -4 1027 1028
1020 30 0 1 0 21 7 20 14 22 24 18 18 -0.0131871 -4 1029 1030
1021 30 1 0 38 1 4 0 38 0 0 374 
1022 30 1 0 4 1 4 0 1 0 3 375 
1023 30 0 1 0 16 11 12 18 22 22 20 15 -0.0197348 5 1031 1032
1024 30 1 0 2 1 4 1 1 0 0 388 
1025 31 0 1 0 23 26 20 18 25 27 19 19 -0.053563 4 1033 1034
1026 31 0 1 0 11 20 14 18 21 16 17 12 -0.0235343 -29 1035 1036
1027 31 1 0 3 1 4 3 0 0 0 182 
1028 31 1 0 10 1 4 0 10 0 0 183 
1029 31 0 1 0 26 1 17 18 19 3 14 12 -0.0121669 -49 1037 1038
1030 31 1 0 2 1 4 0 1 1 0 197 
1031 31 0 1 0 9 5 14 20 4 22 15 12 -0.0127711 -10 1039 1040
1032 31 0 1 0 13 11 19 16 15 23 19 19 -0 2 1041 1042
1033 32 0 1 0 9 33 12 14 16 33 13 14 -0.0122314 -29 1043 1044
1034 32 0 1 0 21 27 17 20 30 23 17 14 -0.0568182 37 1045 1046
1035 32 1 0 3 1 4 0 3 0 0 44 
1036 32 0 1 0 0 30 15 18 27 7 18 20 -0.0225587 166 1047 1048
1037 32 1 0 2 1 4 1 1 0 0 184 
1038 32 0 1 0 30 28 17 17 30 26 12 14 -0.0108156 38 1049 1050
1039 32 1 0 2 1 4 0 1 1 0 376 
1040 32 0 1 0 33 20 17 12 29 8 17 16 -0.0116077 -12 1051 1052
1041 32 1 0 2 1 4 0 0 0 2 386 
1042 32 1 0 22 1 4 0 22 0 0 387 
1043 33 1 0 4 1 4 0 2 2 0 38 
1044 33 0 1 0 20 23 14 14 22 22 19 13 -0.00471698 -17 1053 1054
1045 33 0 1 0 3 17 12 19 2 0 12 17 -0 -6 1055 1056
1046 33 1 0 10 1 4 0 0 10 0 43 
1047 33 0 1 0 17 7 18 12 3 31 15 19 -0.0211833 -1 1057 1058
1048 33 1 0 2 1 4 0 2 0 0 63 
1049 33 0 1 0 28 18 20 12 30 1 20 16 -0.00824257 -6 1059 1060
1050 33 0 1 0 8 10 13 17 6 7 19 19 -0 9 1061 1062
1051 33 0 1 0 3 9 17 19 3 14 19 17 -0 2 1063 1064
1052 33 0 1 0 7 6 12 16 7 3 20 17 -0.00910005 18 1065 1066
1053 34 1 0 4 1 4 0 1 3 0 39 
1054 34 1 0 155 1 4 0 0 155 0 40 
1055 34 1 0 2 1 4 0 0 2 0 41 
1056 34 1 0 20 1 4 0 20 0 0 42 
1057 34 0 1 0 26 9 16 15 2 26 17 12 -0.0191909 12 1067 1068
1058 34 1 0 9 1 4 0 5 4 0 62 
1059 34 1 0 3 1 4 1 2 0 0 185 
1060 34 0 1 0 27 30 14 17 31 29 13 14 -0.00718105 2 1069 1070
1061 34 1 0 8 1 4 0 8 0 0 195 
1062 34 1 0 3 1 4 3 0 0 0 196 
1063 34 1 0 3 1 4 3 0 0 0 377 
1064 34 1 0 9 1 4 0 9 0 0 378 
1065 34 0 1 0 8 15 18 17 9 21 20 16 -0.00845935 -2 1071 1072
1066 34 1 0 2 1 4 1 1 0 0 385 
1067 35 0 1 0 30 28 17 15 2 28 19 12 -0.0176962 74 1073 1074
1068 35 1 0 9 1 4 0 0 5 4 61 
1069 35 0 1 0 3 0 12 15 34 10 20 12 -0 6 1075 1076
1070 35 0 1 0 34 20 16 13 32 18 17 13 -0.00491324 9 1077 1078
1071 35 0 1 0 0 14 20 19 5 17 16 13 -0.0716942 4 1079 1080
1072 35 0 1 0 9 6 13 19 13 3 17 12 -0.000948947 13 1081 1082
1073 36 0 1 0 22 28 12 16 26 27 19 18 -0.0164622 23 1083 1084
1074 36 1 0 5 1 4 0 0 3 2 60 
1075 36 1 0 10 1 4 0 10 0 0 186 
1076 36 1 0 2 1 4 0 0 2 0 187 
1077 36 0 1 0 28 30 17 16 27 30 17 14 -0.0041609 1 1085 1086
1078 36 1 0 2 1 4 1 1 0 0 194 
1079 36 0 1 0 19 13 12 17 30 25 12 13 -0.0395062 33 1087 1088
1080 36 1 0 2 1 4 0 1 0 1 381 
1081 36 1 0 947 1 4 0 947 0 0 382 
1082 36 0 1 0 19 27 13 19 9 0 13 17 -0.0454545 73 1089 1090
1083 37 0 1 0 12 35 12 18 26 34 13 15 -0.0137993 40 1091 1092
1084 37 0 1 0 4 0 15 17 6 20 12 15 -0.031746 -15 1093 1094
1085 37 0 1 0 11 18 17 16 15 14 19 14 -0.00312041 -5 1095 1096
1086 37 1 0 5 1 4 1 4 0 0 193 
1087 37 1 0 76 1 4 0 76 0 0 379 
1088 37 1 0 5 1 4 0 4 0 1 380 
1089 37 1 0 2 1 4 1 1 0 0 383 
1090 37 1 0 9 1 4 0 9 0 0 384 
1091 38 0 1 0 2 33 13 19 0 24 16 18 -0.0128588 -11 1097 1098
1092 38 1 0 5 1 4 0 0 3 2 57 
1093 38 1 0 20 1 4 0 0 20 0 58 
1094 38 1 0 7 1 4 0 6 1 0 59 
1095 38 1 0 6 1 4 1 5 0 0 188 
1096 38 0 1 0 7 3 14 18 13 4 20 12 -0.00203128 11 1099 1100
1097 39 1 0 6 1 4 0 2 4 0 45 
1098 39 0 1 0 10 12 14 20 9 15 16 16 -0.0118972 7 1101 1102
1099 39 0 1 0 8 21 16 17 7 17 14 16 -0.00110229 16 1103 1104
1100 39 1 0 6 1 4 0 5 1 0 192 
1101 40 0 1 0 35 27 18 12 24 4 15 19 -0.01095 6 1105 1106
1102 40 1 0 7 1 4 0 2 5 0 56 
1103 40 1 0 815 1 4 0 815 0 0 189 
1104 40 0 1 0 3 24 12 17 3 16 13 18 -0.010582 6 1107 1108
1105 41 1 0 9 1 4 0 2 7 0 46 
1106 41 0 1 0 17 15 17 18 29 27 18 13 -0.0100221 -20 1109 1110
1107 41 1 0 7 1 4 1 6 0 0 190 
1108 41 1 0 74 1 4 0 74 0 0 191 
1109 42 0 1 0 27 29 12 15 14 5 15 15 -0.00152197 7 1111 1112
1110 42 0 1 0 23 18 17 12 19 16 20 17 -0.0603594 9 1113 1114
1111 43 1 0 2 1 4 0 0 1 1 47 
1112 43 0 1 0 2 24 15 13 6 30 16 14 -0.00115209 -75 1115 1116
1113 43 0 1 0 8 9 20 18 20 12 13 15 -0.0273131 8 1117 1118
1114 43 1 0 7 1 4 2 0 5 0 55 
1115 44 1 0 9 1 4 0 0 8 1 48 
1116 44 0 1 0 26 26 15 19 22 15 18 13 -0.000575153 7 1119 1120
1117 44 0 1 0 27 12 15 13 20 6 20 20 -0.016129 -3 1121 1122
1118 44 1 0 2 1 4 1 0 1 0 54 
1119 45 0 1 0 20 19 14 18 6 25 18 13 -0.03125 7 1123 1124
1120 45 1 0 1614 1 4 0 0 1614 0 51 
1121 45 1 0 8 1 4 1 0 7 0 52 
1122 45 1 0 209 1 4 0 0 209 0 53 
1123 46 1 0 14 1 4 0 0 14 0 49 
1124 46 1 0 2 1 4 0 0 1 1 50 
