-2147483648 -2147483648 data/trees_headpose/tree_020.txt
100 10 5000 30 30000 1 48 1 data/trees_headpose ./data/Cropped_HBO_Data_4view.txt
1 0
0 0 0 1 0 31 35 12 15 28 17 12 17 -0.97716 12 1 2
1 1 0 1 0 9 31 16 15 5 15 19 19 -0.876643 31 3 4
2 1 0 1 0 14 9 16 12 7 22 12 12 -0.60864 13 5 6
3 2 0 1 0 6 20 20 14 6 15 17 16 -1.23327 -4 7 8
4 2 0 1 0 18 5 16 18 11 25 20 14 -0.571242 4 9 10
5 2 0 1 0 14 5 19 14 33 16 18 14 -0.538137 6 11 12
6 2 0 1 0 9 29 13 19 5 35 12 17 -0.424066 6 13 14
7 3 0 1 0 16 33 14 18 19 16 16 14 -0.775677 -4 15 16
8 3 0 1 0 27 30 17 14 12 14 20 19 -1.24026 -36 17 18
9 3 0 1 0 26 15 14 13 29 34 13 15 -0.437508 7 19 20
10 3 0 1 0 3 34 13 12 4 33 14 17 -1.15338 -13 21 22
11 3 0 1 0 20 9 16 14 13 14 17 20 -0.29825 11 23 24
12 3 0 1 0 28 20 18 12 24 0 18 16 -0.750789 -2 25 26
13 3 0 1 0 15 26 15 17 11 32 14 14 -0.314558 -29 27 28
14 3 0 1 0 12 12 14 14 12 31 14 12 -0.428968 -34 29 30
15 4 0 1 0 8 26 19 15 15 15 20 17 -0.740775 -14 31 32
16 4 0 1 0 26 21 15 18 27 27 18 18 -0.49792 10 33 34
17 4 0 1 0 19 33 14 12 19 0 18 17 -0.367375 109 35 36
18 4 0 1 0 7 1 20 12 10 12 13 15 -1.1968 -2 37 38
19 4 0 1 0 15 32 14 12 22 13 16 14 -0.87628 26 39 40
20 4 0 1 0 8 28 19 14 1 32 13 16 -0.273526 -10 41 42
21 4 0 1 0 32 30 12 12 28 28 18 16 -1.01346 -12 43 44
22 4 0 1 0 14 26 17 19 21 30 12 13 -0.284115 5 45 46
23 4 0 1 0 2 26 18 19 8 14 19 13 -0.2114 6 47 48
24 4 0 1 0 21 32 12 13 19 19 20 16 -0.567626 27 49 50
25 4 0 1 0 12 27 20 12 28 27 15 15 -0.758278 52 51 52
26 4 0 1 0 12 17 12 16 17 6 18 13 -0.606241 -5 53 54
27 4 0 1 0 16 4 18 12 10 9 14 15 -0.519616 -12 55 56
28 4 0 1 0 27 30 13 13 28 31 15 15 -0.259662 6 57 58
29 4 0 1 0 26 12 15 13 26 21 12 14 -0.721111 -4 59 60
30 4 0 1 0 29 30 17 18 27 29 13 15 -0.299781 -2 61 62
31 5 0 1 0 10 18 16 16 12 30 15 20 -0.65264 -34 63 64
32 5 0 1 0 19 11 14 13 25 22 16 13 -0.05 12 65 66
33 5 0 1 0 25 15 15 18 25 26 18 19 -0.400315 2 67 68
34 5 0 1 0 29 4 19 15 22 6 13 20 -0.307359 -12 69 70
35 5 0 1 0 4 19 14 20 6 12 14 19 -0.222864 -9 71 72
36 5 1 0 6 1 4 2 4 0 0 37 
37 5 0 1 0 2 12 15 20 14 34 13 15 -1.18216 -48 73 74
38 5 0 1 0 7 26 12 17 21 31 13 20 -0.630523 -11 75 76
39 5 0 1 0 17 9 17 17 12 21 13 15 -0.827387 6 77 78
40 5 0 1 0 9 6 20 19 20 9 16 17 -0.662448 1 79 80
41 5 0 1 0 13 17 15 16 17 16 17 12 -0.225129 -16 81 82
42 5 0 1 0 4 27 13 14 2 25 19 17 -0.234831 -14 83 84
43 5 0 1 0 20 19 18 14 32 26 18 14 -0.756137 104 85 86
44 5 0 1 0 18 1 16 17 5 34 12 17 -0 -3 87 88
45 5 0 1 0 20 31 13 12 25 19 13 16 -0.0163793 -32 89 90
46 5 1 0 4 1 4 0 0 0 4 176 
47 5 0 1 0 0 5 16 15 11 14 13 13 -0.266634 2 91 92
48 5 0 1 0 13 1 14 16 10 0 13 13 -0.172284 23 93 94
49 5 0 1 0 26 19 16 16 32 8 15 14 -0.30363 5 95 96
50 5 0 1 0 1 25 19 13 12 23 20 15 -0.160819 -8 97 98
51 5 0 1 0 8 5 20 16 2 27 14 12 -0.776365 -27 99 100
52 5 0 1 0 1 10 19 13 16 6 13 19 -0.111905 -14 101 102
53 5 0 1 0 16 30 15 16 18 21 13 14 -0.395985 25 103 104
54 5 0 1 0 10 30 15 13 5 13 15 18 -0.480856 52 105 106
55 5 0 1 0 5 3 17 13 12 5 20 18 -0.166667 -11 107 108
56 5 0 1 0 22 12 17 20 31 31 14 15 -0.162166 -38 109 110
57 5 0 1 0 9 29 13 12 29 30 16 17 -0.206025 74 111 112
58 5 0 1 0 21 5 17 13 22 21 19 12 -0.385544 -36 113 114
59 5 0 1 0 23 17 13 20 15 0 20 20 -0.455452 45 115 116
60 5 0 1 0 1 30 16 14 15 24 17 20 -0.220404 -25 117 118
61 5 0 1 0 24 23 14 20 20 0 17 12 -0.19421 -40 119 120
62 5 0 1 0 2 29 17 14 3 24 17 12 -0.410662 4 121 122
63 6 1 0 3 1 4 0 0 0 3 0 
64 6 0 1 0 17 30 13 18 18 20 14 14 -0.573375 -51 123 124
65 6 1 0 2 1 4 0 1 1 0 13 
66 6 1 0 8 1 4 0 0 0 8 14 
67 6 0 1 0 13 30 13 14 3 28 18 18 -0.204963 2 125 126
68 6 0 1 0 17 27 14 19 18 18 19 18 -0.840385 -4 127 128
69 6 1 0 3 1 4 1 2 0 0 30 
70 6 0 1 0 21 15 12 19 12 32 15 12 -0.181818 42 129 130
71 6 1 0 3 1 4 2 1 0 0 33 
72 6 0 1 0 0 5 14 18 5 0 13 17 -0.103159 18 131 132
73 6 0 1 0 24 13 13 19 26 29 12 20 -0.947494 15 133 134
74 6 0 1 0 11 12 19 16 23 27 18 15 -0.921875 2 135 136
75 6 0 1 0 23 27 19 16 30 6 20 16 -0.411304 -1 137 138
76 6 0 1 0 25 16 15 15 29 18 12 15 -0.369971 11 139 140
77 6 0 1 0 24 23 15 12 19 30 15 20 -0.467836 -6 141 142
78 6 0 1 0 30 2 19 17 22 18 20 20 -0.297363 -64 143 144
79 6 0 1 0 4 18 20 17 1 22 14 19 -0.456098 -1 145 146
80 6 0 1 0 21 27 16 18 19 5 19 17 -0.525992 8 147 148
81 6 0 1 0 18 20 16 19 20 13 17 19 -0 12 149 150
82 6 0 1 0 19 5 20 17 18 3 20 20 -0.0535714 5 151 152
83 6 0 1 0 29 12 19 17 26 34 13 15 -0.588861 -31 153 154
84 6 0 1 0 7 9 16 12 2 6 12 13 -0.179022 -17 155 156
85 6 0 1 0 11 27 20 18 11 14 13 16 -0.632139 26 157 158
86 6 1 0 5 1 4 5 0 0 0 170 
87 6 1 0 4 1 4 4 0 0 0 171 
88 6 1 0 16 1 4 0 16 0 0 172 
89 6 1 0 2 1 4 0 0 0 2 173 
90 6 0 1 0 3 17 15 12 6 6 12 20 -0.00862069 5 159 160
91 6 0 1 0 11 1 16 12 18 34 13 19 -0.247789 -29 161 162
92 6 0 1 0 19 31 12 20 17 27 19 16 -0.149001 -5 163 164
93 6 0 1 0 26 9 15 17 0 21 20 12 -0.155299 5 165 166
94 6 0 1 0 29 15 12 16 21 15 14 20 -0.194129 -30 167 168
95 6 1 0 7 1 4 0 0 7 0 290 
96 6 0 1 0 14 20 14 15 7 23 19 13 -0.147673 24 169 170
97 6 0 1 0 22 23 19 18 11 4 17 13 -0.0263158 46 171 172
98 6 1 0 9 1 4 1 5 3 0 297 
99 6 0 1 0 8 18 20 19 14 22 17 17 -0 -3 173 174
100 6 0 1 0 5 7 14 14 17 29 16 16 -0.392027 -54 175 176
101 6 1 0 89 1 4 0 0 0 89 304 
102 6 0 1 0 13 15 14 14 15 15 17 14 -0.256818 3 177 178
103 6 0 1 0 15 25 13 20 26 34 12 15 -0.187497 -33 179 180
104 6 0 1 0 0 24 13 14 11 35 12 19 -0.523594 -64 181 182
105 6 0 1 0 25 27 15 14 10 2 12 18 -0.280141 -10 183 184
106 6 0 1 0 0 29 13 18 6 28 19 12 -0.764664 -14 185 186
107 6 1 0 10 1 4 10 0 0 0 397 
108 6 1 0 2 1 4 0 1 0 1 398 
109 6 0 1 0 5 3 17 13 12 5 20 18 -0.0666667 -18 187 188
110 6 0 1 0 5 3 17 13 12 5 20 18 -0 -20 189 190
111 6 0 1 0 21 29 15 14 27 32 15 13 -0.1653 -21 191 192
112 6 0 1 0 5 26 18 17 0 32 15 12 -0 18 193 194
113 6 0 1 0 9 9 12 17 27 31 13 18 -0.123578 -82 195 196
114 6 0 1 0 31 26 18 12 12 21 19 16 -0.418427 -86 197 198
115 6 0 1 0 20 24 15 14 11 24 17 18 -0.29616 -3 199 200
116 6 1 0 9 1 4 0 0 0 9 490 
117 6 0 1 0 17 26 20 12 18 16 15 13 -0.0625638 -1 201 202
118 6 1 0 3 1 4 3 0 0 0 494 
119 6 0 1 0 3 31 15 16 14 25 19 13 -0 -80 203 204
120 6 0 1 0 0 8 20 15 6 22 17 12 -0.177435 -57 205 206
121 6 0 1 0 8 24 12 15 9 13 14 13 -0.290155 8 207 208
122 6 0 1 0 15 25 14 12 13 22 13 17 -0.345016 25 209 210
123 7 1 0 5 1 4 0 2 0 3 1 
124 7 0 1 0 26 31 16 12 19 18 16 16 -0.473648 -7 211 212
125 7 1 0 2 1 4 0 0 0 2 15 
126 7 0 1 0 27 33 14 14 20 19 16 13 -0.176441 -55 213 214
127 7 0 1 0 25 17 19 16 26 28 17 17 -0.2 0 215 216
128 7 0 1 0 2 29 17 14 23 12 12 16 -0.298077 -86 217 218
129 7 1 0 9 1 4 0 0 0 9 31 
130 7 1 0 2 1 4 0 1 0 1 32 
131 7 0 1 0 12 32 15 20 22 32 13 19 -0.0222222 19 219 220
132 7 1 0 4 1 4 1 2 1 0 36 
133 7 0 1 0 5 31 16 19 1 18 13 20 -0.730239 32 221 222
134 7 0 1 0 10 21 19 13 16 8 16 19 -0.154286 -33 223 224
135 7 0 1 0 26 22 12 20 15 8 13 14 -0.424212 25 225 226
136 7 0 1 0 17 15 14 12 28 8 18 17 -0.986592 53 227 228
137 7 1 0 6 1 4 4 1 0 1 72 
138 7 0 1 0 20 20 15 18 20 8 15 13 -0.152427 2 229 230
139 7 0 1 0 11 13 16 20 1 31 15 18 -0.274351 11 231 232
140 7 1 0 7 1 4 7 0 0 0 85 
141 7 1 0 8 1 4 0 0 0 8 86 
142 7 0 1 0 2 20 20 14 17 4 16 13 -0.165072 -2 233 234
143 7 1 0 5 1 4 0 2 0 3 90 
144 7 0 1 0 6 21 16 17 11 3 16 16 -0.0329835 -2 235 236
145 7 0 1 0 13 20 16 19 17 16 18 14 -0.15444 1 237 238
146 7 0 1 0 33 3 13 14 31 11 13 12 -0.397223 6 239 240
147 7 0 1 0 0 4 20 12 26 25 17 14 -0 5 241 242
148 7 0 1 0 22 15 12 20 13 7 19 16 -0.375844 3 243 244
149 7 1 0 15 1 4 15 0 0 0 127 
150 7 1 0 2 1 4 0 2 0 0 128 
151 7 1 0 4 1 4 0 1 3 0 129 
152 7 1 0 10 1 4 0 0 0 10 130 
153 7 1 0 14 1 4 14 0 0 0 131 
154 7 0 1 0 1 14 18 19 21 10 12 13 -0.194595 -105 245 246
155 7 1 0 4 1 4 4 0 0 0 135 
156 7 0 1 0 10 8 16 20 7 29 15 20 -0.169603 -4 247 248
157 7 1 0 9 1 4 2 3 0 4 166 
158 7 0 1 0 23 26 18 12 22 10 16 14 -0.225063 18 249 250
159 7 1 0 56 1 4 56 0 0 0 174 
160 7 1 0 2 1 4 1 1 0 0 175 
161 7 0 1 0 17 11 15 15 26 31 16 15 -0.212566 -19 251 252
162 7 0 1 0 33 23 18 13 31 27 12 14 -0.0333333 8 253 254
163 7 0 1 0 10 19 16 13 28 14 18 19 -0.1375 49 255 256
164 7 0 1 0 30 16 13 14 11 17 12 18 -0.104759 17 257 258
165 7 0 1 0 17 17 12 12 8 28 18 13 -0.102603 6 259 260
166 7 0 1 0 3 0 12 18 11 9 17 15 -0.426401 5 261 262
167 7 1 0 6 1 4 0 0 5 1 287 
168 7 0 1 0 32 27 15 12 33 16 18 14 -0 42 263 264
169 7 0 1 0 26 0 14 19 34 30 14 12 -0.0325415 -107 265 266
170 7 1 0 4 1 4 0 1 1 2 294 
171 7 1 0 2 1 4 0 0 1 1 295 
172 7 1 0 17 1 4 0 0 0 17 296 
173 7 1 0 17 1 4 17 0 0 0 298 
174 7 1 0 2 1 4 0 0 2 0 299 
175 7 1 0 15 1 4 0 0 0 15 300 
176 7 0 1 0 18 16 13 17 32 1 19 13 -0.0974026 13 267 268
177 7 0 1 0 11 33 14 18 24 0 20 20 -0.0808081 100 269 270
178 7 1 0 5 1 4 2 3 0 0 307 
179 7 1 0 5 1 4 0 0 4 1 308 
180 7 0 1 0 3 28 19 12 7 29 16 20 -0.113576 -47 271 272
181 7 0 1 0 0 19 16 13 27 7 15 14 -0.0769231 -10 273 274
182 7 0 1 0 23 27 17 15 23 20 18 19 -0.136054 23 275 276
183 7 0 1 0 29 29 16 12 6 1 16 12 -0.120513 -44 277 278
184 7 0 1 0 8 8 15 12 29 1 14 13 -0.254104 1 279 280
185 7 0 1 0 22 21 19 14 21 13 18 12 -0.681352 15 281 282
186 7 0 1 0 15 10 19 19 25 28 17 18 -0.41032 -34 283 284
187 7 1 0 3 1 4 1 2 0 0 399 
188 7 1 0 7 1 4 0 0 7 0 400 
189 7 1 0 31 1 4 0 0 0 31 401 
190 7 1 0 3 1 4 0 0 3 0 402 
191 7 0 1 0 18 28 16 19 8 33 12 20 -0.270243 13 285 286
192 7 0 1 0 9 2 13 13 10 6 12 18 -0.140117 -8 287 288
193 7 1 0 4 1 4 4 0 0 0 466 
194 7 1 0 13 1 4 0 0 0 13 467 
195 7 1 0 4 1 4 0 0 0 4 468 
196 7 0 1 0 11 22 19 12 5 10 16 14 -0.0901026 86 289 290
197 7 1 0 4 1 4 0 0 0 4 474 
198 7 0 1 0 15 31 12 20 31 20 15 15 -0.300707 22 291 292
199 7 1 0 8 1 4 0 3 0 5 485 
200 7 0 1 0 27 21 20 16 33 28 19 14 -0.0991646 -3 293 294
201 7 1 0 2 1 4 1 1 0 0 491 
202 7 0 1 0 17 27 12 19 31 4 16 12 -0.0289855 115 295 296
203 7 1 0 2 1 4 0 2 0 0 495 
204 7 1 0 17 1 4 0 0 0 17 496 
205 7 0 1 0 31 26 12 15 16 0 19 18 -0.315789 -26 297 298
206 7 0 1 0 5 30 15 17 12 26 19 20 -0.14836 -21 299 300
207 7 0 1 0 13 10 14 18 25 22 17 19 -0.15774 31 301 302
208 7 0 1 0 10 11 17 16 6 0 20 20 -0.0666667 36 303 304
209 7 0 1 0 6 10 14 19 9 24 13 13 -0.273585 -41 305 306
210 7 1 0 2 1 4 0 0 0 2 555 
211 8 0 1 0 22 28 17 18 24 21 15 13 -0.413377 -40 307 308
212 8 0 1 0 5 29 17 20 5 25 16 19 -0.150922 10 309 310
213 8 1 0 6 1 4 6 0 0 0 16 
214 8 0 1 0 22 30 16 19 18 11 12 17 -0.114501 -12 311 312
215 8 1 0 2 1 4 0 0 1 1 25 
216 8 1 0 8 1 4 6 2 0 0 26 
217 8 1 0 3 1 4 0 3 0 0 27 
218 8 0 1 0 10 28 18 14 17 28 18 17 -0.0512821 18 313 314
219 8 1 0 3 1 4 1 0 2 0 34 
220 8 1 0 117 1 4 0 0 0 117 35 
221 8 0 1 0 24 5 16 14 30 1 13 15 -0.579106 17 315 316
222 8 0 1 0 35 16 19 12 22 22 18 19 -0.0444444 -43 317 318
223 8 1 0 7 1 4 6 0 0 1 50 
224 8 1 0 43 1 4 0 0 0 43 51 
225 8 0 1 0 15 18 17 19 21 24 13 13 -0.257024 3 319 320
226 8 0 1 0 21 6 16 20 24 21 12 14 -0.348497 -39 321 322
227 8 0 1 0 26 8 18 14 27 12 19 14 -0.788615 10 323 324
228 8 1 0 8 1 4 0 0 0 8 71 
229 8 0 1 0 17 26 19 20 15 17 16 17 -0 15 325 326
230 8 0 1 0 2 30 12 14 2 15 19 15 -0.0661499 6 327 328
231 8 0 1 0 24 22 14 12 21 30 17 14 -0.17701 -23 329 330
232 8 1 0 3 1 4 3 0 0 0 84 
233 8 1 0 8 1 4 2 6 0 0 87 
234 8 0 1 0 2 31 13 20 4 6 12 19 -0 30 331 332
235 8 1 0 6 1 4 0 6 0 0 91 
236 8 0 1 0 26 0 13 20 13 7 13 19 -0.0217391 16 333 334
237 8 1 0 7 1 4 4 3 0 0 94 
238 8 0 1 0 3 8 17 13 25 11 19 20 -0.0619048 -12 335 336
239 8 0 1 0 13 14 14 20 16 0 15 19 -0.354611 -2 337 338
240 8 1 0 4 1 4 1 3 0 0 116 
241 8 1 0 37 1 4 0 0 0 37 117 
242 8 1 0 5 1 4 0 5 0 0 118 
243 8 0 1 0 16 15 15 20 22 27 14 15 -0.25837 9 339 340
244 8 0 1 0 0 26 16 16 1 2 20 14 -0.05 25 341 342
245 8 1 0 5 1 4 4 0 0 1 132 
246 8 0 1 0 16 4 18 17 16 11 18 16 -0.0135135 -12 343 344
247 8 0 1 0 30 28 12 16 33 32 15 12 -0.150708 -11 345 346
248 8 0 1 0 3 32 15 16 15 0 20 15 -0.610646 -9 347 348
249 8 0 1 0 23 21 18 13 23 18 18 12 -0.0571429 2 349 350
250 8 1 0 3 1 4 1 1 0 1 169 
251 8 0 1 0 16 10 14 15 26 14 18 18 -0.151169 12 351 352
252 8 0 1 0 5 17 17 19 1 21 17 15 -0.0263158 5 353 354
253 8 1 0 13 1 4 0 0 13 0 192 
254 8 1 0 2 1 4 0 1 1 0 193 
255 8 1 0 8 1 4 1 7 0 0 194 
256 8 1 0 2 1 4 0 1 1 0 195 
257 8 0 1 0 7 0 19 15 15 6 20 17 -0.0655013 -4 355 356
258 8 1 0 6 1 4 0 0 1 5 201 
259 8 0 1 0 25 28 19 13 19 17 20 18 -0.0911033 91 357 358
260 8 0 1 0 15 14 17 16 9 24 13 13 -0 3 359 360
261 8 0 1 0 26 6 17 13 1 27 20 14 -0.426288 28 361 362
262 8 0 1 0 21 0 15 20 5 24 15 15 -0.0463612 2 363 364
263 8 1 0 11 1 4 11 0 0 0 288 
264 8 1 0 5 1 4 0 5 0 0 289 
265 8 1 0 5 1 4 0 3 2 0 291 
266 8 0 1 0 32 25 14 12 6 30 12 17 -0 44 365 366
267 8 1 0 17 1 4 0 0 17 0 301 
268 8 0 1 0 6 23 17 15 5 30 15 17 -0 8 367 368
269 8 1 0 9 1 4 0 1 8 0 305 
270 8 1 0 2 1 4 0 0 0 2 306 
271 8 1 0 2 1 4 0 0 0 2 309 
272 8 0 1 0 28 10 20 16 27 15 13 15 -0.0474902 11 369 370
273 8 1 0 9 1 4 0 0 0 9 314 
274 8 1 0 4 1 4 0 2 2 0 315 
275 8 1 0 7 1 4 7 0 0 0 316 
276 8 0 1 0 25 28 18 12 16 3 14 18 -0 43 371 372
277 8 1 0 3 1 4 1 2 0 0 319 
278 8 0 1 0 17 5 15 20 17 16 12 20 -0.05 1 373 374
279 8 0 1 0 22 2 17 14 19 12 20 17 -0.436304 -19 375 376
280 8 0 1 0 12 15 15 17 17 8 13 14 -0.219701 3 377 378
281 8 0 1 0 20 10 16 14 11 27 15 14 -0.513 -8 379 380
282 8 0 1 0 3 32 14 13 6 8 16 17 -0.292388 59 381 382
283 8 0 1 0 5 32 15 16 15 34 12 18 -0.172858 -6 383 384
284 8 0 1 0 6 28 15 18 7 10 18 18 -0.402129 40 385 386
285 8 0 1 0 28 3 13 17 3 0 20 12 -0.21875 -6 387 388
286 8 0 1 0 23 19 18 14 24 18 20 20 -0.0820399 -9 389 390
287 8 0 1 0 22 12 20 20 27 19 13 14 -0.100946 -6 391 392
288 8 0 1 0 15 31 16 18 13 24 20 17 -0.611231 15 393 394
289 8 0 1 0 20 19 20 16 19 30 17 19 -0.0273097 -3 395 396
290 8 1 0 6 1 4 0 3 0 3 473 
291 8 1 0 3 1 4 0 0 1 2 475 
292 8 0 1 0 16 3 17 15 13 31 14 13 -0.204084 -57 397 398
293 8 0 1 0 29 22 17 18 19 7 16 15 -0.0340909 13 399 400
294 8 0 1 0 31 19 18 13 22 6 12 16 -0.0106383 -21 401 402
295 8 1 0 67 1 4 0 0 0 67 492 
296 8 1 0 2 1 4 0 1 0 1 493 
297 8 1 0 10 1 4 0 0 0 10 497 
298 8 1 0 9 1 4 2 6 0 1 498 
299 8 0 1 0 27 13 13 13 24 27 19 18 -0.127086 -24 403 404
300 8 0 1 0 10 30 13 15 9 32 12 17 -0.180083 3 405 406
301 8 0 1 0 18 30 14 18 6 28 17 20 -0.108768 16 407 408
302 8 0 1 0 31 15 15 15 26 6 20 13 -0 -5 409 410
303 8 1 0 7 1 4 0 0 0 7 542 
304 8 1 0 3 1 4 1 2 0 0 543 
305 8 1 0 2 1 4 0 0 0 2 544 
306 8 0 1 0 14 8 13 19 30 29 15 17 -0.21169 -39 411 412
307 9 1 0 2 1 4 0 0 0 2 2 
308 9 0 1 0 11 17 14 20 18 21 15 13 -0.350205 -38 413 414
309 9 0 1 0 29 15 12 18 28 31 12 18 -0.0178571 -1 415 416
310 9 1 0 3 1 4 3 0 0 0 12 
311 9 1 0 3 1 4 0 0 0 3 17 
312 9 0 1 0 26 13 16 14 31 27 16 12 -0.0926636 -18 417 418
313 9 1 0 10 1 4 0 0 0 10 28 
314 9 1 0 3 1 4 0 1 2 0 29 
315 9 0 1 0 16 12 16 16 21 5 12 18 -0.193732 49 419 420
316 9 0 1 0 11 14 16 20 9 14 18 20 -0.476623 9 421 422
317 9 1 0 9 1 4 1 8 0 0 48 
318 9 1 0 11 1 4 11 0 0 0 49 
319 9 0 1 0 21 28 16 19 9 22 18 15 -0.131104 41 423 424
320 9 0 1 0 27 17 18 12 13 14 17 15 -0.198752 -1 425 426
321 9 0 1 0 28 26 19 17 16 7 14 18 -0.0727273 31 427 428
322 9 1 0 9 1 4 4 2 3 0 63 
323 9 0 1 0 8 17 12 16 16 14 12 12 -0.488679 -20 429 430
324 9 1 0 6 1 4 0 0 0 6 70 
325 9 1 0 5 1 4 0 0 5 0 73 
326 9 1 0 6 1 4 0 6 0 0 74 
327 9 0 1 0 1 1 16 13 1 4 19 13 -0.0339506 2 431 432
328 9 1 0 5 1 4 0 1 4 0 77 
329 9 0 1 0 1 4 16 20 25 20 13 12 -0 -13 433 434
330 9 0 1 0 6 32 13 18 14 33 14 12 -0.102757 -10 435 436
331 9 1 0 2 1 4 0 0 0 2 88 
332 9 1 0 9 1 4 0 0 9 0 89 
333 9 1 0 21 1 4 21 0 0 0 92 
334 9 1 0 2 1 4 1 1 0 0 93 
335 9 0 1 0 6 33 13 20 18 28 17 19 -0 23 437 438
336 9 1 0 2 1 4 0 2 0 0 97 
337 9 0 1 0 27 14 14 18 30 17 15 16 -0.186667 2 439 440
338 9 0 1 0 19 10 20 12 23 5 18 12 -0.292877 53 441 442
339 9 0 1 0 4 32 15 13 7 18 13 19 -0.109808 54 443 444
340 9 1 0 8 1 4 0 2 1 5 123 
341 9 1 0 8 1 4 0 0 0 8 124 
342 9 0 1 0 11 2 18 14 22 2 12 12 -0.05 11 445 446
343 9 1 0 35 1 4 0 0 0 35 133 
344 9 1 0 2 1 4 0 0 1 1 134 
345 9 0 1 0 1 29 16 12 5 29 12 12 -0.515601 -9 447 448
346 9 0 1 0 27 29 12 14 13 35 12 12 -0.0997957 -45 449 450
347 9 1 0 8 1 4 1 7 0 0 163 
348 9 0 1 0 31 27 20 15 11 22 14 16 -0.0454545 -22 451 452
349 9 1 0 33 1 4 0 0 0 33 167 
350 9 1 0 2 1 4 0 1 0 1 168 
351 9 0 1 0 23 1 19 19 0 0 12 20 -0.121214 -14 453 454
352 9 1 0 3 1 4 0 0 1 2 189 
353 9 1 0 2 1 4 0 0 1 1 190 
354 9 1 0 17 1 4 17 0 0 0 191 
355 9 1 0 2 1 4 1 1 0 0 196 
356 9 0 1 0 20 34 12 13 8 10 20 20 -0.0274356 77 455 456
357 9 0 1 0 3 35 12 14 5 12 18 16 -0.0844597 14 457 458
358 9 0 1 0 9 20 15 20 5 31 13 15 -0.0227273 -65 459 460
359 9 1 0 4 1 4 0 0 4 0 263 
360 9 1 0 11 1 4 11 0 0 0 264 
361 9 0 1 0 23 10 17 18 32 29 16 12 -0.394526 -10 461 462
362 9 0 1 0 11 11 19 16 25 26 14 12 -0.0227273 -118 463 464
363 9 0 1 0 2 26 15 20 5 21 14 17 -0.0125786 8 465 466
364 9 1 0 7 1 4 0 1 6 0 286 
365 9 1 0 90 1 4 90 0 0 0 292 
366 9 1 0 2 1 4 0 2 0 0 293 
367 9 1 0 5 1 4 5 0 0 0 302 
368 9 1 0 6 1 4 0 6 0 0 303 
369 9 0 1 0 0 4 15 15 10 14 14 18 -0.0132703 -126 467 468
370 9 1 0 4 1 4 0 0 4 0 313 
371 9 1 0 4 1 4 0 0 4 0 317 
372 9 1 0 10 1 4 0 10 0 0 318 
373 9 1 0 8 1 4 0 0 0 8 320 
374 9 1 0 2 1 4 0 0 1 1 321 
375 9 0 1 0 23 31 13 18 34 29 14 12 -0.164336 24 469 470
376 9 0 1 0 25 28 15 15 28 29 14 13 -0.122024 2 471 472
377 9 0 1 0 1 22 18 13 2 27 13 14 -0.025 -1 473 474
378 9 0 1 0 0 21 19 20 1 11 19 17 -0.205933 36 475 476
379 9 0 1 0 18 1 13 16 1 12 14 16 -0.209302 -13 477 478
380 9 0 1 0 3 11 20 17 25 23 17 17 -0 -52 479 480
381 9 0 1 0 2 2 13 18 1 2 16 18 -0.220746 2 481 482
382 9 0 1 0 4 0 18 13 34 9 16 13 -0.159664 -5 483 484
383 9 0 1 0 25 4 15 17 7 8 17 20 -0.0846682 -14 485 486
384 9 0 1 0 27 2 18 16 16 25 15 18 -0.0495373 -168 487 488
385 9 1 0 5 1 4 0 0 1 4 389 
386 9 0 1 0 6 13 15 15 26 28 17 20 -0.230373 -45 489 490
387 9 1 0 2 1 4 1 1 0 0 403 
388 9 0 1 0 1 15 20 16 24 13 14 19 -0 -24 491 492
389 9 1 0 3 1 4 0 0 3 0 406 
390 9 0 1 0 26 32 12 18 10 23 18 15 -0.0237484 46 493 494
391 9 0 1 0 13 25 20 16 5 6 16 16 -0.268831 110 495 496
392 9 0 1 0 9 24 15 17 12 8 18 20 -0.0846904 36 497 498
393 9 0 1 0 12 32 15 18 22 30 15 13 -0.141549 21 499 500
394 9 0 1 0 17 8 13 14 19 5 16 16 -0.564172 0 501 502
395 9 0 1 0 21 12 19 15 6 27 12 12 -0.0118309 -47 503 504
396 9 1 0 8 1 4 7 1 0 0 472 
397 9 1 0 4 1 4 0 2 0 2 476 
398 9 0 1 0 12 19 18 14 5 10 14 16 -0.0839372 18 505 506
399 9 1 0 18 1 4 18 0 0 0 486 
400 9 1 0 4 1 4 0 3 1 0 487 
401 9 1 0 2 1 4 1 1 0 0 488 
402 9 1 0 45 1 4 0 45 0 0 489 
403 9 0 1 0 1 3 18 12 6 13 14 16 -0.0801771 2 507 508
404 9 0 1 0 9 24 16 12 5 22 12 17 -0.586341 3 509 510
405 9 0 1 0 3 0 13 12 20 3 16 17 -0.0224359 -19 511 512
406 9 1 0 4 1 4 0 1 2 1 532 
407 9 1 0 5 1 4 0 0 4 1 533 
408 9 0 1 0 26 28 18 17 20 6 16 13 -0.0752 14 513 514
409 9 1 0 19 1 4 19 0 0 0 540 
410 9 1 0 3 1 4 0 3 0 0 541 
411 9 0 1 0 18 3 12 12 32 26 15 12 -0.125874 -60 515 516
412 9 0 1 0 5 9 13 17 6 1 17 19 -0.139028 -20 517 518
413 10 1 0 4 1 4 1 1 0 2 3 
414 10 0 1 0 8 25 19 20 9 30 14 15 -0.281919 4 519 520
415 10 1 0 26 1 4 0 26 0 0 10 
416 10 1 0 2 1 4 0 0 1 1 11 
417 10 1 0 8 1 4 6 2 0 0 18 
418 10 0 1 0 20 3 12 15 20 14 20 12 -0.0722059 -71 521 522
419 10 0 1 0 20 17 14 19 26 6 17 13 -0.0740741 32 523 524
420 10 1 0 3 1 4 3 0 0 0 42 
421 10 0 1 0 27 27 16 19 9 18 16 18 -0.331956 -10 525 526
422 10 1 0 7 1 4 2 5 0 0 47 
423 10 0 1 0 10 19 15 14 4 9 18 20 -0.0824742 35 527 528
424 10 1 0 5 1 4 0 4 1 0 56 
425 10 0 1 0 0 20 12 16 8 14 12 20 -0 -10 529 530
426 10 1 0 6 1 4 0 0 5 1 59 
427 10 1 0 3 1 4 0 0 0 3 60 
428 10 0 1 0 16 22 17 15 24 23 15 13 -0 -13 531 532
429 10 1 0 13 1 4 13 0 0 0 64 
430 10 0 1 0 21 17 19 18 24 27 20 15 -0.226923 3 533 534
431 10 1 0 77 1 4 0 0 0 77 75 
432 10 1 0 4 1 4 0 1 1 2 76 
433 10 1 0 2 1 4 0 0 2 0 78 
434 10 1 0 11 1 4 0 11 0 0 79 
435 10 1 0 7 1 4 0 0 1 6 80 
436 10 0 1 0 13 1 20 16 13 10 18 18 -0.0259968 7 535 536
437 10 1 0 26 1 4 0 0 26 0 95 
438 10 1 0 2 1 4 0 0 0 2 96 
439 10 0 1 0 6 25 14 18 15 16 19 17 -0 19 537 538
440 10 1 0 5 1 4 0 0 0 5 100 
441 10 0 1 0 6 1 19 15 22 20 13 17 -0.262181 4 539 540
442 10 1 0 4 1 4 0 4 0 0 115 
443 10 0 1 0 27 21 12 19 18 12 16 19 -0.0449198 8 541 542
444 10 1 0 6 1 4 0 1 2 3 122 
445 10 1 0 8 1 4 0 0 8 0 125 
446 10 1 0 2 1 4 0 1 1 0 126 
447 10 1 0 62 1 4 0 0 0 62 136 
448 10 0 1 0 19 26 13 20 17 32 15 14 -0.608696 -35 543 544
449 10 0 1 0 27 27 18 18 29 27 18 18 -0.0276264 -3 545 546
450 10 0 1 0 28 14 19 18 14 4 12 20 -0.306313 6 547 548
451 10 1 0 9 1 4 0 0 0 9 164 
452 10 1 0 2 1 4 1 1 0 0 165 
453 10 1 0 8 1 4 0 0 8 0 177 
454 10 0 1 0 14 14 13 14 18 14 14 19 -0.103865 -24 549 550
455 10 0 1 0 19 29 13 19 18 26 13 20 -0.022126 19 551 552
456 10 1 0 4 1 4 0 4 0 0 200 
457 10 0 1 0 20 25 18 12 26 27 15 16 -0.267735 -1 553 554
458 10 0 1 0 32 28 14 13 34 30 17 13 -0.0682732 23 555 556
459 10 1 0 2 1 4 0 1 1 0 261 
460 10 1 0 20 1 4 0 20 0 0 262 
461 10 0 1 0 24 30 12 20 30 33 14 14 -0.268919 8 557 558
462 10 0 1 0 10 24 15 18 10 35 12 14 -0.371429 -30 559 560
463 10 1 0 2 1 4 0 0 1 1 282 
464 10 1 0 20 1 4 0 0 0 20 283 
465 10 1 0 3 1 4 0 0 2 1 284 
466 10 1 0 50 1 4 0 0 0 50 285 
467 10 1 0 2 1 4 0 0 2 0 310 
468 10 0 1 0 5 34 13 12 23 18 20 14 -0 -19 561 562
469 10 1 0 2 1 4 0 0 1 1 322 
470 10 0 1 0 1 28 19 13 21 1 13 17 -0 23 563 564
471 10 1 0 8 1 4 0 1 7 0 325 
472 10 1 0 6 1 4 0 0 1 5 326 
473 10 1 0 27 1 4 27 0 0 0 327 
474 10 1 0 8 1 4 1 7 0 0 328 
475 10 0 1 0 2 9 20 17 11 7 17 20 -0.182474 -30 565 566
476 10 0 1 0 32 27 19 15 20 16 12 13 -0.085 -10 567 568
477 10 1 0 4 1 4 1 2 1 0 365 
478 10 0 1 0 12 22 15 12 18 28 12 20 -0.108901 -19 569 570
479 10 1 0 7 1 4 7 0 0 0 370 
480 10 1 0 3 1 4 0 0 0 3 371 
481 10 0 1 0 16 35 12 20 17 19 13 12 -0.0921659 8 571 572
482 10 1 0 3 1 4 0 0 2 1 376 
483 10 1 0 5 1 4 0 5 0 0 377 
484 10 0 1 0 0 28 16 13 21 2 15 16 -0.107352 40 573 574
485 10 0 1 0 19 27 17 20 21 16 20 15 -0.0263158 19 575 576
486 10 1 0 4 1 4 0 0 2 2 384 
487 10 1 0 4 1 4 1 3 0 0 385 
488 10 0 1 0 1 30 12 13 12 28 18 14 -0.0108641 8 577 578
489 10 0 1 0 9 25 18 16 12 17 19 20 -0.0229885 21 579 580
490 10 0 1 0 2 1 12 18 33 12 19 12 -0.126984 -25 581 582
491 10 1 0 5 1 4 0 0 0 5 404 
492 10 1 0 11 1 4 0 0 11 0 405 
493 10 1 0 3 1 4 3 0 0 0 407 
494 10 0 1 0 16 3 13 12 24 5 20 18 -0.0131579 -57 583 584
495 10 0 1 0 19 27 20 16 17 14 18 14 -0.156643 13 585 586
496 10 1 0 5 1 4 0 0 3 2 416 
497 10 0 1 0 5 11 20 16 10 8 15 18 -0.0739729 -18 587 588
498 10 0 1 0 23 32 15 14 15 20 17 16 -0.171429 13 589 590
499 10 0 1 0 4 31 15 15 1 26 16 17 -0.0570501 9 591 592
500 10 1 0 3 1 4 0 0 2 1 459 
501 10 1 0 4 1 4 0 0 0 4 460 
502 10 0 1 0 31 27 14 16 23 1 20 12 -0.353439 -7 593 594
503 10 1 0 2 1 4 2 0 0 0 469 
504 10 0 1 0 21 12 18 12 24 25 20 12 -0.0040404 -2 595 596
505 10 0 1 0 10 6 12 18 17 7 17 15 -0.1 3 597 598
506 10 0 1 0 9 29 13 13 6 25 15 13 -0.0282436 48 599 600
507 10 0 1 0 25 31 16 19 24 31 14 20 -0.0720876 -5 601 602
508 10 1 0 4 1 4 0 1 1 2 523 
509 10 0 1 0 26 27 18 15 21 13 20 16 -0.102256 -13 603 604
510 10 0 1 0 4 1 19 19 3 25 13 19 -0.533135 -14 605 606
511 10 1 0 31 1 4 31 0 0 0 530 
512 10 1 0 8 1 4 1 7 0 0 531 
513 10 0 1 0 0 7 16 15 13 22 19 17 -0 -28 607 608
514 10 0 1 0 10 9 17 20 22 16 14 19 -0.0399316 34 609 610
515 10 0 1 0 6 26 19 16 16 25 17 16 -0 -44 611 612
516 10 1 0 2 1 4 0 0 0 2 547 
517 10 1 0 3 1 4 0 2 0 1 548 
518 10 0 1 0 30 3 19 14 26 5 17 20 -0.0990125 -2 613 614
519 11 0 1 0 3 10 12 18 3 19 16 15 -0.519231 8 615 616
520 11 0 1 0 13 27 13 17 14 26 19 15 -0.11869 -12 617 618
521 11 0 1 0 0 32 15 20 5 15 19 19 -0.0666667 -19 619 620
522 11 0 1 0 29 31 13 17 31 31 16 14 -0.0230509 -2 621 622
523 11 0 1 0 4 29 15 18 30 28 13 16 -0.044477 61 623 624
524 11 1 0 3 1 4 0 0 2 1 41 
525 11 1 0 11 1 4 0 0 0 11 43 
526 11 0 1 0 19 6 13 19 31 20 12 14 -0.176471 -5 625 626
527 11 0 1 0 26 16 16 13 4 0 14 20 -0.0287565 8 627 628
528 11 1 0 6 1 4 1 4 1 0 55 
529 11 1 0 4 1 4 4 0 0 0 57 
530 11 1 0 7 1 4 0 7 0 0 58 
531 11 1 0 2 1 4 0 2 0 0 61 
532 11 1 0 20 1 4 0 0 20 0 62 
533 11 0 1 0 0 32 15 12 24 3 16 19 -0.142222 46 629 630
534 11 0 1 0 11 11 18 17 31 14 14 12 -0 18 631 632
535 11 0 1 0 10 23 15 12 33 11 20 12 -0.00909091 25 633 634
536 11 1 0 2 1 4 1 1 0 0 83 
537 11 1 0 7 1 4 0 7 0 0 98 
538 11 1 0 8 1 4 0 0 8 0 99 
539 11 0 1 0 21 29 18 18 21 32 13 12 -0.229615 -3 635 636
540 11 1 0 3 1 4 0 3 0 0 114 
541 11 0 1 0 13 31 15 14 22 9 15 15 -0.0235294 51 637 638
542 11 1 0 3 1 4 3 0 0 0 121 
543 11 1 0 9 1 4 2 0 0 7 137 
544 11 1 0 14 1 4 14 0 0 0 138 
545 11 1 0 2 1 4 1 0 0 1 139 
546 11 0 1 0 30 30 17 15 27 8 12 15 -0.0235648 43 639 640
547 11 0 1 0 0 27 18 18 21 10 13 20 -0.45177 -24 641 642
548 11 0 1 0 27 20 15 17 30 25 19 14 -0.185613 1 643 644
549 11 1 0 3 1 4 0 1 0 2 178 
550 11 0 1 0 4 35 12 13 15 19 18 15 -0.076519 14 645 646
551 11 0 1 0 26 26 17 19 18 35 12 20 -0.00505051 -35 647 648
552 11 1 0 6 1 4 0 2 4 0 199 
553 11 0 1 0 28 31 16 14 0 23 18 15 -0.0321429 78 649 650
554 11 0 1 0 27 11 17 19 31 12 17 13 -0.247917 -2 651 652
555 11 0 1 0 21 11 12 12 32 28 17 14 -0.0619252 9 653 654
556 11 0 1 0 18 32 13 18 19 29 18 20 -0 3 655 656
557 11 0 1 0 17 31 16 20 10 27 16 16 -0.237899 79 657 658
558 11 1 0 15 1 4 0 0 0 15 279 
559 11 1 0 5 1 4 0 0 3 2 280 
560 11 1 0 9 1 4 7 1 1 0 281 
561 11 1 0 3 1 4 0 3 0 0 311 
562 11 1 0 218 1 4 218 0 0 0 312 
563 11 1 0 9 1 4 0 9 0 0 323 
564 11 1 0 2 1 4 2 0 0 0 324 
565 11 1 0 8 1 4 0 3 0 5 329 
566 11 0 1 0 3 29 17 12 2 29 13 15 -0.15755 2 659 660
567 11 0 1 0 6 23 20 13 10 14 16 20 -0 12 661 662
568 11 0 1 0 4 12 12 15 0 25 19 20 -0.025 -48 663 664
569 11 1 0 3 1 4 1 0 2 0 366 
570 11 0 1 0 24 25 16 12 23 30 17 19 -0.0475904 -30 665 666
571 11 1 0 7 1 4 6 1 0 0 372 
572 11 0 1 0 18 0 19 18 13 21 19 20 -0.0606061 -63 667 668
573 11 1 0 6 1 4 0 0 1 5 378 
574 11 0 1 0 9 7 17 15 27 25 15 19 -0.0477733 -25 669 670
575 11 1 0 2 1 4 1 1 0 0 382 
576 11 1 0 17 1 4 0 17 0 0 383 
577 11 0 1 0 19 7 12 15 25 24 14 18 -0.00568182 -14 671 672
578 11 1 0 3 1 4 0 3 0 0 388 
579 11 1 0 26 1 4 26 0 0 0 390 
580 11 1 0 3 1 4 0 2 1 0 391 
581 11 1 0 2 1 4 0 0 0 2 392 
582 11 0 1 0 18 24 19 19 16 15 14 16 -0.0740047 6 673 674
583 11 1 0 2 1 4 1 1 0 0 408 
584 11 1 0 36 1 4 0 36 0 0 409 
585 11 0 1 0 1 30 15 15 1 21 20 14 -0 21 675 676
586 11 0 1 0 33 9 18 12 13 1 13 13 -0.0819013 39 677 678
587 11 0 1 0 24 15 15 19 26 12 20 17 -0.0260885 -9 679 680
588 11 0 1 0 3 35 12 12 6 32 13 15 -0.307278 -20 681 682
589 11 1 0 5 1 4 0 0 3 2 453 
590 11 1 0 7 1 4 6 1 0 0 454 
591 11 1 0 5 1 4 0 5 0 0 455 
592 11 0 1 0 6 4 15 19 3 9 16 17 -0.0221861 -14 683 684
593 11 1 0 3 1 4 0 0 0 3 461 
594 11 0 1 0 3 18 15 16 17 6 17 18 -0.151637 -25 685 686
595 11 1 0 162 1 4 0 162 0 0 470 
596 11 1 0 3 1 4 2 1 0 0 471 
597 11 0 1 0 15 6 14 12 14 17 17 17 -0.0798611 19 687 688
598 11 1 0 2 1 4 2 0 0 0 480 
599 11 0 1 0 27 13 12 13 26 19 12 12 -0.0200957 -25 689 690
600 11 1 0 4 1 4 0 4 0 0 484 
601 11 1 0 2 1 4 0 0 0 2 499 
602 11 0 1 0 28 22 19 14 31 26 17 16 -0.0686899 -4 691 692
603 11 1 0 3 1 4 3 0 0 0 524 
604 11 0 1 0 7 12 18 14 6 28 17 17 -0.0571429 -9 693 694
605 11 1 0 8 1 4 1 7 0 0 527 
606 11 0 1 0 16 4 15 16 18 14 19 16 -0.144928 -12 695 696
607 11 1 0 9 1 4 9 0 0 0 534 
608 11 1 0 6 1 4 0 6 0 0 535 
609 11 0 1 0 10 3 20 17 15 12 15 15 -0.00847269 -3 697 698
610 11 1 0 8 1 4 4 4 0 0 539 
611 11 1 0 9 1 4 0 9 0 0 545 
612 11 1 0 2 1 4 2 0 0 0 546 
613 11 0 1 0 32 0 17 12 34 13 12 12 -0.0400596 20 699 700
614 11 0 1 0 23 32 15 12 10 25 14 14 -0.333333 30 701 702
615 12 1 0 4 1 4 1 0 0 3 4 
616 12 1 0 9 1 4 9 0 0 0 5 
617 12 1 0 7 1 4 5 0 0 2 6 
618 12 0 1 0 21 31 15 16 17 20 20 20 -0.013163 10 703 704
619 12 1 0 7 1 4 0 7 0 0 19 
620 12 1 0 3 1 4 0 0 1 2 20 
621 12 1 0 7 1 4 4 3 0 0 21 
622 12 0 1 0 30 26 18 17 27 18 13 20 -0.00976064 -11 705 706
623 12 0 1 0 1 8 18 20 25 12 15 18 -0.016129 -19 707 708
624 12 1 0 2 1 4 0 1 1 0 40 
625 12 0 1 0 20 34 12 18 28 3 19 17 -0 67 709 710
626 12 1 0 5 1 4 0 5 0 0 46 
627 12 1 0 6 1 4 1 5 0 0 52 
628 12 0 1 0 34 17 12 13 18 35 12 20 -0.0131868 -52 711 712
629 12 0 1 0 4 16 19 13 3 26 19 12 -0.08 -12 713 714
630 12 1 0 2 1 4 2 0 0 0 67 
631 12 1 0 8 1 4 0 0 8 0 68 
632 12 1 0 5 1 4 0 0 0 5 69 
633 12 1 0 53 1 4 0 0 53 0 81 
634 12 1 0 2 1 4 0 1 1 0 82 
635 12 0 1 0 3 26 14 17 0 28 15 15 -0.143481 -6 715 716
636 12 0 1 0 10 23 15 13 27 19 12 19 -0.295798 -34 717 718
637 12 1 0 2 1 4 0 1 0 1 119 
638 12 1 0 83 1 4 0 83 0 0 120 
639 12 0 1 0 30 15 17 15 28 24 18 15 -0.0191182 -18 719 720
640 12 1 0 3 1 4 1 0 0 2 149 
641 12 0 1 0 7 25 13 12 33 24 20 13 -0 -5 721 722
642 12 0 1 0 22 13 15 17 22 26 18 14 -0.0612245 -12 723 724
643 12 1 0 4 1 4 2 0 1 1 154 
644 12 0 1 0 23 9 14 14 20 13 12 17 -0.148804 -30 725 726
645 12 0 1 0 15 11 20 12 26 35 12 14 -0.0613593 -14 727 728
646 12 1 0 6 1 4 0 1 5 0 188 
647 12 1 0 2 1 4 0 0 1 1 197 
648 12 1 0 97 1 4 0 0 97 0 198 
649 12 0 1 0 16 19 14 12 19 15 15 16 -0.0178571 -5 729 730
650 12 1 0 2 1 4 0 2 0 0 204 
651 12 1 0 8 1 4 0 1 6 1 205 
652 12 0 1 0 32 7 14 12 16 12 17 18 -0.125 -30 731 732
653 12 0 1 0 7 14 13 16 33 26 19 13 -0.0584779 1 733 734
654 12 1 0 3 1 4 3 0 0 0 258 
655 12 1 0 7 1 4 0 0 7 0 259 
656 12 1 0 18 1 4 0 0 0 18 260 
657 12 0 1 0 6 17 20 16 14 9 12 20 -0.204623 -18 735 736
658 12 1 0 8 1 4 0 8 0 0 278 
659 12 0 1 0 21 9 18 16 23 27 18 14 -0.0689006 -23 737 738
660 12 0 1 0 15 31 13 13 10 35 12 19 -0.405408 -8 739 740
661 12 1 0 2 1 4 2 0 0 0 361 
662 12 1 0 8 1 4 0 8 0 0 362 
663 12 1 0 18 1 4 0 0 18 0 363 
664 12 1 0 2 1 4 0 0 1 1 364 
665 12 1 0 3 1 4 0 1 1 1 367 
666 12 0 1 0 0 23 13 19 1 26 20 13 -0 -32 741 742
667 12 0 1 0 23 23 17 12 11 10 14 13 -0.0227273 3 743 744
668 12 1 0 2 1 4 0 1 1 0 375 
669 12 0 1 0 4 9 13 15 9 17 13 12 -0 -78 745 746
670 12 1 0 5 1 4 0 4 1 0 381 
671 12 1 0 86 1 4 0 0 86 0 386 
672 12 1 0 2 1 4 0 0 1 1 387 
673 12 1 0 5 1 4 4 1 0 0 393 
674 12 0 1 0 32 16 20 14 11 9 16 17 -0.0343915 -5 747 748
675 12 1 0 3 1 4 0 3 0 0 410 
676 12 1 0 22 1 4 22 0 0 0 411 
677 12 0 1 0 1 19 13 19 4 18 17 13 -0.0505495 -8 749 750
678 12 1 0 8 1 4 7 1 0 0 415 
679 12 1 0 2 1 4 0 0 2 0 417 
680 12 0 1 0 24 28 19 13 18 20 19 16 -0.0239085 39 751 752
681 12 1 0 4 1 4 0 1 0 3 436 
682 12 0 1 0 8 31 15 20 10 32 15 17 -0.250219 -10 753 754
683 12 1 0 2 1 4 0 2 0 0 456 
684 12 0 1 0 24 31 13 16 13 20 13 15 -0.0119048 36 755 756
685 12 0 1 0 13 22 19 13 25 19 18 16 -0.05 -25 757 758
686 12 0 1 0 12 21 13 18 18 27 16 12 -0 -39 759 760
687 12 0 1 0 12 22 16 17 20 23 13 16 -0.03125 -20 761 762
688 12 1 0 2 1 4 0 1 1 0 479 
689 12 1 0 4 1 4 2 2 0 0 481 
690 12 0 1 0 5 20 13 16 1 10 19 19 -0.00526316 -1 763 764
691 12 0 1 0 33 28 17 14 2 33 14 12 -0 80 765 766
692 12 0 1 0 24 12 15 20 22 17 19 19 -0.0620999 -17 767 768
693 12 1 0 2 1 4 0 1 0 1 525 
694 12 1 0 33 1 4 0 33 0 0 526 
695 12 1 0 17 1 4 0 0 0 17 528 
696 12 1 0 6 1 4 0 5 0 1 529 
697 12 0 1 0 8 31 13 14 5 11 16 14 -0.00434783 16 769 770
698 12 1 0 2 1 4 0 0 2 0 538 
699 12 0 1 0 27 19 18 12 21 13 18 17 -0.00902794 16 771 772
700 12 1 0 2 1 4 1 0 0 1 552 
701 12 1 0 4 1 4 4 0 0 0 553 
702 12 1 0 6 1 4 0 5 0 1 554 
703 13 0 1 0 2 18 14 15 25 32 15 15 -0.00406504 -116 773 774
704 13 1 0 3 1 4 1 2 0 0 9 
705 13 1 0 2 1 4 1 1 0 0 22 
706 13 0 1 0 16 18 16 18 17 34 12 19 -0.00331126 6 775 776
707 13 1 0 2 1 4 1 1 0 0 38 
708 13 1 0 29 1 4 0 29 0 0 39 
709 13 1 0 6 1 4 0 0 0 6 44 
710 13 1 0 11 1 4 0 0 11 0 45 
711 13 1 0 5 1 4 3 2 0 0 53 
712 13 1 0 86 1 4 86 0 0 0 54 
713 13 1 0 2 1 4 0 1 0 1 65 
714 13 1 0 23 1 4 0 23 0 0 66 
715 13 1 0 5 1 4 0 2 2 1 101 
716 13 0 1 0 8 31 12 16 14 6 12 20 -0.0989253 8 777 778
717 13 0 1 0 11 18 14 14 28 9 15 17 -0.025 -12 779 780
718 13 0 1 0 13 26 17 12 25 10 17 18 -0.164223 14 781 782
719 13 0 1 0 9 5 17 17 9 12 20 13 -0.0886364 3 783 784
720 13 0 1 0 12 13 19 12 10 15 17 16 -0.00886799 -15 785 786
721 13 1 0 2 1 4 0 2 0 0 150 
722 13 1 0 11 1 4 0 0 0 11 151 
723 13 1 0 7 1 4 0 6 1 0 152 
724 13 1 0 7 1 4 7 0 0 0 153 
725 13 1 0 3 1 4 1 1 0 1 155 
726 13 0 1 0 1 29 18 15 4 25 17 16 -0.123808 13 787 788
727 13 0 1 0 23 32 14 17 8 10 13 12 -0.0534654 18 789 790
728 13 1 0 3 1 4 3 0 0 0 187 
729 13 1 0 2 1 4 0 0 1 1 202 
730 13 1 0 26 1 4 0 0 26 0 203 
731 13 1 0 4 1 4 4 0 0 0 206 
732 13 0 1 0 23 24 12 19 15 29 15 16 -0.05 -24 791 792
733 13 0 1 0 12 15 15 19 20 11 15 12 -0.0538785 -12 793 794
734 13 0 1 0 15 20 15 20 25 16 20 16 -0 4 795 796
735 13 1 0 4 1 4 1 3 0 0 265 
736 13 0 1 0 28 22 19 16 13 21 12 20 -0.167162 -4 797 798
737 13 0 1 0 17 27 20 17 10 5 12 19 -0.0516466 20 799 800
738 13 0 1 0 25 26 18 13 22 17 18 15 -0 12 801 802
739 13 0 1 0 14 8 16 14 16 24 14 19 -0.15614 -6 803 804
740 13 0 1 0 32 31 13 12 26 29 13 13 -0.252117 -20 805 806
741 13 1 0 2 1 4 0 0 2 0 368 
742 13 1 0 78 1 4 0 0 0 78 369 
743 13 1 0 2 1 4 1 1 0 0 373 
744 13 1 0 20 1 4 0 20 0 0 374 
745 13 1 0 2 1 4 0 0 0 2 379 
746 13 1 0 50 1 4 0 0 50 0 380 
747 13 0 1 0 21 23 20 19 22 28 14 16 -0 -21 807 808
748 13 1 0 2 1 4 0 0 2 0 396 
749 13 1 0 4 1 4 2 2 0 0 412 
750 13 0 1 0 34 7 12 13 27 7 19 18 -0.0142857 -13 809 810
751 13 0 1 0 20 26 18 17 2 34 12 12 -0.0221846 95 811 812
752 13 1 0 5 1 4 0 5 0 0 435 
753 13 1 0 5 1 4 1 1 0 3 437 
754 13 0 1 0 21 0 20 18 22 14 20 14 -0.194352 7 813 814
755 13 1 0 40 1 4 40 0 0 0 457 
756 13 1 0 2 1 4 1 1 0 0 458 
757 13 1 0 2 1 4 1 1 0 0 462 
758 13 1 0 8 1 4 8 0 0 0 463 
759 13 1 0 7 1 4 0 0 7 0 464 
760 13 1 0 25 1 4 0 25 0 0 465 
761 13 1 0 2 1 4 1 1 0 0 477 
762 13 1 0 14 1 4 0 14 0 0 478 
763 13 1 0 2 1 4 1 1 0 0 482 
764 13 1 0 93 1 4 93 0 0 0 483 
765 13 1 0 13 1 4 13 0 0 0 500 
766 13 1 0 25 1 4 0 25 0 0 501 
767 13 0 1 0 23 12 12 20 8 13 20 12 -0.037677 79 815 816
768 13 0 1 0 0 29 16 18 1 23 12 13 -0.275492 22 817 818
769 13 1 0 113 1 4 0 113 0 0 536 
770 13 1 0 2 1 4 1 1 0 0 537 
771 13 0 1 0 26 1 16 15 21 6 14 17 -0.00276243 -8 819 820
772 13 1 0 3 1 4 1 2 0 0 551 
773 14 1 0 2 1 4 1 1 0 0 7 
774 14 1 0 121 1 4 121 0 0 0 8 
775 14 1 0 149 1 4 0 149 0 0 23 
776 14 1 0 2 1 4 1 1 0 0 24 
777 14 1 0 2 1 4 0 2 0 0 102 
778 14 0 1 0 9 11 15 18 12 8 12 19 -0.0767104 14 821 822
779 14 1 0 18 1 4 0 0 0 18 109 
780 14 1 0 2 1 4 0 0 1 1 110 
781 14 1 0 2 1 4 2 0 0 0 111 
782 14 0 1 0 13 28 17 20 31 31 13 14 -0.0282258 26 823 824
783 14 0 1 0 11 28 12 18 1 9 17 20 -0.05 77 825 826
784 14 1 0 4 1 4 0 4 0 0 142 
785 14 1 0 7 1 4 1 0 0 6 143 
786 14 0 1 0 26 29 15 16 27 15 18 13 -0.00432771 11 827 828
787 14 0 1 0 11 15 12 18 20 10 20 15 -0.0332189 -7 829 830
788 14 0 1 0 23 31 16 20 26 26 18 16 -0.30609 -1 831 832
789 14 1 0 5 1 4 3 2 0 0 179 
790 14 0 1 0 1 2 16 20 12 2 16 13 -0.0396145 -17 833 834
791 14 0 1 0 13 24 20 17 14 22 18 12 -0.0166667 21 835 836
792 14 1 0 6 1 4 0 1 5 0 209 
793 14 0 1 0 35 33 12 12 24 25 19 16 -0.15 9 837 838
794 14 0 1 0 20 25 18 16 17 24 18 15 -0.0489197 -15 839 840
795 14 1 0 6 1 4 0 0 6 0 256 
796 14 1 0 13 1 4 0 13 0 0 257 
797 14 0 1 0 9 15 15 17 25 17 17 16 -0.0428571 -29 841 842
798 14 0 1 0 14 22 15 15 30 19 17 13 -0.133408 -48 843 844
799 14 1 0 6 1 4 0 1 2 3 330 
800 14 0 1 0 21 10 18 14 26 17 14 14 -0.0419796 38 845 846
801 14 1 0 13 1 4 13 0 0 0 345 
802 14 1 0 3 1 4 0 3 0 0 346 
803 14 0 1 0 21 30 15 12 16 7 16 20 -0.0495356 50 847 848
804 14 1 0 5 1 4 0 0 1 4 350 
805 14 0 1 0 19 20 18 13 17 27 16 17 -0.122403 -2 849 850
806 14 0 1 0 4 32 12 18 2 32 14 20 -0.161824 7 851 852
807 14 1 0 2 1 4 0 0 2 0 394 
808 14 1 0 52 1 4 0 52 0 0 395 
809 14 1 0 33 1 4 0 33 0 0 413 
810 14 1 0 2 1 4 0 1 1 0 414 
811 14 0 1 0 16 17 16 13 14 14 12 12 -0.0199664 -27 853 854
812 14 0 1 0 2 12 14 17 0 6 20 20 -0 2 855 856
813 14 0 1 0 13 25 15 18 21 33 13 13 -0.160905 -28 857 858
814 14 1 0 2 1 4 0 0 1 1 452 
815 14 0 1 0 23 28 15 16 21 27 14 19 -0.0336885 -1 859 860
816 14 1 0 2 1 4 0 1 0 1 517 
817 14 0 1 0 23 1 17 20 23 2 20 20 -0.180967 -5 861 862
818 14 1 0 6 1 4 0 2 0 4 522 
819 14 1 0 179 1 4 179 0 0 0 549 
820 14 1 0 2 1 4 1 1 0 0 550 
821 15 0 1 0 5 13 15 13 18 7 17 20 -0.0445295 4 863 864
822 15 1 0 3 1 4 0 2 0 1 108 
823 15 1 0 23 1 4 0 0 23 0 112 
824 15 1 0 8 1 4 0 0 1 7 113 
825 15 1 0 2 1 4 0 1 0 1 140 
826 15 1 0 38 1 4 0 0 0 38 141 
827 15 0 1 0 26 15 19 17 26 29 13 19 -0.00222615 1 865 866
828 15 0 1 0 22 18 16 16 11 24 14 16 -0.181818 -31 867 868
829 15 0 1 0 7 26 20 15 14 3 14 14 -0.0132019 17 869 870
830 15 1 0 9 1 4 0 2 1 6 159 
831 15 0 1 0 9 6 12 18 14 31 16 19 -0.0192308 -33 871 872
832 15 1 0 6 1 4 4 0 1 1 162 
833 15 1 0 4 1 4 0 1 3 0 180 
834 15 0 1 0 14 21 15 12 13 11 20 19 -0.03092 -11 873 874
835 15 1 0 28 1 4 0 28 0 0 207 
836 15 1 0 2 1 4 0 1 1 0 208 
837 15 1 0 6 1 4 3 3 0 0 210 
838 15 1 0 4 1 4 0 0 4 0 211 
839 15 1 0 3 1 4 1 2 0 0 212 
840 15 0 1 0 18 9 13 12 21 9 19 13 -0.0453103 12 875 876
841 15 1 0 7 1 4 0 0 6 1 266 
842 15 1 0 13 1 4 0 0 0 13 267 
843 15 0 1 0 16 1 17 17 9 14 17 20 -0 -5 877 878
844 15 0 1 0 15 17 19 20 6 31 15 20 -0.0997497 8 879 880
845 15 0 1 0 12 16 16 20 17 14 14 12 -0.0367289 -16 881 882
846 15 1 0 4 1 4 4 0 0 0 344 
847 15 1 0 2 1 4 2 0 0 0 347 
848 15 0 1 0 10 1 20 17 33 6 16 12 -0.0294118 9 883 884
849 15 0 1 0 18 34 13 13 29 23 12 18 -0.0823328 58 885 886
850 15 1 0 8 1 4 7 1 0 0 355 
851 15 0 1 0 19 31 14 17 12 24 19 15 -0.0520404 18 887 888
852 15 1 0 5 1 4 1 1 2 1 360 
853 15 1 0 4 1 4 3 0 0 1 418 
854 15 0 1 0 6 3 19 17 8 13 18 15 -0.0159986 -53 889 890
855 15 1 0 5 1 4 5 0 0 0 433 
856 15 1 0 7 1 4 0 7 0 0 434 
857 15 0 1 0 11 19 14 17 15 5 13 20 -0.0350877 5 891 892
858 15 0 1 0 0 0 17 20 27 7 13 18 -0.112808 -48 893 894
859 15 1 0 6 1 4 0 4 0 2 502 
860 15 0 1 0 32 28 14 15 31 33 14 14 -0.0267106 0 895 896
861 15 0 1 0 14 2 12 12 11 5 17 20 -0.2 -15 897 898
862 15 0 1 0 19 27 17 17 16 23 18 20 -0 4 899 900
863 16 0 1 0 0 29 16 13 10 26 18 15 -0.0323825 -12 901 902
864 16 1 0 2 1 4 0 1 1 0 107 
865 16 0 1 0 16 19 15 13 13 15 18 20 -0.0650407 24 903 904
866 16 1 0 1712 1 4 0 0 0 1712 146 
867 16 1 0 9 1 4 0 0 0 9 147 
868 16 1 0 2 1 4 0 1 0 1 148 
869 16 1 0 6 1 4 0 1 0 5 156 
870 16 0 1 0 2 0 12 14 4 7 13 19 -0.0015528 9 905 906
871 16 1 0 24 1 4 0 0 0 24 160 
872 16 1 0 2 1 4 0 0 1 1 161 
873 16 1 0 3 1 4 0 1 2 0 181 
874 16 0 1 0 20 8 19 15 14 4 19 16 -0.0241637 29 907 908
875 16 0 1 0 19 5 12 12 5 7 19 14 -0.043447 41 909 910
876 16 1 0 2 1 4 2 0 0 0 255 
877 16 1 0 8 1 4 0 0 0 8 268 
878 16 1 0 4 1 4 0 0 4 0 269 
879 16 0 1 0 0 2 18 14 27 0 13 20 -0.0781734 5 911 912
880 16 1 0 5 1 4 0 4 1 0 277 
881 16 1 0 4 1 4 4 0 0 0 331 
882 16 0 1 0 3 30 13 13 0 23 14 18 -0.0313547 21 913 914
883 16 1 0 2 1 4 0 1 1 0 348 
884 16 1 0 15 1 4 0 15 0 0 349 
885 16 1 0 2 1 4 0 0 2 0 351 
886 16 0 1 0 1 31 15 20 17 33 12 16 -0.0503466 -12 915 916
887 16 0 1 0 14 34 13 14 25 32 14 20 -0.0151404 71 917 918
888 16 1 0 6 1 4 1 5 0 0 359 
889 16 1 0 2 1 4 1 0 1 0 419 
890 16 0 1 0 4 27 18 20 4 27 14 20 -0.0141895 23 919 920
891 16 1 0 8 1 4 8 0 0 0 438 
892 16 0 1 0 5 22 20 13 23 23 12 18 -0.0263158 3 921 922
893 16 1 0 3 1 4 0 0 3 0 441 
894 16 0 1 0 5 25 12 19 7 18 18 19 -0.0877573 19 923 924
895 16 0 1 0 26 28 16 19 23 11 20 12 -0.0250258 -36 925 926
896 16 1 0 3 1 4 3 0 0 0 516 
897 16 1 0 11 1 4 0 11 0 0 518 
898 16 1 0 5 1 4 0 1 0 4 519 
899 16 1 0 2 1 4 2 0 0 0 520 
900 16 1 0 59 1 4 0 59 0 0 521 
901 17 0 1 0 10 28 16 18 0 17 17 17 -0.0142072 30 927 928
902 17 1 0 4 1 4 0 1 1 2 106 
903 17 1 0 38 1 4 0 0 0 38 144 
904 17 1 0 3 1 4 0 1 0 2 145 
905 17 1 0 320 1 4 0 0 0 320 157 
906 17 1 0 2 1 4 0 0 1 1 158 
907 17 0 1 0 24 29 14 15 15 17 12 18 -0.0160069 5 929 930
908 17 1 0 5 1 4 2 3 0 0 186 
909 17 0 1 0 1 27 18 16 10 9 20 12 -0.0419288 7 931 932
910 17 1 0 2 1 4 1 1 0 0 254 
911 17 0 1 0 1 19 12 14 0 27 19 14 -0.058118 0 933 934
912 17 1 0 3 1 4 0 0 0 3 276 
913 17 0 1 0 1 33 14 17 11 32 12 17 -0.0286031 -1 935 936
914 17 1 0 4 1 4 4 0 0 0 343 
915 17 0 1 0 6 16 15 17 6 16 19 17 -0.0272109 -4 937 938
916 17 1 0 4 1 4 3 1 0 0 354 
917 17 0 1 0 20 9 12 19 30 1 13 17 -0.00793651 -2 939 940
918 17 1 0 2 1 4 0 2 0 0 358 
919 17 0 1 0 23 0 12 20 0 32 12 14 -0.0132965 45 941 942
920 17 1 0 2 1 4 0 2 0 0 432 
921 17 1 0 17 1 4 0 17 0 0 439 
922 17 1 0 2 1 4 0 1 1 0 440 
923 17 0 1 0 15 31 13 15 13 29 18 20 -0.0709655 -6 943 944
924 17 1 0 2 1 4 0 0 2 0 451 
925 17 1 0 2 1 4 0 1 0 1 503 
926 17 0 1 0 9 9 14 18 15 14 17 16 -0.0218099 -67 945 946
927 18 1 0 8 1 4 0 0 3 5 103 
928 18 0 1 0 21 6 16 16 23 13 20 13 -0.00257732 -72 947 948
929 18 1 0 6 1 4 0 4 2 0 182 
930 18 0 1 0 24 1 14 17 28 1 15 19 -0.00743769 -5 949 950
931 18 1 0 5 1 4 1 2 2 0 213 
932 18 0 1 0 1 27 13 18 15 24 16 19 -0.0388982 -83 951 952
933 18 0 1 0 23 25 12 13 29 25 14 13 -0.0375124 -42 953 954
934 18 1 0 5 1 4 0 0 1 4 275 
935 18 0 1 0 28 31 15 13 28 33 13 18 -0.0255249 2 955 956
936 18 1 0 2 1 4 0 0 2 0 342 
937 18 1 0 6 1 4 2 4 0 0 352 
938 18 1 0 43 1 4 0 43 0 0 353 
939 18 1 0 2 1 4 1 1 0 0 356 
940 18 1 0 61 1 4 61 0 0 0 357 
941 18 0 1 0 18 25 15 16 20 31 15 14 -0.0128097 -30 957 958
942 18 1 0 2 1 4 0 2 0 0 431 
943 18 1 0 3 1 4 0 2 1 0 442 
944 18 0 1 0 6 31 13 20 31 35 12 15 -0.0513753 55 959 960
945 18 1 0 5 1 4 3 2 0 0 504 
946 18 0 1 0 9 30 14 18 12 30 15 18 -0.0200052 -5 961 962
947 19 1 0 2 1 4 0 0 1 1 104 
948 19 1 0 192 1 4 0 0 0 192 105 
949 19 1 0 2 1 4 0 1 1 0 183 
950 19 0 1 0 3 26 20 16 2 22 20 19 -0.00335008 7 963 964
951 19 1 0 2 1 4 1 1 0 0 214 
952 19 0 1 0 11 27 12 18 3 28 18 20 -0.0364533 36 965 966
953 19 1 0 2 1 4 0 2 0 0 270 
954 19 0 1 0 7 5 14 14 3 12 12 20 -0.0232335 -11 967 968
955 19 0 1 0 3 31 16 18 2 30 13 14 -0.0651786 21 969 970
956 19 0 1 0 14 9 19 19 15 7 19 15 -0.015006 -9 971 972
957 19 1 0 8 1 4 5 3 0 0 420 
958 19 0 1 0 10 19 16 14 11 10 19 17 -0.0106173 13 973 974
959 19 0 1 0 20 13 17 20 27 12 12 14 -0.0283078 -9 975 976
960 19 1 0 3 1 4 1 1 0 1 450 
961 19 0 1 0 6 10 12 15 3 19 16 15 -0.018022 -13 977 978
962 19 1 0 4 1 4 2 2 0 0 515 
963 20 1 0 196 1 4 0 196 0 0 184 
964 20 1 0 3 1 4 0 2 1 0 185 
965 20 0 1 0 16 27 12 18 24 19 18 12 -0.0344973 -9 979 980
966 20 1 0 7 1 4 0 0 1 6 253 
967 20 1 0 2 1 4 0 0 0 2 271 
968 20 0 1 0 32 34 13 12 7 3 13 17 -0.00799841 161 981 982
969 20 0 1 0 31 22 12 13 7 11 17 17 -0.025 -21 983 984
970 20 1 0 8 1 4 7 1 0 0 334 
971 20 1 0 2 1 4 2 0 0 0 335 
972 20 0 1 0 3 16 17 19 4 26 17 17 -0.0120482 -20 985 986
973 20 0 1 0 30 32 15 17 28 26 17 12 -0.00758802 -2 987 988
974 20 1 0 3 1 4 2 0 0 1 430 
975 20 1 0 2 1 4 1 0 1 0 443 
976 20 0 1 0 22 33 12 13 25 31 16 18 -0.0142812 41 989 990
977 20 1 0 3 1 4 0 2 0 1 505 
978 20 0 1 0 12 26 19 18 19 31 16 13 -0.0145451 -2 991 992
979 21 1 0 4 1 4 1 2 1 0 215 
980 21 0 1 0 0 34 13 16 1 31 12 14 -0.0321709 -19 993 994
981 21 0 1 0 28 29 17 16 8 26 19 19 -0.00409836 2 995 996
982 21 1 0 2 1 4 0 0 0 2 274 
983 21 1 0 18 1 4 0 18 0 0 332 
984 21 1 0 2 1 4 1 1 0 0 333 
985 21 1 0 2 1 4 0 0 2 0 336 
986 21 0 1 0 6 13 18 17 5 15 16 20 -0.00905429 14 997 998
987 21 0 1 0 7 15 14 19 8 14 12 14 -0.089628 5 999 1000
988 21 0 1 0 17 11 12 19 23 18 16 16 -0.000739402 -32 1001 1002
989 21 0 1 0 5 29 18 14 5 26 16 19 -0.012653 -10 1003 1004
990 21 1 0 2 1 4 0 2 0 0 449 
991 21 0 1 0 23 28 19 12 18 17 17 14 -0.011093 -15 1005 1006
992 21 1 0 3 1 4 0 2 0 1 514 
993 22 0 1 0 11 25 12 20 5 17 17 18 -0 18 1007 1008
994 22 0 1 0 14 22 13 15 24 24 14 18 -0.0302714 45 1009 1010
995 22 1 0 2 1 4 0 0 1 1 272 
996 22 1 0 120 1 4 0 0 120 0 273 
997 22 0 1 0 26 23 20 15 27 26 15 15 -0.00454545 16 1011 1012
998 22 1 0 2 1 4 0 1 0 1 341 
999 22 0 1 0 18 31 13 20 12 27 16 13 -0.272727 19 1013 1014
1000 22 0 1 0 22 29 13 14 19 7 15 17 -0.0139332 65 1015 1016
1001 22 1 0 2 1 4 1 1 0 0 426 
1002 22 0 1 0 2 21 13 15 0 28 18 16 -0.000455615 1 1017 1018
1003 22 1 0 2 1 4 1 1 0 0 444 
1004 22 0 1 0 23 30 17 14 20 30 17 20 -0.00913671 9 1019 1020
1005 22 1 0 3 1 4 2 1 0 0 506 
1006 22 0 1 0 15 17 19 18 23 27 20 12 -0.00997653 -5 1021 1022
1007 23 1 0 4 1 4 0 0 4 0 216 
1008 23 1 0 6 1 4 0 6 0 0 217 
1009 23 0 1 0 4 27 15 20 29 12 20 13 -0.0291126 -18 1023 1024
1010 23 1 0 4 1 4 0 0 1 3 252 
1011 23 0 1 0 26 28 19 15 31 21 19 13 -0.00228425 23 1025 1026
1012 23 1 0 4 1 4 2 2 0 0 340 
1013 23 1 0 7 1 4 7 0 0 0 421 
1014 23 1 0 4 1 4 0 3 0 1 422 
1015 23 0 1 0 13 13 16 20 23 1 15 15 -0.00431034 -15 1027 1028
1016 23 1 0 3 1 4 1 2 0 0 425 
1017 23 1 0 2013 1 4 2013 0 0 0 427 
1018 23 0 1 0 29 14 20 12 12 2 12 17 -0.0384615 -27 1029 1030
1019 23 0 1 0 1 35 12 14 8 32 13 16 -0.00685871 -28 1031 1032
1020 23 1 0 2 1 4 1 1 0 0 448 
1021 23 0 1 0 30 26 20 14 33 32 13 14 -0.00480248 -13 1033 1034
1022 23 0 1 0 6 8 16 18 0 29 18 18 -0.0505051 32 1035 1036
1023 24 1 0 2 1 4 0 0 0 2 218 
1024 24 0 1 0 12 12 17 16 18 13 12 13 -0.0282509 -28 1037 1038
1025 24 1 0 2 1 4 0 1 1 0 337 
1026 24 0 1 0 22 26 16 12 26 26 12 20 -0.000764526 16 1039 1040
1027 24 1 0 2 1 4 1 1 0 0 423 
1028 24 1 0 114 1 4 114 0 0 0 424 
1029 24 1 0 11 1 4 11 0 0 0 428 
1030 24 1 0 2 1 4 1 1 0 0 429 
1031 24 0 1 0 20 12 20 12 27 16 12 12 -0 33 1041 1042
1032 24 1 0 243 1 4 243 0 0 0 447 
1033 24 1 0 5 1 4 2 3 0 0 507 
1034 24 0 1 0 5 27 16 17 9 14 13 18 -0.00352832 -2 1043 1044
1035 24 0 1 0 17 1 14 19 27 29 12 20 -0 -31 1045 1046
1036 24 1 0 43 1 4 0 43 0 0 513 
1037 25 1 0 2 1 4 0 0 0 2 219 
1038 25 0 1 0 3 24 18 13 3 19 19 17 -0.0274181 -7 1047 1048
1039 25 1 0 2 1 4 1 1 0 0 338 
1040 25 1 0 652 1 4 0 652 0 0 339 
1041 25 1 0 2 1 4 0 2 0 0 445 
1042 25 1 0 25 1 4 25 0 0 0 446 
1043 25 1 0 1057 1 4 0 1057 0 0 508 
1044 25 0 1 0 17 1 14 19 27 29 12 20 -0.1 -5 1049 1050
1045 25 1 0 6 1 4 6 0 0 0 511 
1046 25 1 0 5 1 4 0 5 0 0 512 
1047 26 1 0 2 1 4 1 0 1 0 220 
1048 26 0 1 0 16 22 20 20 25 35 12 18 -0.0252786 -101 1051 1052
1049 26 1 0 18 1 4 0 18 0 0 509 
1050 26 1 0 2 1 4 0 1 0 1 510 
1051 27 1 0 3 1 4 0 3 0 0 221 
1052 27 0 1 0 15 23 13 18 17 32 13 12 -0.0245823 -86 1053 1054
1053 28 0 1 0 14 13 15 16 27 15 19 19 -0.0380952 -4 1055 1056
1054 28 0 1 0 34 27 20 12 6 8 18 13 -0.0214496 11 1057 1058
1055 29 1 0 32 1 4 0 0 32 0 222 
1056 29 0 1 0 5 0 12 14 11 7 13 15 -0 -1 1059 1060
1057 29 0 1 0 20 29 16 15 16 24 18 19 -0.0702136 18 1061 1062
1058 29 0 1 0 21 30 12 19 27 32 15 17 -0.0175986 18 1063 1064
1059 30 1 0 2 1 4 0 0 2 0 223 
1060 30 1 0 8 1 4 0 0 0 8 224 
1061 30 0 1 0 23 27 19 16 15 25 13 20 -0.0192308 -1 1065 1066
1062 30 0 1 0 22 4 18 15 26 0 13 14 -0 0 1067 1068
1063 30 0 1 0 7 13 15 15 32 22 12 14 -0.0157232 7 1069 1070
1064 30 0 1 0 8 21 13 19 9 19 15 20 -0.0362319 3 1071 1072
1065 31 1 0 2 1 4 0 0 1 1 225 
1066 31 1 0 24 1 4 0 0 24 0 226 
1067 31 1 0 9 1 4 0 9 0 0 227 
1068 31 1 0 2 1 4 0 0 2 0 228 
1069 31 0 1 0 10 4 18 18 0 27 20 13 -0.0103146 -6 1073 1074
1070 31 0 1 0 4 25 18 14 14 2 13 17 -0.067545 38 1075 1076
1071 31 1 0 6 1 4 0 5 1 0 250 
1072 31 1 0 17 1 4 0 0 17 0 251 
1073 32 0 1 0 24 32 13 15 21 27 12 16 -0.00902588 -6 1077 1078
1074 32 0 1 0 22 25 20 14 19 24 16 20 -0 24 1079 1080
1075 32 0 1 0 0 24 12 19 24 4 16 15 -0.109091 14 1081 1082
1076 32 0 1 0 19 3 13 20 24 2 17 18 -0.0104348 3 1083 1084
1077 33 1 0 8 1 4 0 0 6 2 229 
1078 33 0 1 0 24 20 13 12 22 23 16 17 -0.00803342 2 1085 1086
1079 33 1 0 9 1 4 0 0 9 0 244 
1080 33 1 0 3 1 4 0 0 0 3 245 
1081 33 1 0 6 1 4 0 0 6 0 246 
1082 33 1 0 5 1 4 2 3 0 0 247 
1083 33 1 0 110 1 4 0 0 110 0 248 
1084 33 1 0 5 1 4 0 2 3 0 249 
1085 34 0 1 0 28 22 13 18 6 18 20 17 -0.0042186 -43 1087 1088
1086 34 0 1 0 7 8 13 18 11 3 18 19 -0.102564 -2 1089 1090
1087 35 1 0 2 1 4 0 0 1 1 230 
1088 35 0 1 0 13 24 18 17 17 19 20 12 -0.00372726 -5 1091 1092
1089 35 1 0 3 1 4 2 0 1 0 242 
1090 35 1 0 23 1 4 0 0 23 0 243 
1091 36 1 0 2 1 4 0 1 1 0 231 
1092 36 0 1 0 26 18 19 15 25 19 18 18 -0.00323445 6 1093 1094
1093 37 0 1 0 26 5 13 20 0 32 13 17 -0.00286472 -3 1095 1096
1094 37 1 0 2 1 4 0 1 1 0 241 
1095 38 0 1 0 4 25 17 15 2 23 18 19 -0.00241305 -3 1097 1098
1096 38 1 0 4 1 4 0 1 3 0 240 
1097 39 1 0 6 1 4 0 1 5 0 232 
1098 39 0 1 0 14 31 14 16 1 33 14 15 -0.00194711 76 1099 1100
1099 40 0 1 0 16 14 16 18 16 18 12 15 -0.00145215 6 1101 1102
1100 40 1 0 9 1 4 0 0 8 1 239 
1101 41 0 1 0 6 21 12 17 8 16 14 14 -0.000971485 -2 1103 1104
1102 41 1 0 9 1 4 0 0 8 1 238 
1103 42 0 1 0 4 32 15 13 20 27 18 16 -0.0384615 -8 1105 1106
1104 42 0 1 0 24 33 14 14 24 30 17 14 -0.000492239 15 1107 1108
1105 43 1 0 2 1 4 0 1 1 0 233 
1106 43 1 0 11 1 4 0 0 11 0 234 
1107 43 1 0 1935 1 4 0 0 1935 0 235 
1108 43 0 1 0 3 15 14 16 26 27 13 19 -0.016129 -20 1109 1110
1109 44 1 0 29 1 4 0 0 29 0 236 
1110 44 1 0 2 1 4 0 1 1 0 237 
