-2147483648 -2147483648 data/trees_headpose/tree_024.txt
100 10 5000 30 30000 1 48 1 data/trees_headpose ./data/Cropped_HBO_Data_4view.txt
1 0
0 0 0 1 0 33 33 13 13 26 15 14 17 -0.975884 -16 1 2
1 1 0 1 0 11 27 19 13 11 19 18 19 -0.675911 3 3 4
2 1 0 1 0 4 23 15 15 15 8 14 12 -0.718577 -2 5 6
3 2 0 1 0 12 27 20 13 16 13 14 14 -1.45505 -9 7 8
4 2 0 1 0 3 29 15 20 9 27 17 12 -0.375813 4 9 10
5 2 0 1 0 28 24 20 12 29 30 17 17 -0.650197 -1 11 12
6 2 0 1 0 5 25 15 15 8 18 18 12 -0.563172 -1 13 14
7 3 0 1 0 32 24 15 12 27 29 15 16 -1.10465 -6 15 16
8 3 0 1 0 26 8 19 20 29 34 13 17 -1.29938 -4 17 18
9 3 0 1 0 14 26 20 12 19 4 14 20 -0.277336 15 19 20
10 3 0 1 0 27 32 14 20 29 20 20 18 -0.90737 6 21 22
11 3 0 1 0 4 24 12 14 2 32 15 12 -0.483918 -1 23 24
12 3 0 1 0 21 26 20 18 11 35 12 12 -0.606665 -35 25 26
13 3 0 1 0 17 31 15 16 7 2 20 13 -0.219204 5 27 28
14 3 0 1 0 13 17 13 18 18 9 18 13 -0.507017 -6 29 30
15 4 0 1 0 13 31 15 14 14 16 14 19 -0.886204 1 31 32
16 4 0 1 0 13 0 12 14 11 32 13 13 -0.219683 -21 33 34
17 4 0 1 0 30 23 18 14 0 6 15 12 -0.824074 38 35 36
18 4 0 1 0 6 25 20 12 3 32 15 12 -0.884333 -9 37 38
19 4 0 1 0 26 29 17 20 24 10 17 20 -1.25831 -21 39 40
20 4 0 1 0 25 21 18 18 28 28 17 12 -0.209984 1 41 42
21 4 0 1 0 3 25 14 19 0 26 14 16 -0.689931 -8 43 44
22 4 0 1 0 17 29 18 13 11 20 17 20 -0.0361956 52 45 46
23 4 0 1 0 2 1 19 15 10 10 15 20 -0.371519 -19 47 48
24 4 0 1 0 10 26 18 12 6 15 19 19 -0.517597 17 49 50
25 4 0 1 0 20 19 20 15 20 11 17 16 -0.457801 12 51 52
26 4 0 1 0 1 31 14 15 0 28 14 20 -0.491948 1 53 54
27 4 0 1 0 22 7 14 15 10 13 14 20 -0.041958 -29 55 56
28 4 0 1 0 20 2 18 16 28 24 19 19 -0.192511 10 57 58
29 4 0 1 0 8 35 12 15 20 22 14 17 -0.565921 38 59 60
30 4 0 1 0 19 8 20 17 27 31 14 15 -0.405206 4 61 62
31 5 0 1 0 21 16 18 17 21 26 19 18 -0.611394 -1 63 64
32 5 0 1 0 28 24 13 15 24 6 17 15 -0.909091 -36 65 66
33 5 0 1 0 23 1 20 13 17 23 15 15 -0 -59 67 68
34 5 1 0 7 1 4 4 2 1 0 19 
35 5 0 1 0 13 17 16 16 18 30 17 18 -0.235294 -31 69 70
36 5 0 1 0 20 18 12 20 19 1 14 19 -0.422222 106 71 72
37 5 0 1 0 21 22 13 15 21 25 20 13 -0 7 73 74
38 5 0 1 0 7 29 17 13 4 9 19 18 -0.580604 4 75 76
39 5 0 1 0 3 16 14 16 4 25 14 19 -0.115972 -60 77 78
40 5 0 1 0 11 33 13 16 29 6 17 14 -1.32908 29 79 80
41 5 0 1 0 0 33 13 16 6 28 19 17 -0.67943 -12 81 82
42 5 0 1 0 8 10 20 19 2 28 12 19 -0.0312543 43 83 84
43 5 0 1 0 10 0 14 12 3 18 20 18 -0.168831 -21 85 86
44 5 0 1 0 5 22 15 15 7 22 13 16 -0.171443 -21 87 88
45 5 0 1 0 15 4 18 12 21 11 12 20 -0 -15 89 90
46 5 1 0 4 1 4 0 0 0 4 87 
47 5 0 1 0 2 26 14 16 1 29 18 12 -0.285548 5 91 92
48 5 0 1 0 25 5 16 14 17 9 15 15 -0.559861 -16 93 94
49 5 0 1 0 0 33 12 14 31 9 12 14 -0.30566 9 95 96
50 5 0 1 0 28 6 16 16 0 16 16 13 -0.74885 -1 97 98
51 5 0 1 0 0 27 17 12 3 23 17 12 -0.187437 11 99 100
52 5 0 1 0 27 15 12 17 27 0 20 18 -0.366524 12 101 102
53 5 0 1 0 22 3 20 19 27 18 19 18 -0.385742 17 103 104
54 5 0 1 0 25 29 16 19 32 34 13 14 -0.460663 11 105 106
55 5 1 0 9 1 4 0 0 0 9 303 
56 5 0 1 0 25 18 20 15 3 21 15 16 -0.0384615 -13 107 108
57 5 0 1 0 30 15 20 16 6 15 12 20 -0.17471 2 109 110
58 5 1 0 7 1 4 0 0 1 6 346 
59 5 0 1 0 19 19 12 16 26 25 14 16 -0.310761 -19 111 112
60 5 0 1 0 19 10 20 12 13 28 17 12 -0.428393 -9 113 114
61 5 0 1 0 8 9 12 14 35 24 17 12 -0.371322 5 115 116
62 5 0 1 0 1 27 17 19 7 28 17 14 -0.169319 -4 117 118
63 6 0 1 0 7 26 15 18 6 10 18 16 -0.206349 18 119 120
64 6 0 1 0 14 17 16 17 12 29 12 14 -0.466934 13 121 122
65 6 1 0 8 1 4 8 0 0 0 13 
66 6 0 1 0 16 35 12 13 15 4 18 13 -0.457544 30 123 124
67 6 1 0 2 1 4 0 0 2 0 17 
68 6 1 0 16 1 4 0 0 0 16 18 
69 6 1 0 2 1 4 0 0 0 2 20 
70 6 0 1 0 30 7 18 16 12 4 13 14 -0.0795848 -5 125 126
71 6 0 1 0 7 7 13 19 6 14 18 17 -0.112821 2 127 128
72 6 1 0 3 1 4 3 0 0 0 28 
73 6 1 0 11 1 4 11 0 0 0 29 
74 6 1 0 3 1 4 0 0 0 3 30 
75 6 1 0 7 1 4 3 3 0 1 31 
76 6 0 1 0 22 27 17 15 4 1 20 18 -0.384397 27 129 130
77 6 1 0 4 1 4 1 3 0 0 38 
78 6 0 1 0 8 14 20 16 1 28 19 16 -0.0555556 14 131 132
79 6 0 1 0 30 14 16 13 16 0 15 14 -0.578125 56 133 134
80 6 0 1 0 25 9 12 16 27 3 17 13 -0.409091 14 135 136
81 6 0 1 0 10 8 13 14 5 4 15 19 -0.426343 -7 137 138
82 6 0 1 0 21 4 20 18 9 23 14 17 -0.925968 -19 139 140
83 6 0 1 0 26 15 15 15 26 27 18 20 -0.0301759 9 141 142
84 6 1 0 2 1 4 2 0 0 0 78 
85 6 1 0 7 1 4 6 1 0 0 79 
86 6 1 0 4 1 4 0 0 2 2 80 
87 6 1 0 2 1 4 2 0 0 0 81 
88 6 0 1 0 16 1 20 16 15 8 17 19 -0.0602273 -6 143 144
89 6 1 0 47 1 4 47 0 0 0 85 
90 6 1 0 2 1 4 0 2 0 0 86 
91 6 0 1 0 12 28 16 17 12 28 13 19 -0.175401 15 145 146
92 6 0 1 0 16 32 14 12 19 31 15 16 -1.18365 6 147 148
93 6 0 1 0 33 8 20 13 0 31 14 12 -0.0771526 -17 149 150
94 6 0 1 0 27 4 16 18 32 0 17 14 -0.397916 11 151 152
95 6 0 1 0 15 12 17 17 25 24 20 12 -0.244843 22 153 154
96 6 0 1 0 22 13 18 20 22 3 19 19 -0.145906 -1 155 156
97 6 0 1 0 25 25 12 14 31 4 14 16 -0.0588235 21 157 158
98 6 0 1 0 16 13 13 16 8 30 14 18 -0.22331 15 159 160
99 6 0 1 0 12 9 15 18 5 33 14 12 -0.0296211 27 161 162
100 6 1 0 5 1 4 3 1 0 1 180 
101 6 0 1 0 11 8 17 12 26 17 17 19 -0.0575682 8 163 164
102 6 0 1 0 21 26 15 12 22 4 20 12 -0 66 165 166
103 6 0 1 0 12 8 18 12 7 28 16 20 -0.328702 -34 167 168
104 6 0 1 0 9 26 16 12 1 13 19 20 -0.284807 17 169 170
105 6 0 1 0 16 6 15 13 11 0 18 19 -0.262007 10 171 172
106 6 0 1 0 26 12 16 15 7 4 12 16 -0.448078 72 173 174
107 6 1 0 2 1 4 0 1 1 0 304 
108 6 1 0 11 1 4 0 0 11 0 305 
109 6 0 1 0 24 0 20 12 2 1 20 16 -0.146431 35 175 176
110 6 0 1 0 7 30 16 19 24 28 17 14 -0.261132 -34 177 178
111 6 0 1 0 8 8 15 16 14 2 15 12 -0.368535 -2 179 180
112 6 0 1 0 20 28 19 19 10 23 14 19 -0.168601 -6 181 182
113 6 0 1 0 28 22 19 12 11 22 20 12 -0.18541 -21 183 184
114 6 0 1 0 7 19 16 19 24 33 12 19 -0.0666667 -41 185 186
115 6 0 1 0 11 23 13 19 16 16 17 14 -0.33667 -7 187 188
116 6 0 1 0 23 0 16 16 28 22 17 16 -0.470105 7 189 190
117 6 0 1 0 20 19 16 20 26 27 16 20 -0 2 191 192
118 6 0 1 0 8 0 20 18 18 5 20 13 -0.122024 -7 193 194
119 7 0 1 0 0 28 15 20 15 23 13 15 -0.142857 -60 195 196
120 7 1 0 4 1 4 0 0 0 4 2 
121 7 0 1 0 18 3 17 19 18 11 17 12 -0.273438 -29 197 198
122 7 0 1 0 20 20 13 17 16 10 12 13 -0.269498 61 199 200
123 7 1 0 6 1 4 2 4 0 0 14 
124 7 0 1 0 17 30 12 20 20 20 13 16 -0 9 201 202
125 7 0 1 0 21 24 19 15 29 5 19 14 -0.0294118 101 203 204
126 7 0 1 0 16 27 18 12 13 26 19 15 -0 17 205 206
127 7 0 1 0 28 20 16 18 31 18 18 14 -0 2 207 208
128 7 1 0 2 1 4 0 2 0 0 27 
129 7 1 0 4 1 4 3 0 0 1 32 
130 7 0 1 0 21 18 17 19 24 11 18 15 -0.21262 35 209 210
131 7 1 0 34 1 4 0 0 0 34 39 
132 7 1 0 2 1 4 0 1 0 1 40 
133 7 0 1 0 1 32 14 16 13 21 20 16 -0.239316 -25 211 212
134 7 1 0 6 1 4 0 0 0 6 43 
135 7 1 0 9 1 4 0 0 0 9 44 
136 7 1 0 2 1 4 1 0 0 1 45 
137 7 1 0 7 1 4 7 0 0 0 46 
138 7 0 1 0 3 13 15 20 2 25 13 15 -0.367277 24 213 214
139 7 0 1 0 2 27 15 19 6 25 18 15 -0.325587 5 215 216
140 7 0 1 0 1 28 17 17 2 3 15 16 -0 108 217 218
141 7 0 1 0 18 18 16 13 15 31 13 13 -0.191679 -10 219 220
142 7 0 1 0 10 4 15 15 10 22 20 12 -0.0121927 9 221 222
143 7 0 1 0 16 13 18 16 3 23 12 16 -0 -18 223 224
144 7 1 0 4 1 4 0 1 3 0 84 
145 7 0 1 0 27 32 14 13 20 27 19 17 -0.159035 23 225 226
146 7 0 1 0 18 8 12 19 26 8 19 13 -0.0454545 -11 227 228
147 7 0 1 0 12 6 19 17 11 21 18 17 -0.334984 -32 229 230
148 7 0 1 0 4 7 12 14 0 22 16 13 -0.0193237 16 231 232
149 7 0 1 0 24 32 13 17 13 28 14 15 -0.0294118 14 233 234
150 7 1 0 6 1 4 0 5 1 0 142 
151 7 0 1 0 15 12 17 15 4 18 16 19 -0.150124 20 235 236
152 7 1 0 7 1 4 6 0 0 1 147 
153 7 0 1 0 24 23 18 12 25 3 19 18 -0.158644 10 237 238
154 7 0 1 0 0 17 20 16 1 12 18 17 -0.0255848 -4 239 240
155 7 1 0 2 1 4 0 0 0 2 167 
156 7 0 1 0 12 26 17 19 22 25 17 17 -0.0567412 -6 241 242
157 7 1 0 4 1 4 0 0 2 2 172 
158 7 1 0 13 1 4 13 0 0 0 173 
159 7 0 1 0 28 6 16 16 0 16 16 13 -0.0108696 3 243 244
160 7 1 0 7 1 4 3 2 0 2 176 
161 7 0 1 0 15 10 19 15 27 14 17 17 -0.0153846 9 245 246
162 7 1 0 4 1 4 0 4 0 0 179 
163 7 1 0 3 1 4 0 0 0 3 181 
164 7 0 1 0 4 27 15 12 20 17 17 20 -0 30 247 248
165 7 1 0 11 1 4 0 0 0 11 184 
166 7 1 0 5 1 4 0 5 0 0 185 
167 7 0 1 0 30 29 13 16 17 25 19 20 -1.13879 -14 249 250
168 7 0 1 0 32 27 14 12 31 23 20 15 -0.258952 -8 251 252
169 7 0 1 0 3 3 20 20 8 10 17 20 -0.233333 -23 253 254
170 7 0 1 0 23 31 16 13 28 24 16 14 -0.0752688 19 255 256
171 7 0 1 0 12 3 14 13 4 7 18 14 -0.278075 2 257 258
172 7 0 1 0 19 3 19 17 30 30 12 12 -0.186316 -29 259 260
173 7 0 1 0 8 29 16 15 26 28 17 12 -0.387373 27 261 262
174 7 1 0 11 1 4 0 0 0 11 302 
175 7 0 1 0 3 14 17 17 20 5 16 12 -0.13473 3 263 264
176 7 1 0 5 1 4 0 1 1 3 339 
177 7 0 1 0 3 22 16 15 0 29 18 16 -0.118182 1 265 266
178 7 0 1 0 6 23 17 12 25 24 17 13 -0.112637 3 267 268
179 7 0 1 0 28 22 19 12 25 9 20 17 -0.0625 37 269 270
180 7 0 1 0 19 25 18 15 5 19 20 12 -0.126316 50 271 272
181 7 1 0 4 1 4 0 0 2 2 352 
182 7 0 1 0 12 17 20 17 5 25 19 18 -0.126279 -30 273 274
183 7 0 1 0 7 19 16 19 24 33 12 19 -0.0106383 -40 275 276
184 7 0 1 0 1 29 18 14 15 20 15 16 -0.243961 6 277 278
185 7 1 0 3 1 4 0 1 2 0 366 
186 7 1 0 7 1 4 7 0 0 0 367 
187 7 0 1 0 10 33 14 14 16 33 13 16 -0.753184 5 279 280
188 7 0 1 0 11 1 17 17 4 7 20 18 -0.294679 13 281 282
189 7 0 1 0 17 27 18 13 6 30 12 19 -0.375663 -19 283 284
190 7 0 1 0 0 10 16 13 9 26 20 19 -0 -64 285 286
191 7 1 0 2 1 4 0 2 0 0 537 
192 7 1 0 125 1 4 0 0 0 125 538 
193 7 1 0 8 1 4 7 1 0 0 539 
194 7 1 0 6 1 4 0 0 5 1 540 
195 8 1 0 12 1 4 0 12 0 0 0 
196 8 1 0 2 1 4 0 1 0 1 1 
197 8 1 0 8 1 4 0 1 0 7 3 
198 8 1 0 8 1 4 7 1 0 0 4 
199 8 0 1 0 0 1 15 14 25 0 20 13 -0.197419 -107 287 288
200 8 1 0 3 1 4 1 0 0 2 12 
201 8 1 0 16 1 4 0 0 0 16 15 
202 8 1 0 3 1 4 0 3 0 0 16 
203 8 1 0 15 1 4 0 15 0 0 21 
204 8 1 0 2 1 4 1 1 0 0 22 
205 8 1 0 15 1 4 15 0 0 0 23 
206 8 1 0 2 1 4 0 2 0 0 24 
207 8 1 0 2 1 4 0 0 2 0 25 
208 8 1 0 11 1 4 0 0 0 11 26 
209 8 0 1 0 13 1 18 20 0 15 19 16 -0.126012 59 289 290
210 8 1 0 2 1 4 1 1 0 0 37 
211 8 1 0 9 1 4 0 7 0 2 41 
212 8 1 0 17 1 4 17 0 0 0 42 
213 8 0 1 0 11 5 20 14 8 20 14 12 -0.293624 30 291 292
214 8 0 1 0 3 19 20 18 0 27 17 18 -0.614286 7 293 294
215 8 0 1 0 24 15 20 17 24 28 16 18 -0.0217391 -9 295 296
216 8 1 0 6 1 4 3 1 2 0 64 
217 8 1 0 18 1 4 18 0 0 0 65 
218 8 1 0 2 1 4 0 0 0 2 66 
219 8 0 1 0 8 24 19 18 7 24 14 18 -0.0047619 1 297 298
220 8 0 1 0 14 2 19 19 4 10 19 16 -0.102496 3 299 300
221 8 0 1 0 22 2 14 17 16 33 12 13 -0.0103991 -11 301 302
222 8 1 0 2 1 4 0 1 0 1 77 
223 8 1 0 2 1 4 0 0 2 0 82 
224 8 1 0 38 1 4 0 0 0 38 83 
225 8 0 1 0 11 33 12 18 18 33 13 13 -0.138052 13 303 304
226 8 0 1 0 27 8 19 16 27 14 19 20 -0.301985 7 305 306
227 8 1 0 2 1 4 0 1 1 0 130 
228 8 1 0 9 1 4 0 0 0 9 131 
229 8 0 1 0 20 0 14 14 4 0 14 17 -0.0555556 7 307 308
230 8 0 1 0 0 4 20 13 31 28 14 15 -0.0806595 -132 309 310
231 8 1 0 37 1 4 0 0 0 37 138 
232 8 1 0 9 1 4 8 1 0 0 139 
233 8 1 0 15 1 4 15 0 0 0 140 
234 8 1 0 2 1 4 1 1 0 0 141 
235 8 0 1 0 17 5 17 13 7 15 20 20 -0.0348384 -5 311 312
236 8 1 0 10 1 4 0 0 0 10 146 
237 8 0 1 0 33 20 16 13 14 12 18 18 -0.157241 -29 313 314
238 8 0 1 0 16 10 16 13 14 11 18 19 -0.121407 -13 315 316
239 8 0 1 0 15 17 14 18 23 9 20 18 -0.0138889 75 317 318
240 8 1 0 2 1 4 0 0 0 2 166 
241 8 1 0 10 1 4 0 10 0 0 168 
242 8 0 1 0 29 29 16 16 26 30 13 16 -0.0373775 -17 319 320
243 8 1 0 2 1 4 0 0 1 1 174 
244 8 1 0 44 1 4 0 0 0 44 175 
245 8 1 0 2 1 4 0 1 0 1 177 
246 8 1 0 128 1 4 0 0 0 128 178 
247 8 1 0 58 1 4 0 58 0 0 182 
248 8 1 0 4 1 4 4 0 0 0 183 
249 8 0 1 0 3 8 17 19 23 1 20 20 -0.396415 -8 321 322
250 8 0 1 0 35 17 15 12 27 4 19 17 -0.2 60 323 324
251 8 0 1 0 4 33 12 12 20 35 12 20 -0 -106 325 326
252 8 0 1 0 25 13 14 17 25 22 14 20 -0.247488 9 327 328
253 8 1 0 8 1 4 0 7 0 1 261 
254 8 1 0 7 1 4 7 0 0 0 262 
255 8 1 0 3 1 4 1 1 0 1 263 
256 8 1 0 59 1 4 0 0 0 59 264 
257 8 0 1 0 7 27 20 18 1 11 16 13 -0 13 329 330
258 8 1 0 6 1 4 1 4 1 0 267 
259 8 0 1 0 10 29 17 16 18 34 12 14 -0.353125 4 331 332
260 8 0 1 0 15 22 19 17 9 18 20 20 -0.0416985 -1 333 334
261 8 0 1 0 14 22 14 13 15 28 18 18 -0.319222 -20 335 336
262 8 1 0 6 1 4 0 1 0 5 301 
263 8 0 1 0 22 31 16 16 25 25 20 17 -0 28 337 338
264 8 0 1 0 3 7 20 12 12 0 20 14 -0.124654 -17 339 340
265 8 1 0 3 1 4 0 1 1 1 340 
266 8 0 1 0 16 8 18 16 20 10 14 20 -0.0227273 -29 341 342
267 8 0 1 0 23 21 12 19 6 23 16 14 -0.0288462 16 343 344
268 8 1 0 2 1 4 1 1 0 0 345 
269 8 1 0 6 1 4 6 0 0 0 347 
270 8 1 0 8 1 4 0 7 1 0 348 
271 8 0 1 0 20 24 16 16 17 9 20 12 -0 32 345 346
272 8 1 0 4 1 4 0 0 0 4 351 
273 8 1 0 2 1 4 0 0 1 1 353 
274 8 0 1 0 9 8 19 14 15 14 18 14 -0.0962604 -11 347 348
275 8 1 0 2 1 4 0 0 1 1 361 
276 8 1 0 45 1 4 0 0 0 45 362 
277 8 1 0 5 1 4 0 0 0 5 363 
278 8 0 1 0 14 11 17 13 12 5 14 15 -0.0416667 1 349 350
279 8 0 1 0 24 30 17 12 16 17 12 17 -0.347972 17 351 352
280 8 0 1 0 19 5 16 14 3 21 18 14 -0.1 -2 353 354
281 8 0 1 0 29 34 12 14 28 29 16 17 -0.269232 -3 355 356
282 8 0 1 0 23 20 19 14 23 25 20 20 -0.422409 -10 357 358
283 8 0 1 0 17 12 17 15 26 4 18 15 -0.123529 17 359 360
284 8 0 1 0 10 26 16 16 9 13 20 20 -0.294014 26 361 362
285 8 1 0 8 1 4 0 0 0 8 535 
286 8 1 0 6 1 4 0 0 6 0 536 
287 9 1 0 3 1 4 0 2 0 1 5 
288 9 0 1 0 13 35 12 16 21 26 18 15 -0.148024 31 363 364
289 9 0 1 0 5 34 13 19 6 24 19 16 -0.0500452 -15 365 366
290 9 1 0 4 1 4 0 3 0 1 36 
291 9 0 1 0 24 17 15 15 24 6 14 18 -0.24697 94 367 368
292 9 1 0 7 1 4 0 6 0 1 59 
293 9 1 0 7 1 4 4 3 0 0 60 
294 9 1 0 8 1 4 0 3 0 5 61 
295 9 1 0 2 1 4 0 1 1 0 62 
296 9 1 0 21 1 4 0 0 0 21 63 
297 9 1 0 2 1 4 0 1 1 0 67 
298 9 1 0 103 1 4 0 0 0 103 68 
299 9 0 1 0 19 18 14 20 20 13 14 17 -0.0454545 -3 369 370
300 9 1 0 6 1 4 1 5 0 0 71 
301 9 0 1 0 3 33 13 12 15 23 18 15 -0.00555247 85 371 372
302 9 1 0 8 1 4 1 0 0 7 76 
303 9 0 1 0 21 21 16 14 10 28 15 12 -0.117038 111 373 374
304 9 0 1 0 25 27 17 20 23 16 13 19 -0.122024 -5 375 376
305 9 0 1 0 15 8 14 17 26 31 16 18 -0.114943 -38 377 378
306 9 1 0 4 1 4 0 0 2 2 129 
307 9 1 0 3 1 4 1 2 0 0 132 
308 9 1 0 9 1 4 0 0 0 9 133 
309 9 1 0 4 1 4 0 3 1 0 134 
310 9 0 1 0 17 8 15 13 21 27 20 12 -0.0191993 -48 379 380
311 9 1 0 6 1 4 1 5 0 0 143 
312 9 0 1 0 25 18 12 16 30 22 20 16 -0.0108696 6 381 382
313 9 1 0 4 1 4 0 0 0 4 148 
314 9 0 1 0 10 28 19 15 0 23 20 17 -0 17 383 384
315 9 1 0 2 1 4 0 0 0 2 151 
316 9 0 1 0 25 33 13 12 7 33 14 20 -0.102483 40 385 386
317 9 1 0 34 1 4 34 0 0 0 164 
318 9 1 0 2 1 4 1 1 0 0 165 
319 9 1 0 4 1 4 1 3 0 0 169 
320 9 0 1 0 8 24 17 13 16 7 14 20 -0.0147059 57 387 388
321 9 0 1 0 24 27 19 18 23 28 14 19 -0 -2 389 390
322 9 0 1 0 16 28 14 17 13 6 20 19 -0.148148 60 391 392
323 9 0 1 0 20 10 18 19 26 13 20 15 -0 0 393 394
324 9 1 0 4 1 4 0 0 0 4 193 
325 9 1 0 6 1 4 0 6 0 0 194 
326 9 1 0 24 1 4 24 0 0 0 195 
327 9 0 1 0 15 0 14 17 25 22 15 19 -0.188217 35 395 396
328 9 0 1 0 21 16 17 12 21 27 20 13 -1.02586 4 397 398
329 9 1 0 6 1 4 0 0 6 0 265 
330 9 1 0 5 1 4 0 0 0 5 266 
331 9 0 1 0 1 4 17 17 2 26 18 19 -0.23932 -34 399 400
332 9 1 0 3 1 4 0 0 0 3 278 
333 9 1 0 5 1 4 2 0 2 1 279 
334 9 0 1 0 16 27 12 19 8 35 12 19 -0.0119017 31 401 402
335 9 0 1 0 3 1 17 14 9 11 16 15 -0.149426 -4 403 404
336 9 0 1 0 14 21 13 20 15 22 19 18 -0.355695 3 405 406
337 9 1 0 12 1 4 12 0 0 0 306 
338 9 1 0 4 1 4 0 4 0 0 307 
339 9 1 0 2 1 4 0 0 0 2 308 
340 9 0 1 0 25 18 12 12 23 17 14 16 -0.115732 16 407 408
341 9 1 0 2 1 4 1 1 0 0 341 
342 9 1 0 20 1 4 0 20 0 0 342 
343 9 1 0 22 1 4 0 0 22 0 343 
344 9 1 0 4 1 4 0 0 1 3 344 
345 9 1 0 12 1 4 0 0 12 0 349 
346 9 1 0 3 1 4 0 3 0 0 350 
347 9 0 1 0 32 34 13 14 16 28 12 20 -0.0596484 -33 409 410
348 9 1 0 4 1 4 1 0 3 0 360 
349 9 1 0 14 1 4 0 0 14 0 364 
350 9 1 0 4 1 4 1 3 0 0 365 
351 9 0 1 0 27 7 13 15 10 30 16 17 -0.0444444 -109 411 412
352 9 0 1 0 32 28 13 15 9 14 13 19 -0.256854 48 413 414
353 9 1 0 9 1 4 0 3 6 0 373 
354 9 1 0 11 1 4 0 0 0 11 374 
355 9 0 1 0 27 19 17 12 1 25 19 16 -0.212896 10 415 416
356 9 0 1 0 2 24 12 20 4 28 18 15 -0.255345 10 417 418
357 9 0 1 0 1 33 14 16 8 10 13 12 -0.107143 47 419 420
358 9 0 1 0 3 21 13 17 32 27 13 15 -0.210345 -4 421 422
359 9 0 1 0 11 10 19 12 2 4 17 18 -0 1 423 424
360 9 1 0 3 1 4 0 0 0 3 521 
361 9 0 1 0 3 1 12 15 18 25 20 20 -0.252599 -13 425 426
362 9 0 1 0 19 11 13 15 20 20 15 18 -0.127494 9 427 428
363 10 0 1 0 27 28 13 19 27 16 18 16 -0.0619306 -2 429 430
364 10 1 0 5 1 4 3 0 0 2 11 
365 10 1 0 2 1 4 0 1 1 0 33 
366 10 0 1 0 23 26 19 20 29 27 17 12 -0.0229885 -5 431 432
367 10 0 1 0 15 11 15 20 0 20 12 15 -0.214563 -9 433 434
368 10 1 0 3 1 4 2 1 0 0 58 
369 10 1 0 2 1 4 0 0 1 1 69 
370 10 1 0 9 1 4 0 0 0 9 70 
371 10 0 1 0 9 26 20 12 8 25 20 17 -0.00512295 -8 435 436
372 10 1 0 2 1 4 0 0 1 1 75 
373 10 0 1 0 14 10 13 16 10 26 20 19 -0.105801 -58 437 438
374 10 1 0 3 1 4 0 0 0 3 123 
375 10 1 0 8 1 4 0 0 1 7 124 
376 10 1 0 6 1 4 5 1 0 0 125 
377 10 0 1 0 26 6 12 20 23 27 15 19 -0 -50 439 440
378 10 1 0 5 1 4 5 0 0 0 128 
379 10 1 0 3 1 4 0 3 0 0 135 
380 10 0 1 0 26 30 15 16 13 27 17 20 -0.0104167 19 441 442
381 10 1 0 44 1 4 0 0 44 0 144 
382 10 1 0 2 1 4 0 0 1 1 145 
383 10 1 0 19 1 4 0 0 19 0 149 
384 10 1 0 6 1 4 0 6 0 0 150 
385 10 0 1 0 32 24 20 13 31 6 12 15 -0.209797 9 443 444
386 10 0 1 0 10 4 17 16 3 28 18 15 -0.0306495 1 445 446
387 10 1 0 64 1 4 64 0 0 0 170 
388 10 1 0 4 1 4 2 2 0 0 171 
389 10 1 0 2 1 4 0 2 0 0 186 
390 10 1 0 36 1 4 0 0 0 36 187 
391 10 1 0 3 1 4 0 0 0 3 188 
392 10 0 1 0 9 29 18 17 16 18 13 20 -0 -6 447 448
393 10 1 0 8 1 4 0 8 0 0 191 
394 10 1 0 12 1 4 12 0 0 0 192 
395 10 0 1 0 23 30 13 15 4 27 15 16 -0.177289 -2 449 450
396 10 1 0 9 1 4 0 3 0 6 252 
397 10 0 1 0 28 31 14 13 21 17 16 17 -0.515528 4 451 452
398 10 0 1 0 28 12 14 13 24 5 12 12 -0.415385 -12 453 454
399 10 0 1 0 30 32 15 17 26 26 15 12 -0.144791 -16 455 456
400 10 0 1 0 0 22 19 18 4 13 18 14 -0.0963439 10 457 458
401 10 0 1 0 13 27 20 14 13 26 16 16 -0.0053098 12 459 460
402 10 1 0 3 1 4 0 3 0 0 283 
403 10 0 1 0 17 2 17 20 16 3 15 13 -0.122072 5 461 462
404 10 1 0 5 1 4 0 0 4 1 290 
405 10 0 1 0 2 3 15 19 4 28 15 14 -0.26635 -1 463 464
406 10 1 0 2 1 4 0 0 0 2 300 
407 10 0 1 0 12 13 17 14 12 4 16 19 -0.10859 0 465 466
408 10 1 0 2 1 4 0 0 0 2 338 
409 10 1 0 6 1 4 1 4 0 1 354 
410 10 0 1 0 20 11 17 12 3 29 13 19 -0.0255765 -21 467 468
411 10 1 0 2 1 4 0 1 0 1 368 
412 10 1 0 43 1 4 43 0 0 0 369 
413 10 0 1 0 4 2 15 13 21 5 14 17 -0.0808081 -21 469 470
414 10 1 0 7 1 4 0 0 4 3 372 
415 10 0 1 0 21 19 14 12 30 26 12 13 -0.208797 8 471 472
416 10 0 1 0 1 23 15 13 25 14 14 18 -0.0259155 5 473 474
417 10 0 1 0 28 22 13 14 28 15 15 15 -0.236602 -5 475 476
418 10 0 1 0 27 21 18 18 7 20 19 20 -0.219261 -1 477 478
419 10 1 0 2 1 4 0 0 0 2 513 
420 10 0 1 0 8 8 14 15 11 9 14 14 -0 -20 479 480
421 10 0 1 0 25 7 14 13 23 8 20 17 -0 -24 481 482
422 10 1 0 6 1 4 1 2 2 1 518 
423 10 1 0 14 1 4 0 0 14 0 519 
424 10 1 0 3 1 4 0 3 0 0 520 
425 10 0 1 0 26 29 14 14 13 6 17 12 -0.170591 34 483 484
426 10 1 0 4 1 4 0 0 4 0 527 
427 10 0 1 0 24 17 18 15 33 28 19 14 -0.0920062 -26 485 486
428 10 1 0 4 1 4 0 0 1 3 534 
429 11 0 1 0 29 11 15 14 32 28 16 12 -0.0225229 2 487 488
430 11 1 0 2 1 4 1 0 0 1 10 
431 11 1 0 2 1 4 0 1 0 1 34 
432 11 1 0 85 1 4 0 0 0 85 35 
433 11 1 0 4 1 4 1 2 1 0 47 
434 11 0 1 0 16 18 17 13 12 30 15 12 -0.177574 6 489 490
435 11 0 1 0 0 25 13 20 2 25 12 15 -0.125 1 491 492
436 11 1 0 1672 1 4 0 0 0 1672 74 
437 11 1 0 5 1 4 0 0 3 2 88 
438 11 0 1 0 8 3 14 17 7 0 13 15 -0.0989372 1 493 494
439 11 1 0 20 1 4 0 20 0 0 126 
440 11 1 0 4 1 4 0 0 4 0 127 
441 11 1 0 46 1 4 46 0 0 0 136 
442 11 1 0 2 1 4 1 1 0 0 137 
443 11 0 1 0 26 1 16 20 22 9 12 15 -0.030303 -19 495 496
444 11 0 1 0 8 33 14 20 18 7 12 16 -0.0467532 35 497 498
445 11 1 0 2 1 4 0 0 1 1 157 
446 11 0 1 0 4 6 16 16 5 0 14 12 -0.0227906 -7 499 500
447 11 1 0 4 1 4 4 0 0 0 189 
448 11 1 0 14 1 4 0 14 0 0 190 
449 11 1 0 3 1 4 0 0 0 3 196 
450 11 0 1 0 23 22 16 19 26 33 14 14 -0.172267 15 501 502
451 11 1 0 19 1 4 0 0 0 19 253 
452 11 0 1 0 12 30 17 13 6 14 13 19 -0.49097 26 503 504
453 11 1 0 6 1 4 0 3 0 3 258 
454 11 0 1 0 15 32 14 13 16 25 20 20 -0 -15 505 506
455 11 0 1 0 9 3 13 15 22 19 13 15 -0.0454545 -96 507 508
456 11 0 1 0 11 11 20 20 15 27 14 14 -0.0971055 -52 509 510
457 11 0 1 0 30 31 15 12 26 10 17 15 -0.0221591 22 511 512
458 11 1 0 2 1 4 0 0 0 2 277 
459 11 0 1 0 10 7 13 15 3 8 19 20 -0.00153846 -9 513 514
460 11 1 0 4 1 4 1 3 0 0 282 
461 11 0 1 0 9 8 15 16 20 23 16 17 -0.0550551 -92 515 516
462 11 1 0 7 1 4 5 2 0 0 289 
463 11 0 1 0 10 30 17 20 32 31 16 13 -0.188776 53 517 518
464 11 0 1 0 19 22 12 18 7 32 15 15 -0.0952381 -6 519 520
465 11 1 0 4 1 4 0 0 3 1 309 
466 11 0 1 0 0 30 14 17 0 35 12 15 -0.10183 -9 521 522
467 11 1 0 5 1 4 0 5 0 0 355 
468 11 0 1 0 11 9 18 20 8 25 12 16 -0.0178667 -45 523 524
469 11 1 0 2 1 4 0 0 2 0 370 
470 11 1 0 9 1 4 1 8 0 0 371 
471 11 0 1 0 8 28 19 16 31 11 19 12 -0.0282353 82 525 526
472 11 1 0 3 1 4 2 1 0 0 378 
473 11 0 1 0 26 27 20 12 24 25 12 20 -0.0201207 14 527 528
474 11 1 0 4 1 4 0 0 4 0 381 
475 11 0 1 0 21 23 14 14 18 23 18 15 -0.173072 2 529 530
476 11 0 1 0 26 34 12 13 6 22 19 17 -0.215427 133 531 532
477 11 0 1 0 31 5 14 12 2 5 18 13 -0.141561 16 533 534
478 11 0 1 0 6 23 15 17 13 31 16 17 -0.0572917 -28 535 536
479 11 1 0 2 1 4 0 2 0 0 514 
480 11 1 0 12 1 4 0 0 12 0 515 
481 11 1 0 2 1 4 0 2 0 0 516 
482 11 1 0 27 1 4 27 0 0 0 517 
483 11 0 1 0 19 32 15 17 6 27 20 20 -0.0701357 14 537 538
484 11 0 1 0 12 26 16 15 27 18 18 13 -0.1375 70 539 540
485 11 1 0 4 1 4 0 0 4 0 528 
486 11 0 1 0 22 20 16 19 24 25 16 18 -0.0660194 2 541 542
487 12 1 0 4 1 4 1 3 0 0 6 
488 12 0 1 0 20 20 15 13 13 27 13 20 -0.0103769 5 543 544
489 12 0 1 0 33 12 12 12 25 26 14 19 -0.136805 -88 545 546
490 12 1 0 6 1 4 3 0 1 2 57 
491 12 1 0 2 1 4 1 0 0 1 72 
492 12 1 0 34 1 4 0 0 0 34 73 
493 12 0 1 0 30 18 20 17 9 25 19 18 -0.128846 -21 547 548
494 12 0 1 0 19 19 20 15 30 2 15 13 -0.0845591 150 549 550
495 12 1 0 3 1 4 0 0 2 1 152 
496 12 1 0 19 1 4 0 19 0 0 153 
497 12 1 0 24 1 4 24 0 0 0 154 
498 12 0 1 0 14 5 12 16 22 29 13 15 -0 -95 551 552
499 12 1 0 2 1 4 2 0 0 0 158 
500 12 0 1 0 27 17 14 18 32 15 18 12 -0.0194949 -6 553 554
501 12 0 1 0 7 27 18 20 16 32 13 19 -0.163591 -5 555 556
502 12 1 0 4 1 4 0 1 0 3 251 
503 12 0 1 0 5 14 15 17 2 27 19 19 -0 -8 557 558
504 12 0 1 0 29 32 14 12 24 13 15 12 -0 -2 559 560
505 12 1 0 8 1 4 0 8 0 0 259 
506 12 1 0 12 1 4 12 0 0 0 260 
507 12 1 0 2 1 4 1 1 0 0 268 
508 12 1 0 9 1 4 0 9 0 0 269 
509 12 1 0 5 1 4 1 3 1 0 270 
510 12 0 1 0 4 24 16 19 0 29 15 16 -0.0425747 -19 561 562
511 12 1 0 4 1 4 4 0 0 0 274 
512 12 0 1 0 17 21 20 13 3 1 18 18 -0.0125 24 563 564
513 12 1 0 2 1 4 1 1 0 0 280 
514 12 1 0 323 1 4 323 0 0 0 281 
515 12 1 0 2 1 4 0 0 0 2 284 
516 12 0 1 0 19 22 13 12 24 26 15 12 -0.0394146 11 565 566
517 12 0 1 0 21 26 17 17 21 0 14 19 -0.0332056 109 567 568
518 12 0 1 0 30 17 17 14 14 7 20 14 -0.183333 -93 569 570
519 12 1 0 2 1 4 0 1 0 1 298 
520 12 1 0 19 1 4 0 19 0 0 299 
521 12 0 1 0 30 28 15 14 23 23 16 14 -0.248196 -2 571 572
522 12 0 1 0 17 10 17 14 18 27 13 19 -0.0620389 12 573 574
523 12 1 0 4 1 4 2 1 1 0 356 
524 12 0 1 0 23 3 14 16 24 20 17 15 -0.00573233 -77 575 576
525 12 0 1 0 8 24 17 13 11 8 17 19 -0.02 4 577 578
526 12 1 0 9 1 4 0 0 0 9 377 
527 12 1 0 64 1 4 0 0 0 64 379 
528 12 1 0 7 1 4 0 0 2 5 380 
529 12 0 1 0 8 21 17 15 0 32 13 13 -0.0691262 -10 579 580
530 12 1 0 5 1 4 5 0 0 0 385 
531 12 0 1 0 23 12 17 14 17 17 18 20 -0.207474 9 581 582
532 12 0 1 0 10 17 15 19 33 1 12 14 -0.0119048 -13 583 584
533 12 0 1 0 15 34 12 13 19 7 18 12 -0.0883375 16 585 586
534 12 1 0 2 1 4 0 0 1 1 509 
535 12 1 0 4 1 4 0 0 0 4 510 
536 12 0 1 0 23 17 19 19 8 22 19 18 -0.0416667 16 587 588
537 12 0 1 0 32 32 15 12 11 9 14 20 -0.0220588 -13 589 590
538 12 1 0 5 1 4 0 5 0 0 524 
539 12 1 0 8 1 4 0 7 1 0 525 
540 12 1 0 2 1 4 1 1 0 0 526 
541 12 0 1 0 12 33 13 16 18 5 17 18 -0.019983 58 591 592
542 12 1 0 5 1 4 0 2 2 1 533 
543 13 1 0 3 1 4 1 2 0 0 7 
544 13 0 1 0 22 15 19 16 24 23 13 14 -0.00318471 -4 593 594
545 13 1 0 2 1 4 0 2 0 0 48 
546 13 0 1 0 24 29 18 13 30 27 20 13 -0.122133 11 595 596
547 13 1 0 5 1 4 0 0 1 4 89 
548 13 1 0 8 1 4 7 1 0 0 90 
549 13 0 1 0 23 33 13 15 16 29 17 18 -0.0794062 25 597 598
550 13 1 0 5 1 4 1 0 4 0 122 
551 13 1 0 2 1 4 2 0 0 0 155 
552 13 1 0 9 1 4 0 9 0 0 156 
553 13 1 0 9 1 4 0 6 3 0 159 
554 13 0 1 0 4 8 18 20 4 16 16 18 -0.0107644 33 599 600
555 13 0 1 0 33 12 12 13 34 12 19 13 -0.157087 10 601 602
556 13 0 1 0 24 31 13 17 2 23 16 12 -0.0294118 7 603 604
557 13 1 0 2 1 4 2 0 0 0 254 
558 13 1 0 11 1 4 0 11 0 0 255 
559 13 1 0 4 1 4 0 4 0 0 256 
560 13 1 0 6 1 4 0 0 0 6 257 
561 13 1 0 4 1 4 1 3 0 0 271 
562 13 0 1 0 4 6 14 18 7 14 15 17 -0 -3 605 606
563 13 1 0 2 1 4 1 1 0 0 275 
564 13 1 0 38 1 4 0 38 0 0 276 
565 13 0 1 0 30 13 19 17 28 6 17 16 -0.0134824 -9 607 608
566 13 1 0 2 1 4 0 1 0 1 288 
567 13 0 1 0 15 21 17 14 23 25 20 16 -0.0123457 -11 609 610
568 13 1 0 4 1 4 0 4 0 0 293 
569 13 1 0 7 1 4 7 0 0 0 294 
570 13 0 1 0 19 2 15 20 13 18 19 13 -0.147222 -48 611 612
571 13 0 1 0 1 23 15 18 6 27 12 12 -0.115226 7 613 614
572 13 0 1 0 0 25 19 19 8 8 20 20 -0.0724276 21 615 616
573 13 0 1 0 12 0 15 18 30 6 13 12 -0.0548221 -19 617 618
574 13 1 0 3 1 4 0 0 1 2 337 
575 13 1 0 2 1 4 1 1 0 0 357 
576 13 0 1 0 25 29 13 12 20 21 13 15 -0.0019305 31 619 620
577 13 1 0 2 1 4 0 0 1 1 375 
578 13 1 0 23 1 4 0 0 23 0 376 
579 13 1 0 9 1 4 1 0 7 1 382 
580 13 0 1 0 17 27 15 16 1 5 19 15 -0.00657895 12 621 622
581 13 0 1 0 23 9 20 17 3 33 12 14 -0.194911 15 623 624
582 13 0 1 0 15 26 20 19 10 30 16 19 -0.271053 1 625 626
583 13 1 0 2 1 4 0 1 1 0 502 
584 13 1 0 40 1 4 0 40 0 0 503 
585 13 1 0 3 1 4 3 0 0 0 504 
586 13 0 1 0 8 26 14 19 32 24 14 12 -0.0451613 19 627 628
587 13 1 0 10 1 4 0 0 10 0 511 
588 13 1 0 2 1 4 0 1 1 0 512 
589 13 1 0 4 1 4 1 3 0 0 522 
590 13 1 0 30 1 4 30 0 0 0 523 
591 13 1 0 2 1 4 2 0 0 0 529 
592 13 0 1 0 17 2 14 17 18 1 19 16 -0.0155142 4 629 630
593 14 1 0 2 1 4 1 1 0 0 8 
594 14 1 0 155 1 4 155 0 0 0 9 
595 14 1 0 5 1 4 2 0 0 3 49 
596 14 0 1 0 7 18 13 19 2 35 12 12 -0.0825937 -76 631 632
597 14 0 1 0 15 7 20 19 21 23 20 19 -0.0737591 -51 633 634
598 14 0 1 0 0 7 16 16 16 0 16 18 -0.0572917 -52 635 636
599 14 0 1 0 21 9 15 14 28 31 15 14 -0.00514275 0 637 638
600 14 1 0 5 1 4 2 3 0 0 163 
601 14 0 1 0 20 29 16 14 9 28 15 15 -0.145177 2 639 640
602 14 0 1 0 6 15 19 19 8 23 16 17 -0.0673077 -9 641 642
603 14 1 0 2 1 4 0 1 1 0 249 
604 14 1 0 15 1 4 15 0 0 0 250 
605 14 1 0 57 1 4 57 0 0 0 272 
606 14 1 0 2 1 4 0 2 0 0 273 
607 14 1 0 3 1 4 2 1 0 0 285 
608 14 0 1 0 18 8 20 20 20 9 12 18 -0.00666667 -6 643 644
609 14 1 0 3 1 4 1 2 0 0 291 
610 14 1 0 51 1 4 51 0 0 0 292 
611 14 0 1 0 19 19 20 18 6 13 19 19 -0.0277778 50 645 646
612 14 1 0 2 1 4 0 1 0 1 297 
613 14 0 1 0 29 9 20 12 21 23 19 20 -0.037037 -17 647 648
614 14 1 0 9 1 4 7 2 0 0 314 
615 14 0 1 0 7 32 14 19 12 15 16 12 -0.0192308 11 649 650
616 14 1 0 7 1 4 0 5 2 0 317 
617 14 1 0 9 1 4 7 2 0 0 318 
618 14 0 1 0 28 5 15 18 28 7 14 17 -0.0495473 4 651 652
619 14 1 0 257 1 4 257 0 0 0 358 
620 14 1 0 2 1 4 1 1 0 0 359 
621 14 1 0 2 1 4 0 0 1 1 383 
622 14 1 0 74 1 4 0 0 0 74 384 
623 14 0 1 0 0 32 13 15 4 15 14 20 -0.186209 3 653 654
624 14 0 1 0 8 9 18 19 15 23 20 15 -0.151042 -31 655 656
625 14 0 1 0 31 20 13 12 24 5 15 12 -0.0333333 24 657 658
626 14 1 0 4 1 4 0 0 3 1 501 
627 14 1 0 5 1 4 0 1 4 0 505 
628 14 0 1 0 4 16 17 15 33 3 15 13 -0.0259968 133 659 660
629 14 0 1 0 13 30 17 14 11 17 17 15 -0.0070922 18 661 662
630 14 1 0 2 1 4 0 1 1 0 532 
631 15 1 0 5 1 4 2 0 0 3 50 
632 15 0 1 0 21 11 19 14 12 28 19 12 -0.0478793 28 663 664
633 15 0 1 0 5 6 14 13 3 5 17 18 -0.123077 0 665 666
634 15 0 1 0 30 22 13 14 34 26 20 13 -0.0679135 -4 667 668
635 15 1 0 4 1 4 4 0 0 0 119 
636 15 0 1 0 12 19 14 17 6 17 13 14 -0.0416667 19 669 670
637 15 0 1 0 33 24 15 13 31 23 20 14 -0.00302768 1 671 672
638 15 1 0 2 1 4 1 1 0 0 162 
639 15 1 0 5 1 4 1 0 0 4 197 
640 15 0 1 0 21 27 15 17 18 24 13 20 -0.135912 -1 673 674
641 15 1 0 5 1 4 0 0 0 5 247 
642 15 1 0 8 1 4 0 7 1 0 248 
643 15 1 0 5 1 4 1 4 0 0 286 
644 15 1 0 115 1 4 0 115 0 0 287 
645 15 1 0 16 1 4 0 16 0 0 295 
646 15 1 0 2 1 4 1 1 0 0 296 
647 15 0 1 0 9 30 14 15 4 2 17 14 -0.0295833 121 675 676
648 15 1 0 4 1 4 0 0 4 0 313 
649 15 1 0 24 1 4 24 0 0 0 315 
650 15 1 0 2 1 4 1 1 0 0 316 
651 15 0 1 0 24 13 15 12 18 17 15 20 -0.0459894 5 677 678
652 15 1 0 3 1 4 0 0 3 0 336 
653 15 0 1 0 25 3 16 16 27 0 20 13 -0.569669 10 679 680
654 15 0 1 0 3 34 12 12 13 31 15 13 -0.145306 -37 681 682
655 15 0 1 0 5 22 12 14 25 32 15 15 -0.0472973 -138 683 684
656 15 1 0 8 1 4 0 2 5 1 498 
657 15 1 0 13 1 4 13 0 0 0 499 
658 15 1 0 2 1 4 0 1 1 0 500 
659 15 0 1 0 14 6 18 19 16 26 16 13 -0.00909091 -124 685 686
660 15 1 0 2 1 4 0 1 1 0 508 
661 15 1 0 3 1 4 0 2 1 0 530 
662 15 1 0 91 1 4 0 91 0 0 531 
663 16 0 1 0 9 27 14 18 13 19 14 19 -0.0328948 -16 687 688
664 16 1 0 2 1 4 1 0 0 1 56 
665 16 0 1 0 18 27 20 14 17 22 20 15 -0 7 689 690
666 16 1 0 3 1 4 3 0 0 0 93 
667 16 0 1 0 31 10 19 13 26 15 13 20 -0.0531382 8 691 692
668 16 0 1 0 10 8 12 15 8 18 13 12 -0.235714 7 693 694
669 16 1 0 2 1 4 0 1 1 0 120 
670 16 1 0 10 1 4 0 10 0 0 121 
671 16 1 0 281 1 4 0 281 0 0 160 
672 16 1 0 8 1 4 1 7 0 0 161 
673 16 0 1 0 24 22 16 13 20 14 15 15 -0.105316 -7 695 696
674 16 0 1 0 24 3 19 20 27 22 18 18 -0.127711 -4 697 698
675 16 0 1 0 8 8 17 15 11 26 16 20 -0.0104167 -4 699 700
676 16 1 0 2 1 4 0 1 1 0 312 
677 16 0 1 0 24 13 17 18 7 28 19 18 -0.0436422 -134 701 702
678 16 1 0 3 1 4 3 0 0 0 335 
679 16 0 1 0 26 17 12 14 19 16 14 20 -0.491295 6 703 704
680 16 0 1 0 1 1 13 20 13 24 13 17 -0.0533333 -66 705 706
681 16 0 1 0 25 19 16 16 25 25 12 20 -0.263137 -1 707 708
682 16 0 1 0 21 15 18 17 28 26 15 18 -0.107316 13 709 710
683 16 1 0 3 1 4 0 0 3 0 495 
684 16 0 1 0 6 7 20 13 6 6 12 15 -0.027027 0 711 712
685 16 1 0 2 1 4 1 1 0 0 506 
686 16 1 0 53 1 4 0 53 0 0 507 
687 17 1 0 2 1 4 0 1 0 1 51 
688 17 0 1 0 20 28 19 19 21 28 15 14 -0.0252456 -26 713 714
689 17 1 0 2 1 4 0 0 2 0 91 
690 17 1 0 8 1 4 0 8 0 0 92 
691 17 0 1 0 22 31 16 12 18 28 14 19 -0.0498487 34 715 716
692 17 1 0 2 1 4 0 0 2 0 115 
693 17 1 0 5 1 4 0 1 0 4 116 
694 17 0 1 0 5 6 17 17 11 27 14 15 -0 -7 717 718
695 17 0 1 0 14 22 18 13 27 18 12 19 -0.0333333 34 719 720
696 17 0 1 0 2 32 15 12 5 4 18 20 -0.0367893 -3 721 722
697 17 0 1 0 23 27 15 12 19 19 20 20 -0.101671 -8 723 724
698 17 0 1 0 20 22 19 18 20 12 16 17 -0.533543 0 725 726
699 17 1 0 46 1 4 0 46 0 0 310 
700 17 1 0 2 1 4 1 1 0 0 311 
701 17 1 0 2 1 4 2 0 0 0 319 
702 17 0 1 0 16 30 15 14 8 6 15 15 -0.0398134 7 727 728
703 17 0 1 0 13 5 14 19 30 0 20 13 -0.437008 -31 729 730
704 17 0 1 0 13 22 19 19 22 14 17 13 -0 28 731 732
705 17 1 0 5 1 4 0 1 4 0 404 
706 17 1 0 10 1 4 10 0 0 0 405 
707 17 0 1 0 26 10 14 13 29 17 16 14 -0.21617 6 733 734
708 17 0 1 0 19 26 13 12 18 13 13 12 -0.182551 97 735 736
709 17 0 1 0 12 28 14 18 16 22 20 13 -0.0838603 -10 737 738
710 17 0 1 0 5 23 20 20 16 13 12 17 -0.51358 16 739 740
711 17 1 0 4 1 4 0 0 2 2 496 
712 17 1 0 33 1 4 0 0 0 33 497 
713 18 1 0 3 1 4 0 1 0 2 52 
714 18 0 1 0 29 20 14 17 30 19 14 13 -0.0165869 4 741 742
715 18 0 1 0 3 15 20 19 15 9 20 13 -0.0471708 3 743 744
716 18 1 0 2 1 4 0 1 0 1 114 
717 18 1 0 14 1 4 14 0 0 0 117 
718 18 1 0 2 1 4 0 2 0 0 118 
719 18 1 0 2 1 4 1 1 0 0 198 
720 18 1 0 13 1 4 13 0 0 0 199 
721 18 0 1 0 8 4 16 16 12 28 19 19 -0.0217391 -83 745 746
722 18 1 0 3 1 4 3 0 0 0 202 
723 18 1 0 2 1 4 0 0 0 2 203 
724 18 0 1 0 2 8 17 15 0 7 19 17 -0.0965726 -7 747 748
725 18 0 1 0 22 20 13 17 10 29 17 13 -0.08 1 749 750
726 18 0 1 0 16 1 12 13 25 7 13 17 -0.35451 10 751 752
727 18 1 0 3 1 4 0 1 1 1 320 
728 18 0 1 0 25 21 12 17 25 19 18 15 -0.035572 3 753 754
729 18 1 0 5 1 4 5 0 0 0 386 
730 18 0 1 0 20 33 14 17 22 26 12 17 -0.380578 42 755 756
731 18 1 0 9 1 4 0 0 0 9 402 
732 18 1 0 9 1 4 0 0 9 0 403 
733 18 0 1 0 27 8 16 18 15 15 15 12 -0.191557 13 757 758
734 18 0 1 0 9 9 13 14 4 17 13 19 -0 -3 759 760
735 18 0 1 0 25 19 18 12 25 29 17 16 -0.0734447 -45 761 762
736 18 1 0 4 1 4 1 0 3 0 428 
737 18 1 0 6 1 4 5 1 0 0 429 
738 18 0 1 0 20 11 12 20 28 16 17 14 -0.0781753 18 763 764
739 18 0 1 0 27 32 13 20 9 2 20 13 -0 131 765 766
740 18 0 1 0 6 26 20 20 1 27 18 20 -0.287037 8 767 768
741 19 1 0 403 1 4 0 0 0 403 53 
742 19 0 1 0 10 20 18 16 16 10 19 18 -0 0 769 770
743 19 0 1 0 3 27 13 20 0 33 14 12 -0.0447836 21 771 772
744 19 1 0 2 1 4 0 1 1 0 113 
745 19 1 0 2 1 4 1 1 0 0 200 
746 19 1 0 21 1 4 0 21 0 0 201 
747 19 1 0 2 1 4 0 0 0 2 204 
748 19 0 1 0 19 29 17 12 8 27 19 17 -0.0921961 19 773 774
749 19 1 0 5 1 4 0 0 0 5 241 
750 19 1 0 5 1 4 0 1 4 0 242 
751 19 0 1 0 14 32 14 14 6 28 17 12 -0.12069 35 775 776
752 19 1 0 7 1 4 0 3 0 4 246 
753 19 0 1 0 26 10 12 16 19 35 12 15 -0.0288537 -17 777 778
754 19 0 1 0 30 4 19 13 4 0 12 14 -0.0888889 -20 779 780
755 19 0 1 0 22 10 16 13 1 19 13 18 -0.378782 23 781 782
756 19 0 1 0 21 5 19 17 23 13 18 20 -0.0687961 -2 783 784
757 19 0 1 0 15 14 20 16 33 24 17 14 -0.161135 34 785 786
758 19 0 1 0 0 2 12 16 9 16 18 18 -0.0416667 -18 787 788
759 19 1 0 19 1 4 0 0 0 19 422 
760 19 1 0 3 1 4 0 0 3 0 423 
761 19 1 0 6 1 4 0 0 6 0 424 
762 19 0 1 0 24 11 16 13 24 16 18 20 -0.0343666 -29 789 790
763 19 0 1 0 17 20 19 13 19 13 14 12 -0.0743422 -4 791 792
764 19 0 1 0 9 16 17 20 11 0 13 17 -0 39 793 794
765 19 1 0 16 1 4 16 0 0 0 488 
766 19 1 0 2 1 4 0 0 2 0 489 
767 19 0 1 0 13 9 19 16 21 13 15 20 -0.141414 -22 795 796
768 19 0 1 0 23 28 18 19 20 1 20 12 -0.0576923 44 797 798
769 20 1 0 2 1 4 0 2 0 0 54 
770 20 1 0 13 1 4 0 0 0 13 55 
771 20 0 1 0 16 23 17 12 10 23 19 20 -0.0254625 38 799 800
772 20 0 1 0 26 11 16 17 22 13 20 19 -0.330252 -13 801 802
773 20 0 1 0 19 4 14 12 11 20 17 14 -0.263815 -17 803 804
774 20 0 1 0 7 27 16 15 11 10 20 13 -0.0817324 10 805 806
775 20 1 0 3 1 4 3 0 0 0 243 
776 20 0 1 0 23 18 16 14 29 16 14 12 -0.0689655 38 807 808
777 20 0 1 0 8 7 17 13 3 3 18 19 -0.0252637 -2 809 810
778 20 1 0 3 1 4 2 1 0 0 331 
779 20 1 0 3 1 4 0 0 3 0 332 
780 20 0 1 0 2 8 13 17 26 10 20 18 -0.0277778 -12 811 812
781 20 0 1 0 17 12 16 18 34 23 20 13 -0.31649 17 813 814
782 20 1 0 6 1 4 0 0 0 6 398 
783 20 0 1 0 21 30 12 18 22 31 15 19 -0 -7 815 816
784 20 1 0 26 1 4 0 26 0 0 401 
785 20 0 1 0 28 17 20 15 18 19 14 17 -0.132862 -26 817 818
786 20 1 0 9 1 4 1 7 1 0 419 
787 20 1 0 2 1 4 0 0 1 1 420 
788 20 1 0 10 1 4 0 0 0 10 421 
789 20 1 0 3 1 4 0 0 3 0 425 
790 20 0 1 0 2 25 19 18 1 28 15 18 -0.0188679 4 819 820
791 20 0 1 0 13 16 15 16 19 27 13 12 -0.171429 -7 821 822
792 20 0 1 0 13 12 12 15 14 11 20 16 -0.0684934 7 823 824
793 20 1 0 2 1 4 0 0 2 0 486 
794 20 1 0 15 1 4 0 0 0 15 487 
795 20 1 0 2 1 4 2 0 0 0 490 
796 20 1 0 9 1 4 0 7 2 0 491 
797 20 1 0 3 1 4 0 0 0 3 492 
798 20 0 1 0 13 21 18 12 26 32 14 16 -0.0384615 6 825 826
799 21 0 1 0 6 4 17 17 9 7 12 13 -0.0221921 6 827 828
800 21 1 0 2 1 4 1 0 0 1 108 
801 21 0 1 0 2 6 18 13 14 25 16 12 -0.0768307 -123 829 830
802 21 1 0 5 1 4 1 0 0 4 112 
803 21 0 1 0 29 23 13 14 20 8 20 13 -0.22488 31 831 832
804 21 0 1 0 8 34 12 12 15 4 20 18 -0 -7 833 834
805 21 0 1 0 11 34 13 20 6 35 12 14 -0.0609955 29 835 836
806 21 0 1 0 29 19 17 16 30 25 12 16 -0.272889 4 837 838
807 21 1 0 27 1 4 0 27 0 0 244 
808 21 1 0 2 1 4 0 1 0 1 245 
809 21 1 0 2 1 4 0 0 2 0 321 
810 21 0 1 0 29 34 13 17 28 28 16 13 -0.0230252 26 839 840
811 21 1 0 4 1 4 0 1 3 0 333 
812 21 1 0 23 1 4 0 23 0 0 334 
813 21 0 1 0 9 20 20 20 10 32 13 15 -0.250665 -24 841 842
814 21 1 0 6 1 4 3 3 0 0 397 
815 21 1 0 7 1 4 0 0 7 0 399 
816 21 1 0 4 1 4 0 4 0 0 400 
817 21 0 1 0 0 32 13 19 13 25 18 20 -0 -45 843 844
818 21 0 1 0 13 30 12 18 24 32 14 20 -0.110528 29 845 846
819 21 1 0 49 1 4 0 0 0 49 426 
820 21 1 0 4 1 4 0 0 2 2 427 
821 21 1 0 3 1 4 3 0 0 0 430 
822 21 1 0 7 1 4 0 4 3 0 431 
823 21 0 1 0 11 11 13 16 34 25 14 12 -0.064464 6 847 848
824 21 1 0 8 1 4 2 5 1 0 485 
825 21 1 0 11 1 4 0 0 11 0 493 
826 21 1 0 2 1 4 0 1 1 0 494 
827 22 0 1 0 13 3 17 19 15 29 18 18 -0.017065 -105 849 850
828 22 1 0 8 1 4 6 0 1 1 107 
829 22 1 0 2 1 4 0 1 0 1 109 
830 22 0 1 0 9 19 18 19 18 2 12 12 -0 -31 851 852
831 22 0 1 0 16 3 19 13 14 27 18 14 -0.154799 -22 853 854
832 22 1 0 3 1 4 3 0 0 0 208 
833 22 1 0 3 1 4 0 3 0 0 209 
834 22 1 0 14 1 4 14 0 0 0 210 
835 22 0 1 0 9 11 15 15 15 14 20 14 -0.0911452 -24 855 856
836 22 0 1 0 21 11 12 16 23 18 20 18 -0.052718 4 857 858
837 22 0 1 0 27 15 12 19 17 6 16 14 -0.133333 13 859 860
838 22 1 0 5 1 4 0 0 0 5 240 
839 22 0 1 0 0 15 16 20 1 31 12 13 -0.0134405 -15 861 862
840 22 0 1 0 0 21 20 15 7 16 20 19 -0.0482456 -48 863 864
841 22 0 1 0 5 22 16 16 17 11 17 19 -0.0384615 33 865 866
842 22 0 1 0 18 7 15 14 19 10 18 18 -0.194088 8 867 868
843 22 1 0 10 1 4 0 0 0 10 406 
844 22 1 0 3 1 4 0 0 3 0 407 
845 22 0 1 0 15 7 20 20 21 0 12 19 -0.0884001 -3 869 870
846 22 1 0 7 1 4 0 0 1 6 418 
847 22 0 1 0 20 13 19 20 27 28 17 17 -0.0571505 -1 871 872
848 22 0 1 0 20 25 20 20 9 24 14 18 -0.19027 -6 873 874
849 23 1 0 2 1 4 1 0 1 0 94 
850 23 0 1 0 21 7 13 15 21 4 12 18 -0.0153349 -7 875 876
851 23 1 0 2 1 4 0 2 0 0 110 
852 23 1 0 47 1 4 47 0 0 0 111 
853 23 0 1 0 13 32 15 18 8 31 12 12 -0.0294118 8 877 878
854 23 1 0 2 1 4 0 1 0 1 207 
855 23 0 1 0 3 25 12 14 28 4 14 15 -0.040404 8 879 880
856 23 0 1 0 8 31 13 14 9 26 16 18 -0.0181818 4 881 882
857 23 0 1 0 23 29 17 16 22 17 19 13 -0.0292414 -9 883 884
858 23 0 1 0 10 20 18 18 8 26 12 15 -0.26946 20 885 886
859 23 0 1 0 17 13 18 16 19 25 14 15 -0.0907544 -9 887 888
860 23 1 0 2 1 4 0 0 0 2 239 
861 23 1 0 7 1 4 3 4 0 0 322 
862 23 0 1 0 35 29 17 12 29 23 18 16 -0.0103841 10 889 890
863 23 1 0 7 1 4 7 0 0 0 328 
864 23 0 1 0 18 5 14 13 4 21 20 12 -0.0416667 -14 891 892
865 23 1 0 11 1 4 0 11 0 0 387 
866 23 1 0 2 1 4 0 1 1 0 388 
867 23 0 1 0 21 31 16 15 22 33 12 17 -0.131154 8 893 894
868 23 1 0 4 1 4 3 0 1 0 396 
869 23 0 1 0 2 0 16 13 3 18 12 16 -0.0546875 1 895 896
870 23 0 1 0 1 4 16 12 11 6 17 18 -0.0583406 -28 897 898
871 23 0 1 0 26 2 12 16 31 33 13 13 -0.0515048 -1 899 900
872 23 0 1 0 20 26 18 12 5 6 19 14 -0.0307692 1 901 902
873 23 1 0 12 1 4 0 0 12 0 480 
874 23 0 1 0 12 18 19 17 30 32 13 16 -0.124416 6 903 904
875 24 1 0 2 1 4 1 0 1 0 95 
876 24 0 1 0 18 27 19 12 16 19 16 16 -0.0139513 38 905 906
877 24 1 0 2 1 4 1 1 0 0 205 
878 24 1 0 15 1 4 0 15 0 0 206 
879 24 1 0 13 1 4 13 0 0 0 211 
880 24 1 0 9 1 4 1 8 0 0 212 
881 24 1 0 51 1 4 0 51 0 0 213 
882 24 1 0 4 1 4 2 2 0 0 214 
883 24 1 0 2 1 4 2 0 0 0 215 
884 24 0 1 0 13 26 16 19 16 24 20 16 -0.0276828 2 907 908
885 24 0 1 0 4 15 15 14 5 15 14 12 -0.205882 3 909 910
886 24 0 1 0 1 28 16 17 18 27 13 15 -0.08142 -124 911 912
887 24 0 1 0 1 0 14 12 3 5 17 16 -0.0487805 3 913 914
888 24 1 0 2 1 4 2 0 0 0 238 
889 24 0 1 0 33 26 16 14 16 18 13 14 -0.00105652 15 915 916
890 24 0 1 0 18 1 14 14 28 33 14 14 -0.0227609 -81 917 918
891 24 1 0 10 1 4 0 10 0 0 329 
892 24 1 0 2 1 4 0 1 1 0 330 
893 24 0 1 0 19 31 12 20 4 34 13 19 -0.104178 52 919 920
894 24 1 0 4 1 4 0 0 0 4 395 
895 24 1 0 8 1 4 0 1 7 0 408 
896 24 1 0 8 1 4 0 8 0 0 409 
897 24 1 0 4 1 4 0 4 0 0 410 
898 24 0 1 0 20 34 12 19 14 23 15 15 -0.0414849 86 921 922
899 24 0 1 0 22 26 13 19 28 33 14 14 -0.0461907 -89 923 924
900 24 0 1 0 1 5 12 15 7 2 16 14 -0.05 2 925 926
901 24 0 1 0 28 15 12 16 5 28 17 19 -0.0384615 -4 927 928
902 24 1 0 17 1 4 0 0 0 17 479 
903 24 0 1 0 6 16 14 13 0 27 15 19 -0 -63 929 930
904 24 0 1 0 13 9 19 16 21 13 15 20 -0.0357143 22 931 932
905 25 0 1 0 11 5 20 20 1 30 14 18 -0.0124519 -50 933 934
906 25 0 1 0 5 26 17 12 13 0 16 13 -0 16 935 936
907 25 0 1 0 1 22 20 19 9 10 20 12 -0.027137 -6 937 938
908 25 1 0 2 1 4 2 0 0 0 230 
909 25 1 0 9 1 4 0 9 0 0 231 
910 25 1 0 8 1 4 0 1 0 7 232 
911 25 1 0 2 1 4 0 1 0 1 233 
912 25 0 1 0 28 16 19 19 25 6 20 13 -0.028169 -11 939 940
913 25 1 0 39 1 4 0 39 0 0 236 
914 25 1 0 2 1 4 0 1 0 1 237 
915 25 1 0 628 1 4 0 628 0 0 323 
916 25 1 0 3 1 4 0 2 1 0 324 
917 25 0 1 0 18 21 13 18 11 8 13 16 -0.00675676 -3 941 942
918 25 1 0 7 1 4 6 1 0 0 327 
919 25 0 1 0 24 27 19 16 19 22 19 12 -0.0640382 -9 943 944
920 25 1 0 7 1 4 0 5 2 0 394 
921 25 0 1 0 17 20 14 20 16 11 15 14 -0.0273068 4 945 946
922 25 1 0 8 1 4 0 0 2 6 417 
923 25 1 0 8 1 4 0 8 0 0 432 
924 25 0 1 0 16 25 15 14 5 29 12 14 -0.0445458 69 947 948
925 25 1 0 8 1 4 0 0 8 0 474 
926 25 0 1 0 12 9 16 14 0 22 13 18 -0.05 -12 949 950
927 25 1 0 11 1 4 0 0 11 0 477 
928 25 1 0 2 1 4 0 1 1 0 478 
929 25 1 0 3 1 4 0 3 0 0 481 
930 25 1 0 8 1 4 0 0 8 0 482 
931 25 1 0 12 1 4 0 12 0 0 483 
932 25 1 0 2 1 4 1 1 0 0 484 
933 26 0 1 0 28 3 20 19 6 2 16 15 -0.0350877 -6 951 952
934 26 0 1 0 3 0 18 17 9 2 16 20 -0.0100331 -8 953 954
935 26 1 0 4 1 4 0 4 0 0 105 
936 26 1 0 9 1 4 9 0 0 0 106 
937 26 0 1 0 3 20 13 15 2 18 12 17 -0.0127641 6 955 956
938 26 0 1 0 25 18 15 20 14 8 13 18 -0.11588 -26 957 958
939 26 1 0 69 1 4 0 69 0 0 234 
940 26 1 0 2 1 4 0 1 0 1 235 
941 26 1 0 2 1 4 1 1 0 0 325 
942 26 1 0 72 1 4 0 72 0 0 326 
943 26 1 0 3 1 4 0 3 0 0 389 
944 26 0 1 0 8 32 12 17 8 26 12 17 -0.0332056 17 959 960
945 26 1 0 2 1 4 0 0 0 2 411 
946 26 0 1 0 23 29 16 20 10 20 12 13 -0.0185173 122 961 962
947 26 0 1 0 18 21 17 16 27 26 20 18 -0.042576 33 963 964
948 26 1 0 2 1 4 1 1 0 0 473 
949 26 1 0 2 1 4 1 1 0 0 475 
950 26 1 0 8 1 4 0 8 0 0 476 
951 27 1 0 3 1 4 0 2 1 0 96 
952 27 1 0 16 1 4 16 0 0 0 97 
953 27 0 1 0 15 25 13 17 17 24 19 16 -0.00159604 -23 965 966
954 27 0 1 0 24 2 16 15 0 13 18 13 -0.109764 20 967 968
955 27 0 1 0 20 28 18 15 17 29 13 20 -0.011904 -1 969 970
956 27 1 0 2 1 4 1 1 0 0 225 
957 27 1 0 3 1 4 0 1 0 2 226 
958 27 0 1 0 31 25 18 12 25 17 13 13 -0.0867769 -10 971 972
959 27 0 1 0 7 3 13 16 30 27 12 15 -0.011359 7 973 974
960 27 1 0 3 1 4 0 0 0 3 393 
961 27 0 1 0 15 4 19 12 7 2 20 20 -0.00938967 -5 975 976
962 27 1 0 2 1 4 0 0 0 2 416 
963 27 0 1 0 20 4 13 19 9 35 12 15 -0.0412166 -176 977 978
964 27 1 0 2 1 4 1 1 0 0 472 
965 28 1 0 7 1 4 5 2 0 0 98 
966 28 0 1 0 31 26 16 15 34 28 17 12 -0.000778598 5 979 980
967 28 0 1 0 9 15 12 17 8 25 18 13 -0.00574713 36 981 982
968 28 1 0 4 1 4 2 0 0 2 104 
969 28 1 0 2 1 4 0 1 1 0 216 
970 28 0 1 0 28 23 17 17 34 26 13 13 -0.0110424 -5 983 984
971 28 0 1 0 23 20 20 13 26 31 14 18 -0.125 14 985 986
972 28 1 0 97 1 4 0 97 0 0 229 
973 28 0 1 0 23 18 19 12 20 34 13 12 -0.00588235 -62 987 988
974 28 1 0 2 1 4 0 2 0 0 392 
975 28 1 0 2 1 4 0 0 0 2 412 
976 28 0 1 0 7 6 17 20 21 11 20 15 -0.00708633 6 989 990
977 28 1 0 3 1 4 0 3 0 0 433 
978 28 0 1 0 23 27 16 20 22 16 15 14 -0.0399867 -4 991 992
979 29 0 1 0 23 6 13 12 5 31 13 17 -0.000311964 79 993 994
980 29 1 0 3 1 4 2 1 0 0 101 
981 29 1 0 85 1 4 85 0 0 0 102 
982 29 1 0 2 1 4 1 1 0 0 103 
983 29 1 0 2 1 4 1 1 0 0 217 
984 29 0 1 0 16 16 13 17 5 5 12 19 -0.0101762 118 995 996
985 29 1 0 4 1 4 0 1 0 3 227 
986 29 1 0 20 1 4 0 20 0 0 228 
987 29 1 0 2 1 4 0 0 1 1 390 
988 29 1 0 83 1 4 0 0 83 0 391 
989 29 0 1 0 17 21 13 16 18 17 20 12 -0.00239234 -16 997 998
990 29 1 0 2 1 4 0 1 1 0 415 
991 29 1 0 3 1 4 0 0 0 3 434 
992 29 0 1 0 20 14 14 12 20 24 16 18 -0.0367981 7 999 1000
993 30 1 0 2134 1 4 2134 0 0 0 99 
994 30 1 0 3 1 4 2 1 0 0 100 
995 30 0 1 0 6 27 16 13 4 29 17 15 -0.00930536 -12 1001 1002
996 30 1 0 2 1 4 1 1 0 0 224 
997 30 1 0 2 1 4 0 0 1 1 413 
998 30 1 0 207 1 4 0 0 207 0 414 
999 30 0 1 0 35 27 19 12 13 8 15 15 -0.0356095 27 1003 1004
1000 30 1 0 2 1 4 2 0 0 0 471 
1001 31 1 0 2 1 4 1 1 0 0 218 
1002 31 0 1 0 14 18 16 17 11 13 20 20 -0.00842983 35 1005 1006
1003 31 0 1 0 17 25 12 14 19 28 18 19 -0.13418 -38 1007 1008
1004 31 0 1 0 12 21 15 20 17 19 13 15 -0.0198992 -13 1009 1010
1005 32 0 1 0 18 32 15 13 14 29 13 19 -0.00781646 -1 1011 1012
1006 32 1 0 2 1 4 1 1 0 0 223 
1007 32 0 1 0 26 15 15 18 34 14 18 12 -0 -1 1013 1014
1008 32 0 1 0 17 13 20 17 17 15 19 20 -0.114935 3 1015 1016
1009 32 1 0 2 1 4 1 0 1 0 447 
1010 32 0 1 0 29 13 12 13 24 9 20 18 -0.0180546 35 1017 1018
1011 33 1 0 5 1 4 1 4 0 0 219 
1012 33 0 1 0 27 3 16 19 32 12 17 12 -0.00704637 4 1019 1020
1013 33 1 0 10 1 4 0 10 0 0 435 
1014 33 1 0 3 1 4 0 0 3 0 436 
1015 33 0 1 0 17 20 14 18 24 22 19 14 -0.0887628 5 1021 1022
1016 33 1 0 5 1 4 2 1 2 0 446 
1017 33 0 1 0 23 25 14 17 20 17 14 15 -0.0170111 -4 1023 1024
1018 33 1 0 2 1 4 0 0 0 2 470 
1019 34 1 0 980 1 4 0 980 0 0 220 
1020 34 0 1 0 6 13 13 18 0 15 16 12 -0.0383693 32 1025 1026
1021 34 0 1 0 22 22 13 16 21 29 13 19 -0.0597861 -37 1027 1028
1022 34 1 0 7 1 4 2 1 4 0 445 
1023 34 1 0 4 1 4 0 0 1 3 448 
1024 34 0 1 0 15 13 14 16 0 27 17 20 -0.0157512 16 1029 1030
1025 35 1 0 6 1 4 0 4 0 2 221 
1026 35 1 0 133 1 4 0 133 0 0 222 
1027 35 0 1 0 0 6 19 14 19 0 14 20 -0 1 1031 1032
1028 35 0 1 0 33 0 12 13 34 31 13 13 -0.0331825 5 1033 1034
1029 35 0 1 0 21 34 13 15 0 29 18 12 -0.0148204 101 1035 1036
1030 35 1 0 2 1 4 0 0 0 2 469 
1031 36 1 0 12 1 4 0 0 12 0 437 
1032 36 1 0 7 1 4 0 7 0 0 438 
1033 36 0 1 0 9 20 13 12 11 14 13 20 -0.0231676 -5 1037 1038
1034 36 1 0 6 1 4 0 4 2 0 444 
1035 36 0 1 0 18 22 15 20 9 21 14 14 -0.0139174 -49 1039 1040
1036 36 1 0 2 1 4 0 0 0 2 468 
1037 37 1 0 4 1 4 0 2 2 0 439 
1038 37 0 1 0 32 27 17 13 23 12 20 20 -0.0157978 1 1041 1042
1039 37 1 0 2 1 4 0 2 0 0 449 
1040 37 0 1 0 28 10 16 12 28 24 14 19 -0.013011 15 1043 1044
1041 38 1 0 6 1 4 0 0 4 2 440 
1042 38 0 1 0 11 17 14 12 11 15 18 12 -0.00729304 8 1045 1046
1043 38 0 1 0 19 21 12 14 15 22 19 19 -0.0114789 12 1047 1048
1044 38 1 0 2 1 4 1 0 1 0 467 
1045 39 0 1 0 3 33 13 15 20 27 19 12 -0.00328407 -41 1049 1050
1046 39 1 0 2 1 4 0 1 1 0 443 
1047 39 0 1 0 5 33 14 20 16 33 12 14 -0.00932394 -34 1051 1052
1048 39 1 0 3 1 4 1 0 2 0 466 
1049 40 1 0 3 1 4 0 0 2 1 441 
1050 40 1 0 200 1 4 0 0 200 0 442 
1051 40 1 0 2 1 4 0 2 0 0 450 
1052 40 0 1 0 5 24 13 13 11 14 12 13 -0.00887278 -12 1053 1054
1053 41 1 0 4 1 4 0 2 2 0 451 
1054 41 0 1 0 28 16 16 16 29 24 20 15 -0.00818276 0 1055 1056
1055 42 0 1 0 13 8 12 12 6 29 13 15 -0.00772512 -168 1057 1058
1056 42 1 0 2 1 4 0 0 1 1 465 
1057 43 1 0 2 1 4 0 1 1 0 452 
1058 43 0 1 0 12 22 12 18 15 16 12 13 -0.00726618 -8 1059 1060
1059 44 1 0 2 1 4 0 1 1 0 453 
1060 44 0 1 0 4 22 18 12 7 15 20 13 -0.00679976 -5 1061 1062
1061 45 1 0 2 1 4 0 0 1 1 454 
1062 45 0 1 0 3 6 20 20 16 0 17 12 -0.0063391 -27 1063 1064
1063 46 1 0 2 1 4 0 1 1 0 455 
1064 46 0 1 0 27 28 14 17 26 26 20 19 -0.0059556 -20 1065 1066
1065 47 1 0 3 1 4 0 1 2 0 456 
1066 47 0 1 0 1 29 13 14 3 27 20 12 -0.00541641 15 1067 1068
1067 48 0 1 0 17 11 12 12 21 14 15 18 -0.00510882 3 1069 1070
1068 48 1 0 2 1 4 0 1 1 0 464 
1069 49 0 1 0 11 20 14 12 17 11 17 15 -0.00241091 -11 1071 1072
1070 49 0 1 0 8 33 13 15 16 30 16 15 -0.0429952 -10 1073 1074
1071 50 1 0 9 1 4 0 0 8 1 457 
1072 50 0 1 0 22 18 19 13 21 26 15 20 -0.00194171 0 1075 1076
1073 50 1 0 2 1 4 0 2 0 0 461 
1074 50 0 1 0 13 26 15 18 18 17 16 13 -0.0333333 2 1077 1078
1075 51 1 0 1969 1 4 0 0 1969 0 458 
1076 51 0 1 0 11 8 16 13 14 6 14 12 -0.0408163 -1 1079 1080
1077 51 1 0 4 1 4 1 0 3 0 462 
1078 51 1 0 86 1 4 0 0 86 0 463 
1079 52 1 0 2 1 4 1 0 1 0 459 
1080 52 1 0 47 1 4 0 0 47 0 460 
