-2147483648 -2147483648 data/trees_headpose/tree_021.txt
100 10 5000 30 30000 1 48 1 data/trees_headpose ./data/Cropped_HBO_Data_4view.txt
1 0
0 0 0 1 0 29 30 15 17 26 13 16 19 -0.992275 1 1 2
1 1 0 1 0 12 27 19 13 18 11 19 14 -0.837651 -8 3 4
2 1 0 1 0 16 5 16 14 34 17 20 12 -0.637305 4 5 6
3 2 0 1 0 0 32 13 14 2 29 13 15 -1.46165 -1 7 8
4 2 0 1 0 24 13 16 16 30 34 13 15 -0.584413 13 9 10
5 2 0 1 0 12 12 14 14 2 25 20 18 -0.426609 0 11 12
6 2 0 1 0 7 27 12 15 4 32 12 13 -0.584129 0 13 14
7 3 0 1 0 5 29 16 15 4 15 19 18 -1.07023 -1 15 16
8 3 0 1 0 26 20 12 20 27 31 14 18 -0.960175 30 17 18
9 3 0 1 0 20 11 16 13 10 24 17 14 -1.27571 14 19 20
10 3 0 1 0 0 13 13 12 4 9 17 13 -0.392842 11 21 22
11 3 0 1 0 12 19 15 19 17 14 19 13 -0.368434 -8 23 24
12 3 0 1 0 18 0 13 19 9 9 12 14 -0.414225 -22 25 26
13 3 0 1 0 13 24 20 18 10 32 15 13 -0.378403 -22 27 28
14 3 0 1 0 34 31 15 12 24 2 15 17 -0.591353 -10 29 30
15 4 0 1 0 3 8 14 12 0 8 18 14 -0.809538 -1 31 32
16 4 0 1 0 12 27 19 14 12 0 13 16 -0.589156 17 33 34
17 4 0 1 0 24 24 19 14 20 14 14 19 -0.725284 5 35 36
18 4 0 1 0 2 1 12 15 10 22 20 20 -0.438099 -97 37 38
19 4 0 1 0 9 0 14 20 6 6 13 14 -0.983344 -8 39 40
20 4 0 1 0 0 8 15 12 1 31 13 14 -1.03852 -10 41 42
21 4 0 1 0 8 18 13 17 7 28 18 13 -0.337469 12 43 44
22 4 0 1 0 10 19 18 13 7 11 14 20 -0.52 35 45 46
23 4 0 1 0 7 4 12 20 33 25 12 13 -0.839193 -115 47 48
24 4 0 1 0 0 31 13 16 3 14 20 18 -0.291809 -4 49 50
25 4 0 1 0 15 9 17 13 23 24 18 20 -0.173898 -9 51 52
26 4 0 1 0 25 26 16 18 25 29 16 20 -0.495576 6 53 54
27 4 0 1 0 5 21 19 12 0 28 15 18 -0.880621 -23 55 56
28 4 0 1 0 18 5 13 15 31 18 13 13 -0.277975 24 57 58
29 4 0 1 0 3 20 15 14 5 7 20 13 -0.50878 4 59 60
30 4 0 1 0 0 27 20 14 3 25 16 12 -0.511121 9 61 62
31 5 1 0 6 1 4 0 0 0 6 0 
32 5 0 1 0 4 21 16 20 8 26 14 15 -0.56049 -11 63 64
33 5 1 0 8 1 4 4 3 0 1 9 
34 5 0 1 0 24 16 17 17 26 24 19 15 -0.360714 -1 65 66
35 5 0 1 0 22 29 13 12 13 29 15 13 -0.462423 -21 67 68
36 5 0 1 0 17 6 15 20 33 21 19 14 -0.931624 4 69 70
37 5 1 0 6 1 4 5 0 0 1 36 
38 5 0 1 0 0 30 17 18 1 18 19 19 -0.145161 58 71 72
39 5 0 1 0 16 27 16 20 2 26 20 13 -0.843211 -12 73 74
40 5 0 1 0 11 32 13 14 0 31 14 15 -0.786872 25 75 76
41 5 0 1 0 16 9 18 17 31 6 19 15 -0.306775 61 77 78
42 5 0 1 0 10 14 15 17 8 29 15 14 -0.0666667 1 79 80
43 5 0 1 0 1 28 18 20 5 26 19 16 -0.260176 4 81 82
44 5 0 1 0 2 27 18 12 2 28 13 12 -1.12104 0 83 84
45 5 0 1 0 0 27 16 14 5 9 14 13 -0.0722222 -12 85 86
46 5 1 0 5 1 4 0 0 1 4 135 
47 5 0 1 0 8 9 15 19 0 29 14 18 -0 -36 87 88
48 5 0 1 0 5 30 17 18 11 30 16 13 -0.620402 -29 89 90
49 5 0 1 0 17 12 18 15 30 18 14 12 -0.306511 -12 91 92
50 5 0 1 0 24 26 16 14 29 35 12 17 -0.260835 35 93 94
51 5 0 1 0 29 29 18 14 27 28 13 18 -0.121041 -11 95 96
52 5 0 1 0 7 19 13 16 5 28 14 17 -0.107456 30 97 98
53 5 0 1 0 19 26 20 13 10 29 14 18 -0.358253 12 99 100
54 5 0 1 0 8 27 12 18 2 13 16 15 -0.415789 35 101 102
55 5 0 1 0 31 22 17 14 23 20 20 17 -0.289841 -6 103 104
56 5 0 1 0 22 26 15 17 33 21 14 14 -0.695446 63 105 106
57 5 0 1 0 27 33 12 19 12 29 17 14 -0.526782 -21 107 108
58 5 0 1 0 10 15 20 12 7 9 13 17 -0.145953 40 109 110
59 5 0 1 0 35 24 19 12 32 12 14 13 -0.438272 -11 111 112
60 5 0 1 0 16 23 19 15 24 22 13 16 -0.154884 23 113 114
61 5 0 1 0 10 22 18 13 6 19 15 20 -0.477339 21 115 116
62 5 0 1 0 18 24 19 18 15 18 15 17 -0.268982 12 117 118
63 6 1 0 3 1 4 0 0 0 3 1 
64 6 0 1 0 5 31 16 19 10 13 13 19 -0.373888 -12 119 120
65 6 1 0 4 1 4 1 3 0 0 10 
66 6 0 1 0 24 21 14 12 16 23 16 18 -0.238816 -18 121 122
67 6 0 1 0 23 30 17 17 31 24 12 12 -0 40 123 124
68 6 0 1 0 23 11 14 15 28 10 20 17 -0.325282 3 125 126
69 6 1 0 10 1 4 0 0 0 10 30 
70 6 0 1 0 13 28 19 15 18 14 18 18 -0.759707 0 127 128
71 6 1 0 29 1 4 0 0 0 29 37 
72 6 1 0 2 1 4 1 0 0 1 38 
73 6 0 1 0 23 20 17 17 25 2 17 17 -0.174359 1 129 130
74 6 0 1 0 12 21 16 15 9 7 18 17 -0.48022 37 131 132
75 6 0 1 0 15 15 13 18 7 20 16 12 -0.739969 16 133 134
76 6 0 1 0 1 21 14 20 2 28 18 17 -0.520271 3 135 136
77 6 0 1 0 16 0 12 14 22 4 16 16 -0.058474 -7 137 138
78 6 1 0 4 1 4 0 0 0 4 75 
79 6 1 0 11 1 4 0 0 0 11 76 
80 6 1 0 4 1 4 2 2 0 0 77 
81 6 0 1 0 11 30 15 18 19 8 13 20 -0.190433 8 139 140
82 6 0 1 0 32 25 14 15 32 34 13 14 -0.876723 -7 141 142
83 6 0 1 0 19 35 12 19 25 20 17 16 -0.05 11 143 144
84 6 0 1 0 22 23 13 20 22 35 12 18 -0.832386 18 145 146
85 6 1 0 2 1 4 0 0 1 1 132 
86 6 0 1 0 6 20 20 14 11 11 19 13 -0.0277778 47 147 148
87 6 1 0 5 1 4 0 0 5 0 136 
88 6 1 0 11 1 4 0 0 0 11 137 
89 6 1 0 8 1 4 0 1 0 7 138 
90 6 0 1 0 10 4 15 19 16 4 17 12 -0.449627 -5 149 150
91 6 0 1 0 8 30 16 12 8 26 13 14 -0.105682 -13 151 152
92 6 0 1 0 12 9 18 18 5 22 12 16 -0.232998 -1 153 154
93 6 0 1 0 19 7 12 14 10 15 19 16 -0.246177 13 155 156
94 6 0 1 0 3 14 18 17 18 7 19 17 -0.143492 5 157 158
95 6 1 0 3 1 4 0 0 0 3 297 
96 6 0 1 0 23 22 16 20 22 10 19 13 -0.100077 9 159 160
97 6 0 1 0 30 24 13 14 5 18 17 12 -0.0343667 -26 161 162
98 6 1 0 8 1 4 0 6 2 0 316 
99 6 0 1 0 4 10 13 12 1 0 13 17 -0.397704 11 163 164
100 6 0 1 0 3 29 18 12 3 14 17 19 -0.23662 18 165 166
101 6 0 1 0 12 5 14 19 27 33 12 13 -0.342857 -39 167 168
102 6 0 1 0 4 24 19 13 4 25 19 14 -0.0350877 -1 169 170
103 6 0 1 0 19 3 20 20 22 23 19 19 -0.0496554 -38 171 172
104 6 1 0 5 1 4 0 0 2 3 350 
105 6 0 1 0 18 13 18 14 0 9 16 14 -0.385714 37 173 174
106 6 1 0 8 1 4 4 3 0 1 357 
107 6 0 1 0 35 30 17 12 19 26 20 16 -0.58124 -32 175 176
108 6 0 1 0 19 35 12 19 18 22 16 17 -0.373849 30 177 178
109 6 0 1 0 32 32 15 13 23 27 15 19 -0.0792632 -17 179 180
110 6 0 1 0 20 0 17 13 9 9 14 14 -0.720437 48 181 182
111 6 1 0 3 1 4 0 0 0 3 434 
112 6 0 1 0 1 0 16 14 9 17 14 13 -0.305912 3 183 184
113 6 1 0 5 1 4 3 2 0 0 440 
114 6 0 1 0 26 16 15 15 24 3 14 14 -0.0672269 -4 185 186
115 6 0 1 0 20 31 12 15 35 28 19 12 -0.356341 36 187 188
116 6 0 1 0 21 11 17 13 28 27 12 13 -0.982147 16 189 190
117 6 0 1 0 29 26 16 12 29 26 19 15 -0.163666 3 191 192
118 6 0 1 0 28 15 16 17 33 26 20 12 -0.245614 0 193 194
119 7 0 1 0 19 31 14 16 19 17 15 16 -0.193219 -3 195 196
120 7 1 0 3 1 4 0 1 0 2 8 
121 7 1 0 4 1 4 1 2 0 1 11 
122 7 0 1 0 30 35 12 17 11 33 14 20 -0.0869983 -6 197 198
123 7 1 0 10 1 4 0 0 0 10 15 
124 7 1 0 3 1 4 3 0 0 0 16 
125 7 1 0 7 1 4 0 2 2 3 17 
126 7 0 1 0 19 24 18 13 16 13 19 17 -0.261987 30 199 200
127 7 0 1 0 10 29 14 18 13 30 13 16 -0.461153 -18 201 202
128 7 1 0 5 1 4 0 0 1 4 35 
129 7 1 0 3 1 4 1 2 0 0 39 
130 7 0 1 0 14 24 16 19 32 11 15 15 -0 5 203 204
131 7 0 1 0 15 18 18 14 15 24 18 14 -0.198496 -5 205 206
132 7 0 1 0 6 25 19 16 13 30 14 12 -0.17735 -28 207 208
133 7 0 1 0 34 13 18 12 32 25 17 12 -0.551427 1 209 210
134 7 0 1 0 8 11 13 18 3 35 12 19 -0.222222 -10 211 212
135 7 0 1 0 14 0 13 14 8 12 14 19 -0.41023 12 213 214
136 7 0 1 0 1 13 13 14 4 18 15 12 -0.164502 -20 215 216
137 7 0 1 0 0 2 15 17 24 7 16 13 -0 -130 217 218
138 7 1 0 2 1 4 0 0 1 1 74 
139 7 0 1 0 27 31 12 19 26 11 20 15 -0.987052 -31 219 220
140 7 0 1 0 1 7 14 14 6 1 16 15 -0.13965 19 221 222
141 7 0 1 0 2 8 18 18 3 18 16 19 -0 -51 223 224
142 7 0 1 0 7 17 15 13 25 12 12 20 -0.49053 -111 225 226
143 7 1 0 2 1 4 0 0 1 1 124 
144 7 1 0 8 1 4 0 0 0 8 125 
145 7 0 1 0 35 27 19 12 33 15 13 14 -0.505592 1 227 228
146 7 1 0 8 1 4 1 0 0 7 131 
147 7 1 0 16 1 4 16 0 0 0 133 
148 7 1 0 2 1 4 1 1 0 0 134 
149 7 0 1 0 26 27 18 13 26 2 18 18 -0.158727 94 229 230
150 7 0 1 0 28 33 13 18 1 7 18 16 -0.125 44 231 232
151 7 1 0 4 1 4 1 3 0 0 149 
152 7 0 1 0 8 26 16 17 17 29 14 17 -0.0243243 -27 233 234
153 7 0 1 0 11 1 19 18 20 8 18 20 -0.147967 -33 235 236
154 7 1 0 7 1 4 0 0 2 5 163 
155 7 0 1 0 25 8 16 17 0 28 14 12 -0.202061 16 237 238
156 7 0 1 0 20 34 13 19 26 14 13 14 -0.76354 17 239 240
157 7 0 1 0 6 21 18 19 20 29 18 17 -0.0302527 -110 241 242
158 7 0 1 0 31 33 14 12 32 25 17 14 -0.171108 -17 243 244
159 7 0 1 0 23 28 17 17 13 35 12 20 -0 20 245 246
160 7 0 1 0 22 35 12 16 2 32 13 19 -0.0846683 48 247 248
161 7 1 0 3 1 4 0 2 1 0 313 
162 7 0 1 0 30 1 13 17 23 14 18 15 -0 -112 249 250
163 7 0 1 0 13 1 12 16 14 1 18 17 -0.276941 -11 251 252
164 7 0 1 0 13 1 12 16 14 1 18 17 -0 -5 253 254
165 7 0 1 0 11 9 19 14 5 28 14 18 -0.19402 -18 255 256
166 7 0 1 0 14 0 13 20 31 11 14 16 -0.0396825 -1 257 258
167 7 1 0 7 1 4 0 6 0 1 342 
168 7 1 0 3 1 4 3 0 0 0 343 
169 7 1 0 16 1 4 0 0 0 16 344 
170 7 1 0 3 1 4 0 1 2 0 345 
171 7 0 1 0 19 26 20 19 8 23 15 19 -0.0357143 10 259 260
172 7 0 1 0 21 10 17 16 0 16 18 19 -0.0208333 -8 261 262
173 7 0 1 0 21 5 14 19 28 27 13 17 -0.356481 11 263 264
174 7 1 0 43 1 4 0 0 0 43 356 
175 7 0 1 0 5 30 13 16 0 29 15 16 -0.376571 37 265 266
176 7 0 1 0 8 10 16 13 7 4 18 14 -0.444444 15 267 268
177 7 0 1 0 35 27 13 12 32 27 12 13 -0.263009 -15 269 270
178 7 0 1 0 25 12 18 19 24 18 18 15 -0.419033 -13 271 272
179 7 0 1 0 21 31 15 17 26 4 19 20 -0.175 56 273 274
180 7 0 1 0 26 33 12 13 15 24 20 17 -0.0615786 37 275 276
181 7 0 1 0 20 4 16 12 14 8 16 16 -0.48701 -23 277 278
182 7 0 1 0 24 0 16 18 14 15 14 12 -0.0192308 -2 279 280
183 7 0 1 0 21 32 12 17 20 2 20 20 -0.186146 23 281 282
184 7 1 0 2 1 4 0 0 0 2 439 
185 7 1 0 95 1 4 0 0 0 95 441 
186 7 1 0 7 1 4 0 4 0 3 442 
187 7 0 1 0 25 30 15 15 6 27 20 20 -0.471735 45 283 284
188 7 0 1 0 6 7 16 18 24 3 12 16 -0.269247 10 285 286
189 7 0 1 0 27 26 17 16 22 21 13 17 -0.80624 23 287 288
190 7 0 1 0 9 30 17 12 11 19 18 12 -0.605867 6 289 290
191 7 0 1 0 11 13 19 19 13 5 19 12 -0.0340119 57 291 292
192 7 0 1 0 20 33 13 18 18 15 16 13 -0.233535 -25 293 294
193 7 0 1 0 8 9 18 14 0 8 13 18 -0.128408 8 295 296
194 7 1 0 4 1 4 0 0 0 4 578 
195 8 0 1 0 20 14 18 12 8 24 19 19 -0.016129 70 297 298
196 8 0 1 0 1 10 18 17 17 24 15 20 -0.27381 -48 299 300
197 8 0 1 0 3 21 16 19 1 2 19 12 -0.0273973 63 301 302
198 8 1 0 3 1 4 1 0 2 0 14 
199 8 0 1 0 5 30 16 15 22 30 15 18 -0.213948 30 303 304
200 8 1 0 2 1 4 0 0 0 2 29 
201 8 1 0 2 1 4 0 0 0 2 31 
202 8 0 1 0 7 26 20 20 15 13 18 14 -0.23744 -13 305 306
203 8 1 0 2 1 4 0 0 2 0 40 
204 8 1 0 8 1 4 0 0 0 8 41 
205 8 0 1 0 34 23 20 12 18 2 20 18 -0.232143 -17 307 308
206 8 0 1 0 14 20 14 20 17 11 19 19 -0.0263158 2 309 310
207 8 1 0 4 1 4 1 3 0 0 47 
208 8 1 0 9 1 4 0 0 7 2 48 
209 8 0 1 0 26 20 16 20 28 26 17 18 -0.213816 -3 311 312
210 8 0 1 0 6 9 12 18 5 5 15 12 -0.303207 1 313 314
211 8 1 0 9 1 4 9 0 0 0 58 
212 8 1 0 3 1 4 0 2 0 1 59 
213 8 0 1 0 12 16 12 17 29 10 15 15 -0.328975 -101 315 316
214 8 1 0 3 1 4 2 1 0 0 68 
215 8 1 0 3 1 4 0 0 1 2 69 
216 8 0 1 0 16 8 20 16 30 5 14 17 -0 44 317 318
217 8 1 0 2 1 4 0 2 0 0 72 
218 8 1 0 37 1 4 37 0 0 0 73 
219 8 0 1 0 0 2 20 18 32 14 20 13 -0.195406 -12 319 320
220 8 0 1 0 18 31 15 20 15 35 12 20 -0.780124 -9 321 322
221 8 0 1 0 13 29 18 14 17 17 19 19 -0.129409 -4 323 324
222 8 1 0 6 1 4 4 0 0 2 116 
223 8 1 0 2 1 4 0 0 0 2 117 
224 8 1 0 26 1 4 26 0 0 0 118 
225 8 1 0 4 1 4 4 0 0 0 119 
226 8 0 1 0 26 20 15 17 24 26 19 15 -0.306417 -5 325 326
227 8 0 1 0 24 31 16 19 23 11 20 20 -0.287879 7 327 328
228 8 0 1 0 17 0 16 16 8 14 20 18 -0.0357143 -3 329 330
229 8 0 1 0 17 18 17 18 18 18 20 16 -0.0589399 -10 331 332
230 8 0 1 0 28 21 19 12 22 19 16 15 -0.102496 -3 333 334
231 8 1 0 6 1 4 6 0 0 0 146 
232 8 0 1 0 17 15 12 12 22 23 20 19 -0 -34 335 336
233 8 1 0 3 1 4 0 0 0 3 150 
234 8 0 1 0 12 22 15 17 30 13 19 12 -0.0135135 74 337 338
235 8 1 0 17 1 4 17 0 0 0 153 
236 8 0 1 0 24 26 13 20 21 27 19 16 -0.104448 -17 339 340
237 8 0 1 0 5 28 15 13 32 32 15 13 -0.181103 -126 341 342
238 8 0 1 0 3 29 16 12 6 26 19 20 -0.302327 -20 343 344
239 8 0 1 0 16 10 20 17 27 22 17 17 -0.02 -33 345 346
240 8 0 1 0 31 6 13 12 24 3 14 13 -0.543987 -19 347 348
241 8 1 0 2 1 4 0 0 2 0 289 
242 8 0 1 0 1 2 19 16 33 0 14 14 -0.0176136 -15 349 350
243 8 1 0 8 1 4 0 0 0 8 293 
244 8 0 1 0 9 6 15 14 11 21 20 19 -0.063147 -46 351 352
245 8 1 0 11 1 4 11 0 0 0 298 
246 8 1 0 3 1 4 0 3 0 0 299 
247 8 0 1 0 23 22 20 12 19 27 13 17 -0.284512 2 353 354
248 8 0 1 0 10 9 17 15 26 23 19 15 -0.028879 1 355 356
249 8 1 0 2 1 4 0 2 0 0 314 
250 8 1 0 71 1 4 71 0 0 0 315 
251 8 0 1 0 17 15 13 13 3 30 14 13 -0.05 22 357 358
252 8 0 1 0 19 31 15 18 1 5 16 12 -0.0957159 26 359 360
253 8 1 0 4 1 4 4 0 0 0 323 
254 8 1 0 10 1 4 0 10 0 0 324 
255 8 1 0 4 1 4 0 0 0 4 325 
256 8 0 1 0 25 7 20 14 21 0 13 16 -0.170585 76 361 362
257 8 0 1 0 21 18 13 20 19 10 13 19 -0.0238095 17 363 364
258 8 1 0 3 1 4 0 3 0 0 341 
259 8 1 0 2 1 4 0 1 1 0 346 
260 8 1 0 12 1 4 0 12 0 0 347 
261 8 1 0 2 1 4 1 1 0 0 348 
262 8 1 0 22 1 4 22 0 0 0 349 
263 8 0 1 0 17 25 12 12 11 26 12 19 -0.218107 -12 365 366
264 8 1 0 6 1 4 4 2 0 0 355 
265 8 0 1 0 21 15 13 13 22 25 20 16 -0.29065 5 367 368
266 8 1 0 6 1 4 0 0 1 5 371 
267 8 0 1 0 21 19 15 19 23 17 19 19 -0.0833333 2 369 370
268 8 1 0 2 1 4 2 0 0 0 374 
269 8 0 1 0 33 24 12 12 28 20 19 14 -0.107126 -39 371 372
270 8 0 1 0 8 1 16 19 13 21 18 12 -0.180925 -113 373 374
271 8 0 1 0 21 33 13 16 11 20 18 17 -0.149123 27 375 376
272 8 0 1 0 31 29 16 13 18 4 12 16 -0.375566 14 377 378
273 8 1 0 4 1 4 0 0 0 4 400 
274 8 0 1 0 22 9 12 19 26 14 18 15 -0.0797872 7 379 380
275 8 0 1 0 31 6 20 13 19 6 18 20 -0.0534983 -13 381 382
276 8 0 1 0 5 4 18 20 19 7 17 17 -0.0392157 -75 383 384
277 8 0 1 0 32 12 12 12 2 19 18 17 -0.2375 -100 385 386
278 8 0 1 0 25 18 13 18 30 11 18 15 -0.0347222 35 387 388
279 8 1 0 24 1 4 24 0 0 0 432 
280 8 1 0 2 1 4 1 1 0 0 433 
281 8 1 0 9 1 4 8 1 0 0 435 
282 8 0 1 0 1 25 15 14 1 2 19 17 -0.0846899 3 389 390
283 8 0 1 0 11 32 12 14 12 8 14 18 -0.619709 47 391 392
284 8 0 1 0 7 29 12 18 22 29 16 18 -0.0736764 -44 393 394
285 8 0 1 0 15 32 12 16 27 26 12 19 -0.80881 55 395 396
286 8 0 1 0 30 26 15 16 31 26 20 15 -0.170751 -17 397 398
287 8 0 1 0 30 26 20 15 23 28 19 13 -0.613382 -10 399 400
288 8 0 1 0 4 25 17 15 12 6 15 19 -0.111643 0 401 402
289 8 0 1 0 2 12 12 20 8 7 17 18 -0.521739 -30 403 404
290 8 0 1 0 1 7 20 16 1 17 17 16 -0.120187 -2 405 406
291 8 0 1 0 22 9 12 12 1 2 18 13 -0.00542005 2 407 408
292 8 1 0 2 1 4 1 0 0 1 567 
293 8 1 0 4 1 4 0 0 0 4 568 
294 8 0 1 0 35 30 16 12 10 12 15 12 -0.107602 -11 409 410
295 8 1 0 5 1 4 0 0 4 1 574 
296 8 0 1 0 34 31 15 12 25 28 19 17 -0.0352869 -7 411 412
297 9 1 0 29 1 4 29 0 0 0 2 
298 9 1 0 2 1 4 1 1 0 0 3 
299 9 0 1 0 28 31 13 18 18 10 19 15 -0.208333 -72 413 414
300 9 1 0 4 1 4 4 0 0 0 7 
301 9 1 0 71 1 4 0 0 0 71 12 
302 9 1 0 2 1 4 0 1 0 1 13 
303 9 0 1 0 25 13 15 12 28 17 18 13 -0.189144 0 415 416
304 9 1 0 3 1 4 0 0 2 1 28 
305 9 0 1 0 17 16 13 20 23 23 13 13 -0.181818 -3 417 418
306 9 1 0 8 1 4 7 1 0 0 34 
307 9 1 0 2 1 4 0 1 0 1 42 
308 9 0 1 0 15 18 20 12 26 25 12 12 -0 -4 419 420
309 9 1 0 2 1 4 1 1 0 0 45 
310 9 1 0 17 1 4 17 0 0 0 46 
311 9 1 0 2 1 4 2 0 0 0 49 
312 9 0 1 0 12 30 17 13 15 25 12 19 -0.0804954 13 421 422
313 9 0 1 0 12 14 13 13 4 2 12 15 -0.166023 5 423 424
314 9 1 0 7 1 4 5 1 1 0 57 
315 9 1 0 2 1 4 2 0 0 0 60 
316 9 0 1 0 1 26 17 14 0 29 18 12 -0.245549 -16 425 426
317 9 1 0 9 1 4 0 9 0 0 70 
318 9 1 0 2 1 4 2 0 0 0 71 
319 9 0 1 0 9 28 12 14 12 11 15 12 -0.0487805 -3 427 428
320 9 1 0 2 1 4 1 0 0 1 80 
321 9 1 0 12 1 4 0 0 0 12 81 
322 9 0 1 0 23 6 20 17 6 33 13 19 -0.385337 22 429 430
323 9 0 1 0 32 32 14 14 33 32 15 12 -0.337963 -1 431 432
324 9 0 1 0 25 24 20 17 27 19 20 13 -0.103499 18 433 434
325 9 0 1 0 16 19 15 14 12 29 16 14 -0.238095 -15 435 436
326 9 0 1 0 21 15 13 14 6 1 14 18 -0 30 437 438
327 9 1 0 6 1 4 0 1 2 3 126 
328 9 0 1 0 19 35 12 19 25 20 17 16 -0 22 439 440
329 9 1 0 12 1 4 12 0 0 0 129 
330 9 1 0 2 1 4 1 1 0 0 130 
331 9 1 0 2 1 4 0 1 0 1 139 
332 9 0 1 0 18 18 17 19 22 29 17 19 -0.0201845 -33 441 442
333 9 1 0 6 1 4 0 1 5 0 143 
334 9 0 1 0 12 17 16 15 1 12 15 19 -0.0454545 78 443 444
335 9 1 0 3 1 4 0 0 0 3 147 
336 9 1 0 9 1 4 0 0 9 0 148 
337 9 1 0 35 1 4 0 0 35 0 151 
338 9 1 0 2 1 4 0 1 1 0 152 
339 9 0 1 0 23 32 14 19 21 25 13 14 -0.0240964 -26 445 446
340 9 0 1 0 16 11 16 17 35 26 19 12 -0.194444 -15 447 448
341 9 1 0 45 1 4 0 45 0 0 164 
342 9 0 1 0 18 20 20 13 14 28 13 20 -0.173425 11 449 450
343 9 0 1 0 17 4 20 19 2 22 12 16 -0.165761 36 451 452
344 9 0 1 0 26 13 20 15 24 31 16 17 -0.111111 -19 453 454
345 9 1 0 2 1 4 1 1 0 0 279 
346 9 1 0 23 1 4 23 0 0 0 280 
347 9 0 1 0 24 30 16 14 17 11 15 18 -0 51 455 456
348 9 0 1 0 11 24 20 13 5 23 19 20 -0.388729 14 457 458
349 9 1 0 3 1 4 0 0 2 1 290 
350 9 0 1 0 7 6 15 12 11 0 17 12 -0.00549451 5 459 460
351 9 0 1 0 9 8 13 17 1 11 19 15 -0.0238095 -25 461 462
352 9 1 0 2 1 4 1 1 0 0 296 
353 9 0 1 0 10 29 15 20 9 18 17 19 -0.137161 28 463 464
354 9 1 0 3 1 4 0 0 3 0 305 
355 9 0 1 0 6 10 16 12 34 12 18 12 -0.0138623 -69 465 466
356 9 0 1 0 15 5 20 16 30 0 20 16 -0 22 467 468
357 9 1 0 2 1 4 0 0 1 1 317 
358 9 1 0 8 1 4 0 0 0 8 318 
359 9 0 1 0 18 25 20 12 4 21 16 17 -0.024948 21 469 470
360 9 1 0 7 1 4 2 5 0 0 322 
361 9 0 1 0 24 11 13 15 28 25 15 13 -0.151597 5 471 472
362 9 1 0 2 1 4 0 0 0 2 338 
363 9 1 0 19 1 4 19 0 0 0 339 
364 9 1 0 2 1 4 1 1 0 0 340 
365 9 1 0 9 1 4 0 0 1 8 351 
366 9 0 1 0 12 11 15 17 22 3 17 19 -0.0966184 13 473 474
367 9 0 1 0 26 16 17 18 32 28 19 13 -0.255573 18 475 476
368 9 0 1 0 21 8 13 15 14 8 18 16 -0.0333333 -13 477 478
369 9 1 0 6 1 4 0 2 4 0 372 
370 9 1 0 10 1 4 0 0 0 10 373 
371 9 0 1 0 11 16 12 14 26 9 19 12 -0.0294118 17 479 480
372 9 0 1 0 11 5 12 12 5 3 20 13 -0.0633462 0 481 482
373 9 1 0 5 1 4 0 0 4 1 380 
374 9 0 1 0 10 23 16 12 17 29 17 12 -0.140445 0 483 484
375 9 1 0 11 1 4 11 0 0 0 391 
376 9 0 1 0 27 8 15 15 18 27 20 16 -0.0701754 -32 485 486
377 9 1 0 9 1 4 3 6 0 0 396 
378 9 0 1 0 2 33 12 14 4 29 18 15 -0.132353 -1 487 488
379 9 0 1 0 8 21 15 18 8 35 12 15 -0.0207818 -23 489 490
380 9 1 0 9 1 4 9 0 0 0 404 
381 9 0 1 0 18 19 15 19 29 0 20 12 -0.0496607 -8 491 492
382 9 1 0 3 1 4 0 0 3 0 424 
383 9 1 0 7 1 4 7 0 0 0 425 
384 9 0 1 0 24 5 14 19 27 15 17 16 -0.0294118 6 493 494
385 9 1 0 2 1 4 0 0 1 1 428 
386 9 1 0 8 1 4 5 3 0 0 429 
387 9 1 0 18 1 4 0 0 0 18 430 
388 9 1 0 6 1 4 0 1 5 0 431 
389 9 0 1 0 10 17 16 16 25 28 18 14 -0.0125 36 495 496
390 9 1 0 3 1 4 0 1 0 2 438 
391 9 0 1 0 20 24 12 19 16 13 20 18 -0.455427 -26 497 498
392 9 0 1 0 27 16 20 16 34 18 19 12 -0.6875 31 499 500
393 9 0 1 0 30 14 12 15 3 2 19 12 -0.0330153 88 501 502
394 9 1 0 4 1 4 0 1 0 3 472 
395 9 0 1 0 6 26 20 19 9 27 15 15 -0.539725 -10 503 504
396 9 0 1 0 19 9 13 13 3 19 12 12 -0.724318 26 505 506
397 9 0 1 0 34 28 19 12 26 30 15 16 -0.175179 -35 507 508
398 9 0 1 0 11 9 19 13 17 24 16 17 -0.156331 -76 509 510
399 9 0 1 0 18 24 20 15 16 0 15 16 -0.548953 55 511 512
400 9 0 1 0 11 15 16 13 7 6 19 18 -0.0510057 47 513 514
401 9 1 0 3 1 4 2 1 0 0 555 
402 9 0 1 0 23 5 16 15 7 22 14 18 -0 -63 515 516
403 9 1 0 7 1 4 0 0 0 7 558 
404 9 0 1 0 11 25 16 20 0 16 12 17 -0.178571 51 517 518
405 9 0 1 0 32 13 14 13 26 28 13 13 -0.0298507 -100 519 520
406 9 1 0 6 1 4 1 4 0 1 564 
407 9 1 0 6 1 4 2 4 0 0 565 
408 9 1 0 240 1 4 240 0 0 0 566 
409 9 0 1 0 19 34 13 17 6 6 18 20 -0.0355556 37 521 522
410 9 0 1 0 12 24 14 18 22 28 16 14 -0.0266667 -34 523 524
411 9 0 1 0 30 32 15 16 3 8 18 15 -0.0111111 112 525 526
412 9 1 0 7 1 4 6 1 0 0 577 
413 10 1 0 2 1 4 0 1 0 1 4 
414 10 0 1 0 8 31 13 20 8 12 14 15 -0.0416667 16 527 528
415 10 1 0 2 1 4 0 0 2 0 18 
416 10 0 1 0 19 30 17 19 18 12 20 19 -0.162579 14 529 530
417 10 1 0 9 1 4 0 9 0 0 32 
418 10 1 0 2 1 4 0 1 0 1 33 
419 10 1 0 2 1 4 2 0 0 0 43 
420 10 1 0 12 1 4 0 12 0 0 44 
421 10 0 1 0 27 1 14 18 3 34 13 13 -0 -19 531 532
422 10 1 0 21 1 4 0 0 0 21 52 
423 10 0 1 0 28 5 16 19 21 11 17 20 -0.115274 1 533 534
424 10 1 0 5 1 4 0 5 0 0 56 
425 10 1 0 2 1 4 2 0 0 0 61 
426 10 0 1 0 5 19 15 13 1 23 18 16 -0.187641 6 535 536
427 10 1 0 2 1 4 0 1 0 1 78 
428 10 1 0 39 1 4 0 0 0 39 79 
429 10 0 1 0 1 24 20 14 7 27 20 19 -0 -44 537 538
430 10 1 0 6 1 4 0 2 0 4 84 
431 10 1 0 6 1 4 6 0 0 0 85 
432 10 0 1 0 18 25 18 12 3 6 17 18 -0.0166667 41 539 540
433 10 0 1 0 28 14 18 16 27 29 17 16 -0.0979869 -2 541 542
434 10 1 0 3 1 4 2 0 0 1 115 
435 10 1 0 7 1 4 0 0 4 3 120 
436 10 1 0 3 1 4 2 1 0 0 121 
437 10 1 0 2 1 4 0 0 2 0 122 
438 10 1 0 32 1 4 0 0 0 32 123 
439 10 1 0 4 1 4 4 0 0 0 127 
440 10 1 0 12 1 4 0 12 0 0 128 
441 10 1 0 2 1 4 0 2 0 0 140 
442 10 0 1 0 23 6 17 15 27 21 18 12 -0.0150376 -45 543 544
443 10 1 0 9 1 4 0 9 0 0 144 
444 10 1 0 2 1 4 1 1 0 0 145 
445 10 1 0 2 1 4 2 0 0 0 154 
446 10 0 1 0 9 29 17 15 19 34 13 12 -0.0193588 -3 545 546
447 10 0 1 0 13 16 20 18 1 3 19 15 -0 77 547 548
448 10 0 1 0 30 31 13 13 16 17 17 16 -0.12963 11 549 550
449 10 0 1 0 10 14 12 17 21 17 13 20 -0.164683 5 551 552
450 10 0 1 0 0 25 20 14 30 28 13 16 -0.0512821 25 553 554
451 10 0 1 0 3 7 17 12 1 6 18 12 -0.0789605 4 555 556
452 10 1 0 4 1 4 1 0 2 1 275 
453 10 0 1 0 29 22 16 16 14 11 13 12 -0 42 557 558
454 10 1 0 3 1 4 3 0 0 0 278 
455 10 1 0 9 1 4 9 0 0 0 281 
456 10 1 0 2 1 4 0 2 0 0 282 
457 10 0 1 0 3 2 17 16 6 16 12 13 -0.20864 -1 559 560
458 10 1 0 10 1 4 0 0 0 10 288 
459 10 1 0 89 1 4 0 0 0 89 291 
460 10 1 0 2 1 4 0 0 1 1 292 
461 10 1 0 2 1 4 0 1 1 0 294 
462 10 1 0 19 1 4 0 0 19 0 295 
463 10 0 1 0 0 29 17 19 0 17 19 20 -0 -16 561 562
464 10 0 1 0 16 28 17 20 7 19 19 18 -0.10119 36 563 564
465 10 1 0 3 1 4 2 1 0 0 306 
466 10 0 1 0 20 27 17 20 30 26 16 15 -0.00959242 -48 565 566
467 10 1 0 7 1 4 0 7 0 0 311 
468 10 1 0 5 1 4 5 0 0 0 312 
469 10 0 1 0 3 19 19 20 9 10 17 14 -0.0135135 1 567 568
470 10 1 0 2 1 4 0 0 0 2 321 
471 10 0 1 0 22 24 13 12 19 24 20 19 -0.124213 25 569 570
472 10 1 0 9 1 4 7 2 0 0 337 
473 10 0 1 0 7 11 20 16 16 14 12 15 -0 -6 571 572
474 10 1 0 4 1 4 0 4 0 0 354 
475 10 0 1 0 26 18 19 17 19 11 15 19 -0.215614 -22 573 574
476 10 1 0 2 1 4 0 0 0 2 368 
477 10 1 0 2 1 4 1 1 0 0 369 
478 10 1 0 13 1 4 13 0 0 0 370 
479 10 1 0 15 1 4 15 0 0 0 375 
480 10 1 0 2 1 4 1 1 0 0 376 
481 10 1 0 3 1 4 0 1 1 1 377 
482 10 0 1 0 14 34 12 17 2 15 12 16 -0.0113636 133 575 576
483 10 0 1 0 19 32 15 12 17 24 18 18 -0.103822 23 577 578
484 10 1 0 2 1 4 0 0 1 1 390 
485 10 0 1 0 5 31 16 17 6 9 15 19 -0.0383333 76 579 580
486 10 1 0 7 1 4 7 0 0 0 395 
487 10 1 0 5 1 4 0 0 0 5 397 
488 10 0 1 0 18 3 19 19 32 31 12 14 -0 -23 581 582
489 10 0 1 0 25 29 13 18 26 9 13 12 -0.0116279 17 583 584
490 10 1 0 4 1 4 4 0 0 0 403 
491 10 1 0 3 1 4 1 0 1 1 405 
492 10 0 1 0 2 6 16 13 5 16 15 14 -0.0435318 -75 585 586
493 10 1 0 15 1 4 0 15 0 0 426 
494 10 1 0 2 1 4 0 1 1 0 427 
495 10 1 0 38 1 4 0 38 0 0 436 
496 10 1 0 2 1 4 1 1 0 0 437 
497 10 1 0 5 1 4 0 0 0 5 443 
498 10 0 1 0 20 6 20 13 28 5 12 16 -0.395692 19 587 588
499 10 0 1 0 27 15 19 13 19 16 16 18 -0.185897 -7 589 590
500 10 1 0 4 1 4 4 0 0 0 465 
501 10 0 1 0 5 32 13 15 5 24 17 15 -0.0259229 14 591 592
502 10 1 0 2 1 4 0 0 0 2 471 
503 10 1 0 6 1 4 0 1 0 5 473 
504 10 0 1 0 30 26 12 15 17 4 15 14 -0.452332 34 593 594
505 10 0 1 0 31 4 16 15 20 1 18 20 -0.25974 -15 595 596
506 10 0 1 0 11 24 17 15 5 28 13 16 -0.384425 47 597 598
507 10 0 1 0 21 21 16 12 17 10 18 16 -0.111111 3 599 600
508 10 0 1 0 5 31 12 13 5 33 12 13 -0.0388253 10 601 602
509 10 1 0 5 1 4 0 1 0 4 495 
510 10 0 1 0 25 7 13 20 25 5 13 16 -0.145154 -11 603 604
511 10 0 1 0 12 27 17 20 13 30 15 17 -0.568376 -2 605 606
512 10 0 1 0 14 1 14 19 26 13 12 20 -0.228388 -25 607 608
513 10 0 1 0 2 13 19 15 28 32 15 12 -0.0172414 -125 609 610
514 10 1 0 3 1 4 0 1 2 0 554 
515 10 1 0 2 1 4 0 0 2 0 556 
516 10 1 0 17 1 4 0 0 0 17 557 
517 10 1 0 2 1 4 0 0 0 2 559 
518 10 0 1 0 20 6 15 17 20 22 13 19 -0 0 611 612
519 10 1 0 2 1 4 0 1 0 1 562 
520 10 1 0 65 1 4 0 0 0 65 563 
521 10 1 0 2 1 4 2 0 0 0 569 
522 10 0 1 0 27 20 14 14 27 25 20 18 -0.02 9 613 614
523 10 1 0 5 1 4 1 4 0 0 572 
524 10 1 0 25 1 4 25 0 0 0 573 
525 10 1 0 43 1 4 0 43 0 0 575 
526 10 1 0 2 1 4 0 1 1 0 576 
527 11 1 0 10 1 4 0 10 0 0 5 
528 11 1 0 2 1 4 1 1 0 0 6 
529 11 0 1 0 25 7 13 14 19 5 12 17 -0.11958 39 615 616
530 11 1 0 4 1 4 2 0 0 2 27 
531 11 1 0 13 1 4 0 0 13 0 50 
532 11 1 0 4 1 4 0 0 0 4 51 
533 11 1 0 4 1 4 0 0 1 3 53 
534 11 0 1 0 10 33 12 16 15 30 16 17 -0.0242424 -1 617 618
535 11 0 1 0 22 15 17 18 24 0 15 20 -0.115938 -3 619 620
536 11 1 0 5 1 4 2 1 0 2 67 
537 11 1 0 5 1 4 0 5 0 0 82 
538 11 1 0 12 1 4 12 0 0 0 83 
539 11 1 0 2 1 4 1 1 0 0 86 
540 11 1 0 28 1 4 0 0 0 28 87 
541 11 0 1 0 15 33 14 20 23 10 20 19 -0.282411 20 621 622
542 11 0 1 0 14 10 20 17 13 3 17 14 -0.0365097 -15 623 624
543 11 1 0 7 1 4 5 2 0 0 141 
544 11 1 0 88 1 4 88 0 0 0 142 
545 11 0 1 0 10 4 19 17 1 33 14 12 -0.0093939 -44 625 626
546 11 1 0 5 1 4 0 3 2 0 158 
547 11 1 0 24 1 4 0 0 24 0 159 
548 11 1 0 3 1 4 0 3 0 0 160 
549 11 1 0 9 1 4 0 7 2 0 161 
550 11 1 0 3 1 4 3 0 0 0 162 
551 11 0 1 0 1 30 15 13 24 14 12 15 -0.138819 -3 627 628
552 11 0 1 0 6 30 12 13 10 7 15 15 -0.303494 35 629 630
553 11 1 0 10 1 4 10 0 0 0 268 
554 11 1 0 3 1 4 0 1 2 0 269 
555 11 0 1 0 24 13 13 13 22 24 12 16 -0.0499776 -46 631 632
556 11 1 0 5 1 4 0 0 5 0 274 
557 11 1 0 2 1 4 0 0 0 2 276 
558 11 1 0 10 1 4 0 0 10 0 277 
559 11 1 0 4 1 4 3 1 0 0 283 
560 11 0 1 0 1 31 14 14 28 18 14 18 -0.105051 -25 633 634
561 11 1 0 3 1 4 0 3 0 0 300 
562 11 1 0 16 1 4 16 0 0 0 301 
563 11 1 0 2 1 4 0 1 1 0 302 
564 11 0 1 0 22 15 20 17 14 9 17 16 -0.0416667 27 635 636
565 11 1 0 2 1 4 0 1 1 0 307 
566 11 0 1 0 9 6 18 18 27 34 13 18 -0.00582132 -14 637 638
567 11 1 0 35 1 4 0 0 35 0 319 
568 11 1 0 2 1 4 0 1 1 0 320 
569 11 0 1 0 0 8 20 13 6 21 12 18 -0.111831 4 639 640
570 11 1 0 2 1 4 0 0 0 2 336 
571 11 1 0 3 1 4 0 0 0 3 352 
572 11 1 0 20 1 4 0 0 20 0 353 
573 11 1 0 3 1 4 0 1 0 2 358 
574 11 0 1 0 20 29 13 20 13 8 12 17 -0.159535 90 641 642
575 11 1 0 42 1 4 0 42 0 0 378 
576 11 1 0 2 1 4 1 1 0 0 379 
577 11 0 1 0 23 30 15 15 20 28 16 15 -0.0669909 10 643 644
578 11 1 0 7 1 4 1 4 1 1 389 
579 11 0 1 0 25 25 19 12 35 20 14 12 -0.0138889 49 645 646
580 11 1 0 2 1 4 0 0 2 0 394 
581 11 1 0 9 1 4 0 0 9 0 398 
582 11 1 0 3 1 4 0 3 0 0 399 
583 11 1 0 2 1 4 1 1 0 0 401 
584 11 1 0 41 1 4 0 41 0 0 402 
585 11 1 0 3 1 4 0 2 0 1 406 
586 11 0 1 0 23 14 12 19 22 9 18 19 -0.0389187 -18 647 648
587 11 0 1 0 21 1 18 19 32 13 16 12 -0.381274 6 649 650
588 11 0 1 0 35 13 13 12 32 21 12 14 -0.286745 -86 651 652
589 11 0 1 0 25 11 13 13 9 3 13 20 -0 -9 653 654
590 11 1 0 3 1 4 1 2 0 0 464 
591 11 0 1 0 19 35 12 16 3 20 14 17 -0.00618113 28 655 656
592 11 0 1 0 32 29 18 15 28 27 18 14 -0.0380435 -1 657 658
593 11 0 1 0 6 33 14 16 18 34 13 12 -0.377182 -36 659 660
594 11 1 0 3 1 4 0 0 0 3 482 
595 11 1 0 3 1 4 3 0 0 0 483 
596 11 0 1 0 1 35 12 20 8 12 19 16 -0.181818 29 661 662
597 11 0 1 0 22 15 12 19 27 18 19 16 -0.219577 9 663 664
598 11 1 0 6 1 4 1 5 0 0 489 
599 11 1 0 2 1 4 0 1 0 1 490 
600 11 1 0 16 1 4 0 16 0 0 491 
601 11 0 1 0 21 27 18 17 20 26 19 12 -0 -7 665 666
602 11 1 0 8 1 4 0 8 0 0 494 
603 11 1 0 4 1 4 0 0 0 4 496 
604 11 0 1 0 23 34 13 13 20 11 19 12 -0.138653 5 667 668
605 11 0 1 0 4 9 19 14 1 14 17 17 -0.384615 -2 669 670
606 11 1 0 10 1 4 0 0 0 10 543 
607 11 1 0 5 1 4 0 1 0 4 544 
608 11 0 1 0 24 27 16 17 12 7 12 12 -0.151438 85 671 672
609 11 1 0 2 1 4 1 1 0 0 552 
610 11 1 0 27 1 4 27 0 0 0 553 
611 11 1 0 10 1 4 0 10 0 0 560 
612 11 1 0 4 1 4 4 0 0 0 561 
613 11 1 0 23 1 4 0 23 0 0 570 
614 11 1 0 2 1 4 1 1 0 0 571 
615 12 0 1 0 5 27 19 16 28 33 14 17 -0.090182 30 673 674
616 12 1 0 2 1 4 1 0 0 1 26 
617 12 1 0 5 1 4 0 4 1 0 54 
618 12 1 0 28 1 4 0 0 28 0 55 
619 12 1 0 3 1 4 0 2 0 1 62 
620 12 0 1 0 19 19 18 14 17 31 16 16 -0.0751412 4 675 676
621 12 1 0 6 1 4 5 0 0 1 88 
622 12 0 1 0 11 30 16 15 16 15 14 17 -0.245565 2 677 678
623 12 1 0 2 1 4 0 1 0 1 102 
624 12 0 1 0 26 1 12 15 23 14 15 12 -0.034416 20 679 680
625 12 1 0 2 1 4 1 1 0 0 155 
626 12 0 1 0 2 26 15 19 13 16 19 15 -0.00318471 -39 681 682
627 12 0 1 0 22 29 16 14 15 33 14 12 -0.34463 -4 683 684
628 12 0 1 0 5 4 12 13 7 0 13 20 -0.115302 -21 685 686
629 12 0 1 0 19 26 17 14 11 4 14 16 -0.198442 14 687 688
630 12 0 1 0 31 21 19 14 11 9 18 15 -0.195403 -4 689 690
631 12 0 1 0 21 3 20 14 33 16 12 12 -0.08 -60 691 692
632 12 0 1 0 26 4 19 12 26 14 16 13 -0.0185529 -51 693 694
633 12 1 0 3 1 4 0 0 0 3 284 
634 12 0 1 0 12 11 14 16 8 7 20 20 -0.0320988 4 695 696
635 12 1 0 10 1 4 0 10 0 0 303 
636 12 1 0 2 1 4 1 1 0 0 304 
637 12 0 1 0 9 12 14 15 7 28 17 19 -0.00313725 -37 697 698
638 12 1 0 2 1 4 0 1 1 0 310 
639 12 0 1 0 1 21 20 17 6 25 15 12 -0.094848 6 699 700
640 12 1 0 4 1 4 0 0 4 0 335 
641 12 0 1 0 33 30 13 12 27 26 17 12 -0.123049 -19 701 702
642 12 1 0 6 1 4 0 1 5 0 367 
643 12 0 1 0 21 9 14 15 0 23 19 12 -0.0467342 -49 703 704
644 12 1 0 8 1 4 1 7 0 0 388 
645 12 1 0 3 1 4 2 1 0 0 392 
646 12 1 0 45 1 4 0 45 0 0 393 
647 12 1 0 5 1 4 2 0 3 0 407 
648 12 0 1 0 16 26 18 12 14 31 14 17 -0.0346581 -15 705 706
649 12 0 1 0 30 3 17 14 20 4 17 19 -0.108108 -4 707 708
650 12 0 1 0 10 29 14 15 16 25 12 14 -0.12963 -1 709 710
651 12 1 0 5 1 4 0 0 4 1 450 
652 12 0 1 0 13 4 20 12 24 32 13 12 -0.224932 -71 711 712
653 12 1 0 3 1 4 0 0 3 0 462 
654 12 1 0 10 1 4 0 0 0 10 463 
655 12 1 0 2 1 4 1 1 0 0 466 
656 12 0 1 0 0 25 18 18 16 22 19 17 -0.00208333 -22 713 714
657 12 1 0 15 1 4 0 15 0 0 469 
658 12 1 0 8 1 4 7 1 0 0 470 
659 12 0 1 0 25 28 14 19 24 10 15 20 -0.313217 16 715 716
660 12 0 1 0 24 19 17 14 2 23 17 20 -0.0441176 -5 717 718
661 12 1 0 9 1 4 0 9 0 0 484 
662 12 1 0 2 1 4 0 1 0 1 485 
663 12 1 0 6 1 4 0 4 0 2 486 
664 12 0 1 0 5 18 15 20 10 1 20 18 -0.0555556 33 719 720
665 12 1 0 39 1 4 39 0 0 0 492 
666 12 1 0 2 1 4 0 2 0 0 493 
667 12 0 1 0 34 25 19 13 31 26 13 13 -0.0407416 -6 721 722
668 12 0 1 0 16 0 15 17 20 24 17 15 -0.125458 -12 723 724
669 12 1 0 9 1 4 0 2 2 5 539 
670 12 0 1 0 21 25 19 15 19 14 18 13 -0.101961 34 725 726
671 12 0 1 0 30 11 18 14 26 7 16 17 -0.102105 -9 727 728
672 12 1 0 2 1 4 0 0 1 1 551 
673 13 0 1 0 18 16 13 20 18 31 16 19 -0.0615232 -11 729 730
674 13 1 0 2 1 4 1 0 0 1 25 
675 13 0 1 0 9 6 20 18 15 20 13 20 -0.0422407 5 731 732
676 13 1 0 3 1 4 1 0 1 1 66 
677 13 0 1 0 9 34 12 13 4 24 14 17 -0.705882 26 733 734
678 13 0 1 0 6 23 12 12 4 26 14 17 -0.164177 -43 735 736
679 13 0 1 0 22 30 17 20 25 30 17 15 -0.0321916 -10 737 738
680 13 1 0 2 1 4 0 1 0 1 114 
681 13 1 0 2 1 4 1 1 0 0 156 
682 13 1 0 155 1 4 0 155 0 0 157 
683 13 0 1 0 28 27 18 12 5 23 12 15 -0.135198 12 739 740
684 13 0 1 0 26 13 17 14 3 18 19 15 -0.322088 14 741 742
685 13 0 1 0 12 34 13 17 8 5 19 19 -0 67 743 744
686 13 0 1 0 21 14 19 13 22 20 18 15 -0.106302 7 745 746
687 13 1 0 27 1 4 0 0 27 0 251 
688 13 0 1 0 16 34 13 19 3 20 16 19 -0.144912 28 747 748
689 13 0 1 0 3 25 20 15 2 20 20 18 -0.258364 9 749 750
690 13 0 1 0 14 4 13 15 1 10 13 17 -0.125909 11 751 752
691 13 1 0 5 1 4 0 0 1 4 270 
692 13 1 0 5 1 4 0 0 5 0 271 
693 13 1 0 7 1 4 0 0 2 5 272 
694 13 1 0 70 1 4 0 0 0 70 273 
695 13 0 1 0 34 25 18 13 26 5 20 15 -0.0185185 -1 753 754
696 13 1 0 3 1 4 0 3 0 0 287 
697 13 1 0 5 1 4 0 4 1 0 308 
698 13 1 0 250 1 4 0 250 0 0 309 
699 13 0 1 0 3 33 12 12 1 16 18 17 -0.0816314 23 755 756
700 13 1 0 3 1 4 0 0 2 1 334 
701 13 0 1 0 28 17 20 15 26 15 19 14 -0.0791246 -14 757 758
702 13 0 1 0 30 4 14 15 26 22 16 19 -0 -13 759 760
703 13 1 0 3 1 4 0 2 1 0 381 
704 13 0 1 0 24 29 15 19 30 29 18 16 -0.0337094 14 761 762
705 13 0 1 0 8 30 17 14 11 29 15 12 -0.0953895 -3 763 764
706 13 0 1 0 28 22 18 18 29 22 18 13 -0.0202799 -14 765 766
707 13 1 0 13 1 4 13 0 0 0 444 
708 13 0 1 0 15 8 13 19 23 10 18 13 -0.0757576 -2 767 768
709 13 1 0 3 1 4 1 2 0 0 448 
710 13 1 0 9 1 4 0 0 8 1 449 
711 13 1 0 4 1 4 1 0 0 3 451 
712 13 0 1 0 17 12 19 20 7 0 12 15 -0.142765 -6 769 770
713 13 1 0 238 1 4 0 238 0 0 467 
714 13 1 0 2 1 4 0 1 1 0 468 
715 13 0 1 0 25 34 13 14 28 32 12 19 -0.345238 35 771 772
716 13 0 1 0 31 19 13 15 4 33 13 15 -0.0694444 -18 773 774
717 13 1 0 4 1 4 0 3 1 0 480 
718 13 1 0 13 1 4 13 0 0 0 481 
719 13 1 0 34 1 4 0 0 0 34 487 
720 13 1 0 2 1 4 0 1 0 1 488 
721 13 0 1 0 12 16 16 15 9 5 16 15 -0.0208333 41 775 776
722 13 0 1 0 12 16 16 15 9 5 16 15 -0.0217391 2 777 778
723 13 0 1 0 32 26 17 15 26 9 19 16 -0.113257 -21 779 780
724 13 1 0 4 1 4 0 0 0 4 538 
725 13 0 1 0 15 0 14 12 18 24 20 17 -0 -44 781 782
726 13 1 0 2 1 4 0 0 2 0 542 
727 13 0 1 0 35 14 19 12 11 25 12 20 -0 -111 783 784
728 13 0 1 0 21 9 18 18 8 5 18 16 -0.0618116 38 785 786
729 14 0 1 0 1 26 20 12 2 28 13 14 -0.112821 0 787 788
730 14 0 1 0 28 22 17 16 4 11 20 15 -0.00548099 106 789 790
731 14 0 1 0 2 6 18 20 9 0 20 17 -0.0175439 4 791 792
732 14 1 0 6 1 4 0 1 1 4 65 
733 14 1 0 3 1 4 3 0 0 0 89 
734 14 0 1 0 25 19 17 13 24 28 18 16 -0.0392157 -5 793 794
735 14 1 0 5 1 4 2 0 0 3 92 
736 14 0 1 0 6 28 18 16 11 5 13 19 -0.126667 2 795 796
737 14 1 0 4 1 4 1 0 0 3 103 
738 14 0 1 0 28 11 16 17 24 15 12 15 -0.0280935 -59 797 798
739 14 1 0 3 1 4 0 2 1 0 165 
740 14 0 1 0 22 16 17 12 28 34 13 13 -0.0677128 -52 799 800
741 14 0 1 0 3 16 13 15 15 7 18 15 -0.219048 0 801 802
742 14 0 1 0 12 35 12 20 15 27 12 17 -0.19583 28 803 804
743 14 1 0 6 1 4 6 0 0 0 182 
744 14 1 0 4 1 4 0 0 4 0 183 
745 14 0 1 0 12 9 14 19 32 27 15 14 -0.102492 -3 805 806
746 14 1 0 5 1 4 4 1 0 0 250 
747 14 0 1 0 12 15 15 12 5 0 16 18 -0.166667 55 807 808
748 14 0 1 0 19 22 20 16 22 19 19 12 -0 10 809 810
749 14 1 0 9 1 4 2 6 1 0 256 
750 14 0 1 0 13 19 18 16 22 26 18 14 -0.10989 -2 811 812
751 14 0 1 0 10 33 14 19 14 33 13 17 -0.0951437 -1 813 814
752 14 1 0 5 1 4 0 0 0 5 267 
753 14 1 0 2 1 4 0 1 1 0 285 
754 14 1 0 25 1 4 0 0 25 0 286 
755 14 0 1 0 11 11 14 14 19 20 17 19 -0.0688744 -78 815 816
756 14 1 0 8 1 4 5 3 0 0 333 
757 14 1 0 3 1 4 3 0 0 0 359 
758 14 0 1 0 10 17 15 20 24 33 12 20 -0.0620567 31 817 818
759 14 1 0 7 1 4 7 0 0 0 365 
760 14 1 0 4 1 4 0 4 0 0 366 
761 14 0 1 0 1 10 12 15 26 26 15 14 -0.0113408 -127 819 820
762 14 0 1 0 15 24 14 17 18 30 17 19 -0 -12 821 822
763 14 1 0 3 1 4 0 0 0 3 408 
764 14 0 1 0 25 26 19 16 18 19 17 17 -0 23 823 824
765 14 0 1 0 24 13 19 18 27 19 12 15 -0.148485 6 825 826
766 14 0 1 0 3 29 18 20 7 26 13 17 -0.0125562 43 827 828
767 14 1 0 2 1 4 0 0 2 0 445 
768 14 0 1 0 29 21 19 13 3 23 16 20 -0 -25 829 830
769 14 1 0 2 1 4 0 0 0 2 452 
770 14 0 1 0 22 30 14 17 15 25 17 13 -0.11231 20 831 832
771 14 1 0 6 1 4 2 4 0 0 474 
772 14 1 0 8 1 4 0 1 0 7 475 
773 14 1 0 3 1 4 0 0 1 2 476 
774 14 0 1 0 18 7 14 19 11 15 15 13 -0.0425381 68 833 834
775 14 1 0 22 1 4 0 22 0 0 497 
776 14 1 0 2 1 4 1 1 0 0 498 
777 14 1 0 2 1 4 1 1 0 0 499 
778 14 1 0 21 1 4 21 0 0 0 500 
779 14 1 0 5 1 4 0 0 0 5 501 
780 14 0 1 0 7 28 17 13 4 28 17 19 -0.107925 18 835 836
781 14 1 0 2 1 4 2 0 0 0 540 
782 14 1 0 13 1 4 0 13 0 0 541 
783 14 1 0 3 1 4 0 3 0 0 545 
784 14 1 0 7 1 4 7 0 0 0 546 
785 14 0 1 0 29 32 12 16 30 28 19 14 -0.0128139 -7 837 838
786 14 1 0 2 1 4 0 1 0 1 550 
787 15 1 0 2 1 4 0 0 0 2 19 
788 15 0 1 0 3 20 20 18 6 30 14 19 -0 -13 839 840
789 15 0 1 0 24 15 17 15 27 33 13 13 -0.00184502 -18 841 842
790 15 1 0 2 1 4 1 1 0 0 24 
791 15 1 0 167 1 4 0 0 0 167 63 
792 15 1 0 4 1 4 0 1 0 3 64 
793 15 1 0 3 1 4 1 2 0 0 90 
794 15 1 0 14 1 4 0 0 0 14 91 
795 15 0 1 0 22 24 20 18 24 28 12 17 -0 10 843 844
796 15 0 1 0 23 22 20 20 24 13 13 14 -0.0958044 -5 845 846
797 15 1 0 9 1 4 1 0 0 8 104 
798 15 0 1 0 29 32 14 13 15 34 13 20 -0.0232687 -23 847 848
799 15 0 1 0 26 13 12 16 20 8 17 15 -0 12 849 850
800 15 0 1 0 8 20 13 12 26 4 13 19 -0.0121951 52 851 852
801 15 0 1 0 11 22 19 20 6 18 15 20 -0.05 28 853 854
802 15 0 1 0 0 18 15 12 7 25 17 16 -0.120635 0 855 856
803 15 0 1 0 29 28 16 15 27 33 14 15 -0.172978 0 857 858
804 15 1 0 11 1 4 0 0 0 11 181 
805 15 0 1 0 15 20 12 18 18 15 16 15 -0.0941893 -3 859 860
806 15 0 1 0 8 32 15 17 1 27 20 14 -0.0825758 20 861 862
807 15 1 0 10 1 4 10 0 0 0 252 
808 15 1 0 2 1 4 1 0 1 0 253 
809 15 1 0 4 1 4 0 0 4 0 254 
810 15 1 0 34 1 4 0 34 0 0 255 
811 15 0 1 0 16 15 12 20 17 11 14 13 -0.0571429 7 863 864
812 15 1 0 12 1 4 0 0 12 0 259 
813 15 0 1 0 35 23 19 12 20 17 19 12 -0.1 -14 865 866
814 15 0 1 0 0 9 17 15 1 12 20 12 -0.0344342 10 867 868
815 15 0 1 0 14 22 14 19 3 13 16 20 -0 67 869 870
816 15 0 1 0 5 27 17 12 6 14 16 15 -0.0234672 9 871 872
817 15 0 1 0 35 33 12 12 20 28 19 16 -0.0212766 -44 873 874
818 15 1 0 2 1 4 0 1 0 1 364 
819 15 1 0 4 1 4 1 3 0 0 382 
820 15 0 1 0 13 10 13 18 21 28 17 14 -0.00631116 -68 875 876
821 15 1 0 7 1 4 0 7 0 0 386 
822 15 1 0 8 1 4 8 0 0 0 387 
823 15 1 0 30 1 4 30 0 0 0 409 
824 15 1 0 4 1 4 0 4 0 0 410 
825 15 1 0 8 1 4 0 7 0 1 411 
826 15 0 1 0 19 21 14 17 10 6 18 18 -0.0227273 19 877 878
827 15 0 1 0 12 32 12 17 6 33 14 19 -0.010322 25 879 880
828 15 1 0 3 1 4 0 3 0 0 423 
829 15 1 0 2 1 4 2 0 0 0 446 
830 15 1 0 20 1 4 0 20 0 0 447 
831 15 0 1 0 24 23 15 15 35 28 13 12 -0.0789283 32 881 882
832 15 1 0 5 1 4 0 4 0 1 461 
833 15 0 1 0 23 21 12 14 22 15 16 13 -0.010989 -13 883 884
834 15 1 0 2 1 4 0 1 0 1 479 
835 15 0 1 0 28 28 16 14 33 33 14 13 -0.101227 4 885 886
836 15 1 0 4 1 4 0 1 0 3 537 
837 15 1 0 2 1 4 2 0 0 0 547 
838 15 0 1 0 26 2 16 17 2 1 17 17 -0.00666667 10 887 888
839 16 1 0 11 1 4 11 0 0 0 20 
840 16 1 0 2 1 4 0 2 0 0 21 
841 16 1 0 2 1 4 1 1 0 0 22 
842 16 1 0 269 1 4 269 0 0 0 23 
843 16 1 0 4 1 4 0 4 0 0 93 
844 16 1 0 7 1 4 0 0 0 7 94 
845 16 0 1 0 10 27 12 13 12 23 17 14 -0.00671141 -23 889 890
846 16 0 1 0 16 3 20 16 6 10 14 14 -0.227028 43 891 892
847 16 0 1 0 6 13 20 17 7 20 20 13 -0.0133773 7 893 894
848 16 0 1 0 24 15 20 20 21 20 13 16 -0 -22 895 896
849 16 1 0 7 1 4 0 0 7 0 166 
850 16 1 0 4 1 4 0 0 0 4 167 
851 16 1 0 39 1 4 0 0 0 39 168 
852 16 1 0 2 1 4 0 0 1 1 169 
853 16 1 0 8 1 4 0 0 8 0 170 
854 16 1 0 2 1 4 0 0 1 1 171 
855 16 1 0 9 1 4 1 8 0 0 172 
856 16 1 0 5 1 4 0 1 4 0 173 
857 16 0 1 0 12 33 13 14 26 32 12 20 -0.0833333 14 897 898
858 16 0 1 0 3 20 12 17 0 26 18 18 -0.0846154 -11 899 900
859 16 0 1 0 26 4 15 12 31 5 12 12 -0.4 17 901 902
860 16 0 1 0 35 29 18 12 6 14 14 18 -0.0860499 2 903 904
861 16 0 1 0 18 34 13 17 1 30 16 18 -0 20 905 906
862 16 0 1 0 28 22 12 13 9 5 12 17 -0 10 907 908
863 16 1 0 5 1 4 0 1 4 0 257 
864 16 1 0 9 1 4 0 9 0 0 258 
865 16 1 0 8 1 4 2 6 0 0 260 
866 16 1 0 7 1 4 0 0 7 0 261 
867 16 0 1 0 16 27 19 19 26 30 15 18 -0.020674 36 909 910
868 16 1 0 3 1 4 0 3 0 0 266 
869 16 1 0 3 1 4 0 0 0 3 326 
870 16 1 0 12 1 4 0 12 0 0 327 
871 16 0 1 0 20 18 16 14 22 26 13 20 -0.00793651 34 911 912
872 16 1 0 3 1 4 0 1 1 1 332 
873 16 0 1 0 9 23 12 12 7 12 15 18 -0.0161836 53 913 914
874 16 1 0 2 1 4 0 0 2 0 363 
875 16 1 0 2 1 4 1 1 0 0 383 
876 16 0 1 0 13 33 14 13 13 30 16 13 -0.00212766 17 915 916
877 16 1 0 2 1 4 1 1 0 0 412 
878 16 1 0 20 1 4 20 0 0 0 413 
879 16 0 1 0 20 19 15 16 21 21 15 15 -0.00655486 -11 917 918
880 16 1 0 2 1 4 1 0 0 1 422 
881 16 0 1 0 10 29 15 17 24 27 17 15 -0.0417181 -29 919 920
882 16 0 1 0 23 16 17 19 1 12 19 12 -0.311688 33 921 922
883 16 1 0 4 1 4 2 2 0 0 477 
884 16 1 0 87 1 4 0 87 0 0 478 
885 16 0 1 0 13 31 16 19 21 29 14 15 -0.292168 3 923 924
886 16 0 1 0 23 11 15 15 25 24 20 19 -0.0713658 -5 925 926
887 16 1 0 73 1 4 0 73 0 0 548 
888 16 1 0 2 1 4 1 1 0 0 549 
889 17 1 0 2 1 4 0 1 0 1 95 
890 17 1 0 296 1 4 0 0 0 296 96 
891 17 0 1 0 11 3 12 14 0 11 16 20 -0.200457 -7 927 928
892 17 1 0 4 1 4 0 4 0 0 101 
893 17 0 1 0 6 16 15 16 4 29 15 14 -0.00914876 14 929 930
894 17 1 0 5 1 4 1 0 0 4 111 
895 17 1 0 2 1 4 2 0 0 0 112 
896 17 1 0 28 1 4 0 0 0 28 113 
897 17 0 1 0 20 1 17 17 5 11 12 15 -0.0328165 -9 931 932
898 17 1 0 3 1 4 1 1 1 0 177 
899 17 0 1 0 6 24 17 20 21 19 12 13 -0 -9 933 934
900 17 1 0 7 1 4 0 0 0 7 180 
901 17 1 0 6 1 4 0 1 4 1 184 
902 17 0 1 0 26 7 16 15 4 22 14 16 -0.08 -33 935 936
903 17 0 1 0 19 9 15 18 0 33 12 12 -0.198276 0 937 938
904 17 0 1 0 30 5 12 15 3 34 13 13 -0.0784583 0 939 940
905 17 1 0 18 1 4 0 0 18 0 246 
906 17 1 0 2 1 4 0 2 0 0 247 
907 17 1 0 22 1 4 0 0 0 22 248 
908 17 1 0 2 1 4 0 0 2 0 249 
909 17 0 1 0 16 27 19 19 26 30 15 18 -0.0156614 21 941 942
910 17 1 0 2 1 4 0 0 0 2 265 
911 17 0 1 0 25 26 16 14 23 25 12 18 -0.00598387 -7 943 944
912 17 1 0 2 1 4 2 0 0 0 331 
913 17 0 1 0 26 8 20 13 22 4 13 17 -0.00555556 -5 945 946
914 17 1 0 2 1 4 0 1 1 0 362 
915 17 1 0 233 1 4 233 0 0 0 384 
916 17 1 0 2 1 4 1 1 0 0 385 
917 17 1 0 3 1 4 1 1 1 0 414 
918 17 0 1 0 1 9 16 14 2 11 12 13 -0.00454668 20 947 948
919 17 1 0 3 1 4 0 3 0 0 453 
920 17 0 1 0 29 9 13 15 28 10 14 12 -0.0340135 1 949 950
921 17 1 0 4 1 4 4 0 0 0 459 
922 17 1 0 7 1 4 0 6 0 1 460 
923 17 0 1 0 4 30 12 12 2 28 16 14 -0.123629 11 951 952
924 17 0 1 0 34 2 12 13 9 3 12 18 -0.186895 -4 953 954
925 17 0 1 0 16 28 17 14 34 20 16 13 -0.0293059 32 955 956
926 17 0 1 0 4 24 16 20 8 18 19 17 -0.468254 -9 957 958
927 18 0 1 0 25 4 20 17 24 6 20 18 -0.194444 -4 959 960
928 18 0 1 0 5 3 19 17 8 4 18 12 -0.05 4 961 962
929 18 0 1 0 6 28 13 12 2 28 19 14 -0.00712566 -12 963 964
930 18 1 0 8 1 4 0 1 0 7 110 
931 18 1 0 2 1 4 0 0 1 1 174 
932 18 0 1 0 6 31 12 20 18 18 13 18 -0.0116279 -11 965 966
933 18 1 0 11 1 4 0 0 11 0 178 
934 18 1 0 2 1 4 0 0 0 2 179 
935 18 1 0 5 1 4 0 4 1 0 185 
936 18 1 0 5 1 4 5 0 0 0 186 
937 18 0 1 0 18 33 13 13 0 29 18 13 -0.0306513 16 967 968
938 18 1 0 4 1 4 0 0 1 3 189 
939 18 0 1 0 12 29 13 13 2 30 17 20 -0.0680175 41 969 970
940 18 0 1 0 14 28 16 19 15 29 17 16 -0.17075 -6 971 972
941 18 0 1 0 22 10 20 12 7 8 12 17 -0.0037037 -47 973 974
942 18 1 0 5 1 4 0 2 3 0 264 
943 18 1 0 2 1 4 1 1 0 0 328 
944 18 0 1 0 8 17 19 20 12 23 14 20 -0.00201613 4 975 976
945 18 1 0 2 1 4 1 1 0 0 360 
946 18 1 0 88 1 4 0 88 0 0 361 
947 18 0 1 0 28 30 12 14 34 26 20 13 -0.0031115 49 977 978
948 18 1 0 2 1 4 1 0 1 0 421 
949 18 0 1 0 13 34 12 15 9 12 20 18 -0.0158041 51 979 980
950 18 1 0 4 1 4 2 1 1 0 458 
951 18 0 1 0 19 7 14 15 26 31 15 19 -0.0136785 -23 981 982
952 18 1 0 5 1 4 0 1 1 3 505 
953 18 0 1 0 0 20 20 18 8 31 14 19 -0.0248869 -27 983 984
954 18 1 0 6 1 4 0 5 0 1 509 
955 18 1 0 6 1 4 5 1 0 0 510 
956 18 0 1 0 0 0 14 18 7 8 12 14 -0.0254792 13 985 986
957 18 0 1 0 17 0 18 14 15 9 14 19 -0.235772 -53 987 988
958 18 0 1 0 2 14 19 20 4 17 16 14 -0.291667 12 989 990
959 19 1 0 12 1 4 0 0 0 12 97 
960 19 1 0 6 1 4 0 4 1 1 98 
961 19 1 0 59 1 4 0 0 0 59 99 
962 19 1 0 5 1 4 0 1 0 4 100 
963 19 0 1 0 14 27 20 18 15 32 14 14 -0.107143 -3 991 992
964 19 0 1 0 28 17 13 13 24 27 20 20 -0.00220157 -8 993 994
965 19 1 0 2 1 4 0 1 1 0 175 
966 19 1 0 41 1 4 0 0 41 0 176 
967 19 1 0 9 1 4 0 1 8 0 187 
968 19 1 0 20 1 4 0 20 0 0 188 
969 19 0 1 0 12 17 12 17 24 34 13 13 -0.0635131 -147 995 996
970 19 0 1 0 18 7 14 16 28 21 19 14 -0.0441176 -84 997 998
971 19 0 1 0 34 2 19 12 31 5 17 12 -0 -2 999 1000
972 19 0 1 0 32 3 13 15 14 16 13 17 -0.0653595 7 1001 1002
973 19 1 0 2 1 4 0 1 1 0 262 
974 19 1 0 133 1 4 0 0 133 0 263 
975 19 1 0 246 1 4 0 246 0 0 329 
976 19 1 0 2 1 4 0 1 1 0 330 
977 19 0 1 0 12 5 14 20 14 18 15 19 -0.000771737 -76 1003 1004
978 19 0 1 0 18 1 16 15 35 8 19 12 -0.0287356 49 1005 1006
979 19 0 1 0 22 4 16 12 29 4 12 16 -0.0107299 8 1007 1008
980 19 1 0 2 1 4 0 2 0 0 457 
981 19 0 1 0 8 33 14 20 23 28 17 19 -0.00757576 3 1009 1010
982 19 1 0 6 1 4 6 0 0 0 504 
983 19 0 1 0 10 25 13 16 20 0 17 16 -0.0147059 121 1011 1012
984 19 1 0 5 1 4 0 5 0 0 508 
985 19 0 1 0 12 1 12 18 24 30 12 15 -0.0231377 -4 1013 1014
986 19 1 0 2 1 4 0 0 1 1 527 
987 19 1 0 2 1 4 0 0 0 2 528 
988 19 0 1 0 21 15 14 19 16 10 17 20 -0.199753 4 1015 1016
989 19 0 1 0 27 13 20 12 19 14 19 18 -0 -33 1017 1018
990 19 1 0 8 1 4 0 0 0 8 536 
991 20 1 0 40 1 4 0 0 0 40 105 
992 20 1 0 2 1 4 1 0 0 1 106 
993 20 0 1 0 24 16 19 16 21 4 16 14 -0.0714286 4 1019 1020
994 20 1 0 1724 1 4 0 0 0 1724 109 
995 20 1 0 7 1 4 0 7 0 0 190 
996 20 0 1 0 5 34 12 16 6 27 16 15 -0.0611544 -13 1021 1022
997 20 1 0 4 1 4 0 1 3 0 238 
998 20 1 0 13 1 4 0 0 0 13 239 
999 20 1 0 2 1 4 0 0 2 0 240 
1000 20 1 0 20 1 4 0 20 0 0 241 
1001 20 1 0 9 1 4 0 9 0 0 242 
1002 20 0 1 0 24 32 13 20 27 25 20 12 -0.0191993 -5 1023 1024
1003 20 1 0 2 1 4 1 1 0 0 415 
1004 20 0 1 0 34 5 19 12 18 5 12 15 -0.000490665 -22 1025 1026
1005 20 1 0 6 1 4 1 5 0 0 419 
1006 20 1 0 23 1 4 23 0 0 0 420 
1007 20 1 0 3 1 4 1 2 0 0 454 
1008 20 0 1 0 12 5 19 18 19 25 17 20 -0.00491803 -45 1027 1028
1009 20 1 0 64 1 4 0 64 0 0 502 
1010 20 1 0 2 1 4 1 1 0 0 503 
1011 20 1 0 32 1 4 32 0 0 0 506 
1012 20 1 0 2 1 4 1 1 0 0 507 
1013 20 0 1 0 19 16 15 18 21 30 14 19 -0.0163369 2 1029 1030
1014 20 1 0 6 1 4 0 4 0 2 526 
1015 20 0 1 0 2 2 12 16 9 12 17 20 -0.169975 -52 1031 1032
1016 20 1 0 3 1 4 3 0 0 0 533 
1017 20 1 0 2 1 4 0 0 0 2 534 
1018 20 1 0 14 1 4 0 14 0 0 535 
1019 21 1 0 26 1 4 0 0 0 26 107 
1020 21 1 0 2 1 4 0 1 0 1 108 
1021 21 0 1 0 34 28 13 12 18 15 16 16 -0 55 1033 1034
1022 21 0 1 0 31 28 19 13 23 14 18 16 -0.0580347 2 1035 1036
1023 21 1 0 3 1 4 0 0 0 3 243 
1024 21 0 1 0 30 34 13 15 30 4 20 14 -0.0104167 104 1037 1038
1025 21 1 0 1920 1 4 1920 0 0 0 416 
1026 21 0 1 0 32 27 12 15 14 25 12 17 -0.0238095 -41 1039 1040
1027 21 1 0 5 1 4 3 2 0 0 455 
1028 21 1 0 239 1 4 239 0 0 0 456 
1029 21 0 1 0 20 33 13 18 33 27 17 14 -0.015651 35 1041 1042
1030 21 1 0 4 1 4 4 0 0 0 525 
1031 21 0 1 0 0 28 19 19 8 6 19 19 -0.00819672 -7 1043 1044
1032 21 0 1 0 26 19 18 16 19 14 16 16 -0.177778 -30 1045 1046
1033 22 1 0 8 1 4 0 8 0 0 191 
1034 22 1 0 2 1 4 0 0 2 0 192 
1035 22 0 1 0 2 12 20 15 35 18 14 12 -0 -6 1047 1048
1036 22 0 1 0 8 23 16 15 27 22 18 16 -0.0549159 -79 1049 1050
1037 22 1 0 46 1 4 0 0 46 0 244 
1038 22 1 0 2 1 4 0 1 1 0 245 
1039 22 1 0 2 1 4 1 1 0 0 417 
1040 22 1 0 19 1 4 19 0 0 0 418 
1041 22 1 0 4 1 4 2 2 0 0 511 
1042 22 0 1 0 6 20 20 12 0 16 17 17 -0.0139414 44 1051 1052
1043 22 1 0 59 1 4 0 59 0 0 529 
1044 22 1 0 2 1 4 1 1 0 0 530 
1045 22 1 0 5 1 4 0 1 0 4 531 
1046 22 1 0 13 1 4 0 13 0 0 532 
1047 23 1 0 5 1 4 0 0 5 0 193 
1048 23 1 0 10 1 4 0 0 0 10 194 
1049 23 1 0 7 1 4 0 0 1 6 195 
1050 23 0 1 0 22 10 16 12 27 32 14 20 -0.0525862 -3 1053 1054
1051 23 0 1 0 19 23 20 17 4 35 12 12 -0.0123903 -7 1055 1056
1052 23 1 0 3 1 4 0 1 2 0 524 
1053 24 0 1 0 19 19 19 16 31 25 14 16 -0.0497544 72 1057 1058
1054 24 1 0 3 1 4 2 0 1 0 237 
1055 24 0 1 0 2 21 12 17 26 32 12 19 -0 26 1059 1060
1056 24 0 1 0 26 25 13 20 25 28 14 20 -0.00935951 -3 1061 1062
1057 25 0 1 0 28 22 20 19 26 12 18 14 -0.0474402 -10 1063 1064
1058 25 1 0 2 1 4 1 1 0 0 236 
1059 25 1 0 5 1 4 5 0 0 0 512 
1060 25 1 0 12 1 4 0 12 0 0 513 
1061 25 0 1 0 30 19 16 15 31 20 16 14 -0.0066084 -5 1065 1066
1062 25 1 0 6 1 4 0 5 0 1 523 
1063 26 1 0 3 1 4 2 0 1 0 196 
1064 26 0 1 0 8 26 12 17 0 26 19 20 -0.0439992 38 1067 1068
1065 26 1 0 3 1 4 1 2 0 0 514 
1066 26 0 1 0 22 3 15 12 19 33 14 13 -0.00592449 -43 1069 1070
1067 27 0 1 0 22 12 14 17 30 24 15 12 -0.0416383 8 1071 1072
1068 27 0 1 0 23 8 17 17 16 26 20 15 -0 -93 1073 1074
1069 27 0 1 0 30 23 15 16 27 16 20 14 -0.00498466 8 1075 1076
1070 27 1 0 4 1 4 1 3 0 0 522 
1071 28 0 1 0 12 16 19 19 16 16 19 17 -0.0404245 -17 1077 1078
1072 28 1 0 4 1 4 0 0 0 4 233 
1073 28 1 0 3 1 4 0 0 3 0 234 
1074 28 1 0 8 1 4 0 0 0 8 235 
1075 28 0 1 0 15 21 17 16 9 5 19 19 -0.00447969 94 1079 1080
1076 28 1 0 2 1 4 1 1 0 0 521 
1077 29 1 0 5 1 4 2 0 3 0 197 
1078 29 0 1 0 0 6 17 17 0 23 20 16 -0.037433 3 1081 1082
1079 29 0 1 0 27 4 15 18 10 8 15 13 -0.00379626 -13 1083 1084
1080 29 1 0 6 1 4 1 5 0 0 520 
1081 30 0 1 0 22 14 19 14 16 17 17 20 -0.0350191 10 1085 1086
1082 30 0 1 0 10 9 13 14 8 3 20 16 -0 -2 1087 1088
1083 30 0 1 0 21 12 13 12 19 21 19 19 -0.00306741 -2 1089 1090
1084 30 0 1 0 23 27 19 15 16 20 18 16 -0.0384615 -6 1091 1092
1085 31 0 1 0 8 20 18 19 14 20 13 18 -0.0329694 -22 1093 1094
1086 31 1 0 3 1 4 1 1 1 0 230 
1087 31 1 0 8 1 4 0 0 8 0 231 
1088 31 1 0 6 1 4 0 0 0 6 232 
1089 31 1 0 1221 1 4 0 1221 0 0 515 
1090 31 0 1 0 10 13 14 13 7 28 15 20 -0.0516129 0 1095 1096
1091 31 1 0 2 1 4 1 1 0 0 518 
1092 31 1 0 11 1 4 0 11 0 0 519 
1093 32 1 0 3 1 4 0 0 0 3 198 
1094 32 0 1 0 30 26 17 17 28 31 15 17 -0.0316466 9 1097 1098
1095 32 1 0 5 1 4 0 4 0 1 516 
1096 32 1 0 57 1 4 0 57 0 0 517 
1097 33 0 1 0 0 34 13 13 5 4 17 19 -0.0301648 -4 1099 1100
1098 33 1 0 5 1 4 0 0 1 4 229 
1099 34 1 0 3 1 4 0 3 0 0 199 
1100 34 0 1 0 20 24 19 12 16 28 13 16 -0.0293893 15 1101 1102
1101 35 0 1 0 21 34 13 14 26 25 19 15 -0.0286376 76 1103 1104
1102 35 1 0 2 1 4 0 2 0 0 228 
1103 36 0 1 0 3 30 16 13 9 10 14 12 -0.0273436 3 1105 1106
1104 36 1 0 5 1 4 0 0 2 3 227 
1105 37 1 0 2 1 4 0 0 0 2 200 
1106 37 0 1 0 35 29 18 12 12 12 19 20 -0.0264681 24 1107 1108
1107 38 0 1 0 26 1 14 20 25 12 13 15 -0.130325 6 1109 1110
1108 38 0 1 0 27 18 17 14 18 14 18 13 -0.00421111 -41 1111 1112
1109 39 0 1 0 22 23 15 14 16 18 12 12 -0.11577 -5 1113 1114
1110 39 0 1 0 17 23 18 14 13 22 15 18 -0.0467836 15 1115 1116
1111 39 1 0 2 1 4 0 1 1 0 216 
1112 39 0 1 0 5 30 16 15 1 5 19 16 -0.00371802 171 1117 1118
1113 40 1 0 7 1 4 3 0 3 1 201 
1114 40 0 1 0 25 17 12 15 26 8 18 19 -0.0842494 -7 1119 1120
1115 40 1 0 9 1 4 0 1 8 0 214 
1116 40 1 0 10 1 4 0 10 0 0 215 
1117 40 0 1 0 30 32 13 14 28 27 12 19 -0.00322346 71 1121 1122
1118 40 1 0 2 1 4 0 1 1 0 226 
1119 41 1 0 4 1 4 0 0 1 3 202 
1120 41 0 1 0 23 16 13 14 11 16 13 14 -0.0783333 21 1123 1124
1121 41 0 1 0 20 19 12 17 10 18 17 18 -0.00273137 49 1125 1126
1122 41 1 0 2 1 4 0 1 1 0 225 
1123 42 0 1 0 17 18 13 18 32 0 17 15 -0.0551476 -14 1127 1128
1124 42 0 1 0 24 17 12 12 20 16 17 17 -0.0555556 7 1129 1130
1125 42 0 1 0 31 33 13 13 29 29 12 14 -0.00215564 -18 1131 1132
1126 42 1 0 2 1 4 0 0 1 1 224 
1127 43 1 0 2 1 4 0 2 0 0 203 
1128 43 0 1 0 1 19 15 15 0 23 18 12 -0.0529889 -40 1133 1134
1129 43 1 0 9 1 4 0 0 9 0 212 
1130 43 1 0 3 1 4 2 1 0 0 213 
1131 43 1 0 6 1 4 0 0 4 2 217 
1132 43 0 1 0 26 27 12 16 17 19 15 20 -0.00133067 -6 1135 1136
1133 44 1 0 9 1 4 0 3 6 0 204 
1134 44 0 1 0 9 7 15 14 6 10 16 13 -0.046053 4 1137 1138
1135 44 1 0 3 1 4 0 0 2 1 218 
1136 44 0 1 0 16 32 12 16 20 23 14 18 -0.000957603 83 1139 1140
1137 45 0 1 0 21 5 14 20 25 8 20 12 -0.0232685 1 1141 1142
1138 45 0 1 0 21 23 18 19 12 14 16 16 -0.148148 19 1143 1144
1139 45 0 1 0 2 13 13 16 2 22 17 19 -0.000471342 4 1145 1146
1140 45 0 1 0 9 32 12 14 20 17 12 13 -0.0416667 89 1147 1148
1141 46 0 1 0 12 11 19 19 11 13 17 14 -0.00718112 7 1149 1150
1142 46 0 1 0 14 25 19 17 8 28 15 14 -0.0268817 4 1151 1152
1143 46 1 0 3 1 4 2 0 1 0 210 
1144 46 1 0 15 1 4 0 0 15 0 211 
1145 46 1 0 1973 1 4 0 0 1973 0 219 
1146 46 0 1 0 26 5 12 17 20 18 19 14 -0.03125 -4 1153 1154
1147 46 1 0 2 1 4 0 0 1 1 222 
1148 46 1 0 10 1 4 0 0 10 0 223 
1149 47 0 1 0 21 20 12 20 7 17 13 14 -0.00182482 -19 1155 1156
1150 47 1 0 4 1 4 0 0 2 2 207 
1151 47 1 0 25 1 4 0 0 25 0 208 
1152 47 1 0 6 1 4 0 5 1 0 209 
1153 47 1 0 2 1 4 0 1 1 0 220 
1154 47 1 0 14 1 4 0 0 14 0 221 
1155 48 1 0 2 1 4 0 1 1 0 205 
1156 48 1 0 272 1 4 0 0 272 0 206 
