-2147483648 -2147483648 data/trees_headpose/tree_018.txt
100 10 5000 30 30000 1 48 1 data/trees_headpose ./data/Cropped_HBO_Data_4view.txt
1 0
0 0 0 1 0 27 31 16 17 23 20 20 20 -0.972269 -5 1 2
1 1 0 1 0 13 12 13 19 11 31 15 13 -0.597018 -9 3 4
2 1 0 1 0 7 17 19 12 14 6 17 12 -0.728027 -12 5 6
3 2 0 1 0 9 15 19 13 8 29 12 13 -0.336055 4 7 8
4 2 0 1 0 2 31 13 19 7 1 20 20 -1.51182 -2 9 10
5 2 0 1 0 0 27 19 19 1 33 14 15 -0.518393 -4 11 12
6 2 0 1 0 5 13 16 17 0 21 20 19 -0.632058 3 13 14
7 3 0 1 0 8 8 17 12 1 0 12 14 -0.289107 -29 15 16
8 3 0 1 0 20 30 14 15 24 12 16 18 -0.755358 28 17 18
9 3 0 1 0 5 26 16 16 7 9 18 20 -0.609563 -9 19 20
10 3 0 1 0 24 15 17 20 26 26 19 19 -1.64456 22 21 22
11 3 0 1 0 19 32 15 20 7 29 18 15 -0.274459 -11 23 24
12 3 0 1 0 29 28 18 17 9 32 13 13 -0.573804 -40 25 26
13 3 0 1 0 20 12 15 12 11 23 17 15 -0.649772 5 27 28
14 3 0 1 0 21 0 19 12 27 22 17 16 -0.308995 18 29 30
15 4 0 1 0 26 25 20 19 21 5 12 17 -0.2 42 31 32
16 4 0 1 0 24 11 17 19 31 35 12 12 -0.264638 9 33 34
17 4 1 0 8 1 4 0 0 0 8 53 
18 4 0 1 0 30 24 18 14 29 33 14 15 -0.514153 2 35 36
19 4 0 1 0 28 25 15 15 25 12 18 20 -0.431463 -4 37 38
20 4 0 1 0 7 11 17 20 7 17 17 13 -0 15 39 40
21 4 0 1 0 4 26 19 12 4 25 18 14 -1.54366 4 41 42
22 4 0 1 0 1 33 12 20 4 24 17 16 -0.481843 34 43 44
23 4 0 1 0 2 30 16 16 1 31 16 13 -1.1136 5 45 46
24 4 0 1 0 29 33 13 16 26 31 12 13 -0.190038 -21 47 48
25 4 0 1 0 0 10 14 17 17 0 12 16 -0.811515 -3 49 50
26 4 0 1 0 29 27 12 14 34 29 17 12 -0.443679 -4 51 52
27 4 0 1 0 23 13 12 18 25 19 19 16 -0.465727 4 53 54
28 4 0 1 0 7 0 19 16 1 25 20 12 -0.998556 -11 55 56
29 4 0 1 0 6 2 15 18 12 24 17 16 -0.282691 -3 57 58
30 4 0 1 0 0 23 14 13 0 13 17 17 -0.149832 -17 59 60
31 5 1 0 8 1 4 8 0 0 0 0 
32 5 1 0 2 1 4 1 0 1 0 1 
33 5 0 1 0 16 12 13 16 29 24 18 18 -0.728273 -9 61 62
34 5 0 1 0 4 28 17 16 1 31 13 20 -0.150946 -11 63 64
35 5 0 1 0 17 32 13 20 18 18 16 19 -0.0361991 2 65 66
36 5 1 0 7 1 4 1 1 0 5 57 
37 5 0 1 0 18 34 12 19 21 22 13 13 -0.119805 -50 67 68
38 5 0 1 0 21 20 19 14 8 9 14 18 -0.435348 90 69 70
39 5 1 0 8 1 4 0 0 0 8 69 
40 5 1 0 3 1 4 0 3 0 0 70 
41 5 0 1 0 29 10 12 14 22 27 16 18 -1.36549 -49 71 72
42 5 0 1 0 23 34 13 13 1 1 17 19 -0.350438 -3 73 74
43 5 0 1 0 27 4 16 18 30 34 13 16 -0.131944 1 75 76
44 5 0 1 0 25 27 17 12 29 14 20 16 -0 8 77 78
45 5 0 1 0 15 28 12 15 8 33 14 20 -0.403704 -19 79 80
46 5 0 1 0 11 28 17 16 13 16 18 13 -0.301956 -4 81 82
47 5 0 1 0 5 28 12 16 0 29 18 17 -0.371731 21 83 84
48 5 0 1 0 16 18 12 14 0 3 18 13 -0.144241 11 85 86
49 5 0 1 0 2 13 14 18 5 29 12 14 -0.529061 -26 87 88
50 5 0 1 0 26 17 12 17 24 15 17 19 -0.448306 -4 89 90
51 5 0 1 0 27 27 19 15 12 29 15 20 -0.508393 13 91 92
52 5 0 1 0 20 31 16 12 2 28 18 13 -0.358227 53 93 94
53 5 0 1 0 25 11 17 16 15 9 13 15 -0.396259 -5 95 96
54 5 0 1 0 25 28 14 19 15 32 15 17 -0.42642 -38 97 98
55 5 0 1 0 12 34 12 19 24 28 15 13 -0.692643 35 99 100
56 5 0 1 0 24 26 17 19 17 24 20 19 -0.715958 -10 101 102
57 5 0 1 0 15 16 17 19 20 9 12 12 -0.264069 4 103 104
58 5 0 1 0 4 20 19 18 12 30 15 18 -0.132104 -17 105 106
59 5 1 0 3 1 4 1 2 0 0 544 
60 5 0 1 0 22 14 17 19 21 9 13 16 -0.0151515 -1 107 108
61 6 0 1 0 23 24 12 20 1 22 17 16 -0.0923784 33 109 110
62 6 0 1 0 14 35 12 14 19 27 13 12 -1.01078 7 111 112
63 6 0 1 0 12 13 19 20 7 26 17 12 -0.0606061 -35 113 114
64 6 0 1 0 0 17 19 16 3 19 15 13 -0.127639 11 115 116
65 6 1 0 9 1 4 9 0 0 0 54 
66 6 0 1 0 27 10 15 14 12 26 14 18 -0.0294118 -58 117 118
67 6 1 0 2 1 4 0 0 0 2 58 
68 6 0 1 0 20 14 16 14 16 26 16 20 -0.0779287 57 119 120
69 6 0 1 0 15 25 13 16 15 24 19 14 -0.274074 -5 121 122
70 6 1 0 3 1 4 0 0 0 3 68 
71 6 0 1 0 6 15 13 12 26 28 15 19 -0.425729 -47 123 124
72 6 0 1 0 1 12 17 20 3 35 12 19 -1.16898 -4 125 126
73 6 1 0 4 1 4 0 0 0 4 84 
74 6 0 1 0 28 32 15 13 10 27 14 17 -0.209561 14 127 128
75 6 1 0 8 1 4 2 0 4 2 88 
76 6 1 0 64 1 4 0 0 0 64 89 
77 6 1 0 3 1 4 0 0 0 3 90 
78 6 1 0 7 1 4 7 0 0 0 91 
79 6 0 1 0 15 7 14 18 3 21 12 17 -0.209524 19 129 130
80 6 1 0 17 1 4 17 0 0 0 94 
81 6 1 0 6 1 4 6 0 0 0 95 
82 6 0 1 0 10 18 19 13 6 30 12 12 -0.127119 4 131 132
83 6 0 1 0 15 22 16 16 21 26 18 12 -0.237648 -9 133 134
84 6 1 0 8 1 4 0 2 0 6 107 
85 6 0 1 0 31 5 17 12 22 19 16 12 -0.0767196 -23 135 136
86 6 0 1 0 27 20 12 12 20 2 20 20 -0.128407 42 137 138
87 6 0 1 0 13 4 19 20 2 30 14 12 -0.0876627 -19 139 140
88 6 0 1 0 21 26 16 12 16 34 13 12 -0.696384 -32 141 142
89 6 0 1 0 31 31 16 12 29 29 18 13 -0.220072 -5 143 144
90 6 1 0 9 1 4 0 1 0 8 165 
91 6 0 1 0 14 33 14 17 15 20 17 18 -0.462626 34 145 146
92 6 0 1 0 2 31 12 19 23 30 17 13 -0.187012 -41 147 148
93 6 0 1 0 6 14 17 13 9 14 15 14 -0.394329 -22 149 150
94 6 0 1 0 6 26 15 20 9 14 18 14 -0.29131 17 151 152
95 6 0 1 0 0 21 19 13 21 10 14 19 -0.783018 -19 153 154
96 6 0 1 0 7 17 14 12 2 30 14 14 -0.269281 14 155 156
97 6 0 1 0 0 30 13 13 1 31 13 20 -0.139711 -2 157 158
98 6 0 1 0 0 26 14 12 10 0 20 17 -0.812899 15 159 160
99 6 0 1 0 10 31 14 14 3 27 19 19 -0.448902 -6 161 162
100 6 0 1 0 29 4 18 15 0 27 20 13 -0 -65 163 164
101 6 0 1 0 24 13 13 20 27 26 12 17 -0.0902256 -2 165 166
102 6 0 1 0 2 27 13 15 19 4 13 13 -0.832815 -16 167 168
103 6 0 1 0 26 2 16 19 24 10 20 18 -0.182651 -7 169 170
104 6 0 1 0 2 27 12 15 1 26 20 17 -0.234897 -11 171 172
105 6 1 0 3 1 4 1 2 0 0 541 
106 6 0 1 0 29 29 14 15 21 27 15 15 -0.0285714 3 173 174
107 6 1 0 31 1 4 0 0 0 31 545 
108 6 1 0 2 1 4 0 1 1 0 546 
109 7 0 1 0 28 29 15 13 25 20 15 17 -0.103261 -6 175 176
110 7 0 1 0 17 6 18 16 13 8 20 13 -0.0260093 -14 177 178
111 7 0 1 0 14 12 16 17 15 34 12 12 -0.981567 -49 179 180
112 7 0 1 0 28 27 15 12 22 14 15 16 -0.386425 -10 181 182
113 7 1 0 4 1 4 0 0 0 4 21 
114 7 0 1 0 28 24 17 13 0 29 15 17 -0.0454545 -63 183 184
115 7 0 1 0 28 29 17 15 26 17 20 18 -0.11886 5 185 186
116 7 1 0 3 1 4 3 0 0 0 52 
117 7 1 0 15 1 4 0 15 0 0 55 
118 7 1 0 2 1 4 0 1 1 0 56 
119 7 0 1 0 12 23 18 14 12 15 18 14 -0.0106345 5 187 188
120 7 1 0 2 1 4 1 0 0 1 62 
121 7 1 0 5 1 4 0 2 0 3 63 
122 7 0 1 0 18 26 16 19 14 22 12 19 -0.0734694 -1 189 190
123 7 1 0 3 1 4 0 0 0 3 71 
124 7 0 1 0 4 12 12 18 7 5 20 20 -0.247619 2 191 192
125 7 0 1 0 12 25 20 18 16 4 14 18 -0.939452 4 193 194
126 7 1 0 7 1 4 6 0 1 0 83 
127 7 0 1 0 4 2 12 19 32 30 14 15 -0.0128205 -49 195 196
128 7 1 0 8 1 4 3 2 2 1 87 
129 7 1 0 3 1 4 1 2 0 0 92 
130 7 1 0 7 1 4 0 0 2 5 93 
131 7 1 0 53 1 4 0 0 0 53 96 
132 7 1 0 6 1 4 1 3 0 2 97 
133 7 0 1 0 8 0 18 13 0 1 15 15 -0.166878 0 197 198
134 7 0 1 0 9 2 16 17 11 5 13 17 -0.0602117 -13 199 200
135 7 1 0 3 1 4 2 1 0 0 108 
136 7 0 1 0 17 14 16 17 30 26 17 15 -0.0277778 10 201 202
137 7 0 1 0 13 24 15 17 7 32 15 13 -0.0948295 -35 203 204
138 7 0 1 0 7 2 16 14 4 1 16 13 -0.372437 -1 205 206
139 7 1 0 2 1 4 1 1 0 0 153 
140 7 0 1 0 9 27 20 12 31 26 17 14 -0 33 207 208
141 7 1 0 12 1 4 0 0 0 12 156 
142 7 0 1 0 16 26 13 15 19 14 14 16 -0.546207 1 209 210
143 7 0 1 0 10 31 15 19 14 29 13 12 -0.108943 0 211 212
144 7 1 0 17 1 4 17 0 0 0 164 
145 7 0 1 0 30 26 16 14 30 26 20 17 -0.359868 3 213 214
146 7 0 1 0 9 12 14 19 12 5 17 13 -0 -6 215 216
147 7 0 1 0 22 6 18 15 26 22 18 16 -0.128569 -10 217 218
148 7 0 1 0 12 34 12 20 12 7 15 16 -0.05 29 219 220
149 7 0 1 0 23 33 13 15 12 26 19 20 -0.163265 5 221 222
150 7 0 1 0 1 8 12 14 8 27 12 16 -0.205807 -9 223 224
151 7 0 1 0 11 23 19 19 21 29 18 13 -0.185385 -1 225 226
152 7 0 1 0 27 15 16 18 28 26 13 18 -0.591998 -3 227 228
153 7 0 1 0 21 5 12 17 32 2 18 14 -0.298105 14 229 230
154 7 0 1 0 33 28 17 14 19 8 20 12 -0.609131 19 231 232
155 7 0 1 0 28 13 12 18 0 23 17 14 -0.254602 14 233 234
156 7 0 1 0 5 24 13 16 8 16 12 18 -0.124557 0 235 236
157 7 0 1 0 4 15 14 19 4 33 13 15 -0.068825 -2 237 238
158 7 1 0 7 1 4 5 1 0 1 432 
159 7 0 1 0 10 26 18 19 1 22 12 17 -0.096 17 239 240
160 7 0 1 0 17 8 13 20 6 27 12 13 -0.426374 -33 241 242
161 7 0 1 0 6 24 13 17 17 5 16 16 -0.0192308 4 243 244
162 7 0 1 0 16 6 17 18 0 26 20 13 -0.336446 37 245 246
163 7 1 0 4 1 4 4 0 0 0 453 
164 7 1 0 21 1 4 0 0 0 21 454 
165 7 1 0 7 1 4 0 3 0 4 455 
166 7 1 0 69 1 4 0 0 0 69 456 
167 7 0 1 0 16 23 12 20 20 25 20 16 -0.205714 -31 247 248
168 7 0 1 0 8 26 12 19 13 28 15 13 -0.646968 -11 249 250
169 7 0 1 0 5 4 17 16 9 17 14 13 -0.0267236 -44 251 252
170 7 0 1 0 8 25 18 15 6 13 17 14 -0.150794 15 253 254
171 7 0 1 0 23 22 14 19 23 28 12 14 -0.321501 -4 255 256
172 7 0 1 0 15 33 12 19 8 27 17 14 -0.173204 4 257 258
173 7 1 0 5 1 4 0 0 1 4 542 
174 7 1 0 23 1 4 0 0 23 0 543 
175 8 1 0 9 1 4 0 0 0 9 2 
176 8 0 1 0 10 29 14 19 24 18 18 19 -0.0413043 31 259 260
177 8 1 0 3 1 4 0 1 1 1 6 
178 8 0 1 0 16 24 20 17 16 32 14 15 -0.00446429 3 261 262
179 8 0 1 0 3 13 17 12 8 5 13 19 -0.0714286 -12 263 264
180 8 0 1 0 29 6 14 14 26 6 14 19 -0.608333 4 265 266
181 8 0 1 0 28 19 16 13 27 13 14 13 -0.102273 6 267 268
182 8 0 1 0 24 14 12 19 28 16 16 14 -0.0683761 -5 269 270
183 8 1 0 2 1 4 1 1 0 0 22 
184 8 1 0 9 1 4 9 0 0 0 23 
185 8 0 1 0 21 7 15 18 23 7 18 13 -0.11008 6 271 272
186 8 1 0 5 1 4 0 5 0 0 51 
187 8 0 1 0 13 9 16 13 9 26 18 17 -0.00549451 -7 273 274
188 8 1 0 2 1 4 0 2 0 0 61 
189 8 0 1 0 26 4 15 18 27 26 20 18 -0 -54 275 276
190 8 0 1 0 28 6 19 12 28 14 14 18 -0 -15 277 278
191 8 0 1 0 18 23 14 17 17 30 16 19 -0 0 279 280
192 8 1 0 5 1 4 0 4 0 1 74 
193 8 1 0 9 1 4 5 2 1 1 75 
194 8 0 1 0 5 13 19 13 18 19 15 15 -0.683644 -111 281 282
195 8 1 0 2 1 4 1 1 0 0 85 
196 8 1 0 37 1 4 37 0 0 0 86 
197 8 1 0 3 1 4 0 0 0 3 98 
198 8 0 1 0 31 27 13 15 31 11 18 14 -0.0803571 4 283 284
199 8 0 1 0 13 13 13 20 19 7 16 15 -0 29 285 286
200 8 1 0 8 1 4 1 7 0 0 106 
201 8 1 0 16 1 4 0 0 16 0 109 
202 8 1 0 2 1 4 0 0 1 1 110 
203 8 0 1 0 7 17 12 18 27 34 12 17 -0.202381 -63 287 288
204 8 0 1 0 15 30 17 18 18 25 18 12 -0.0782872 24 289 290
205 8 1 0 4 1 4 0 1 0 3 144 
206 8 0 1 0 33 29 16 14 30 29 13 15 -0.235573 -8 291 292
207 8 1 0 2 1 4 0 2 0 0 154 
208 8 1 0 91 1 4 0 0 0 91 155 
209 8 1 0 4 1 4 0 0 0 4 157 
210 8 0 1 0 14 9 20 14 13 27 12 17 -0.130909 -17 293 294
211 8 0 1 0 13 15 20 20 8 29 16 19 -0 20 295 296
212 8 1 0 4 1 4 0 1 0 3 163 
213 8 0 1 0 20 27 19 19 31 29 17 16 -0.302512 -12 297 298
214 8 1 0 4 1 4 0 1 1 2 178 
215 8 1 0 3 1 4 3 0 0 0 179 
216 8 1 0 8 1 4 0 0 0 8 180 
217 8 0 1 0 29 11 14 13 21 7 12 16 -0.0857343 -47 299 300
218 8 0 1 0 0 2 19 12 14 1 16 19 -0 -13 301 302
219 8 1 0 8 1 4 0 0 8 0 188 
220 8 1 0 2 1 4 0 0 1 1 189 
221 8 1 0 7 1 4 0 0 2 5 190 
222 8 1 0 7 1 4 1 6 0 0 191 
223 8 0 1 0 15 17 13 13 1 14 17 13 -0.0937711 81 303 304
224 8 0 1 0 25 14 15 19 23 6 20 16 -0.139699 -8 305 306
225 8 0 1 0 7 29 18 20 22 28 13 12 -0.16865 -6 307 308
226 8 1 0 9 1 4 0 0 0 9 237 
227 8 0 1 0 13 18 13 15 8 12 16 19 -0.551186 24 309 310
228 8 1 0 33 1 4 0 0 0 33 246 
229 8 1 0 7 1 4 0 7 0 0 247 
230 8 0 1 0 19 25 14 14 2 30 16 12 -0.108337 9 311 312
231 8 0 1 0 8 19 20 17 19 9 20 12 -0.56798 5 313 314
232 8 0 1 0 6 27 19 13 1 29 12 18 -0.366116 0 315 316
233 8 0 1 0 12 8 20 16 20 5 20 15 -0.191555 -22 317 318
234 8 0 1 0 1 34 13 12 0 27 17 19 -0.562492 4 319 320
235 8 1 0 2 1 4 0 0 0 2 421 
236 8 0 1 0 12 11 12 16 2 3 17 14 -0.0618956 -20 321 322
237 8 0 1 0 21 14 14 16 3 4 13 13 -0.0410061 0 323 324
238 8 1 0 5 1 4 0 4 1 0 431 
239 8 0 1 0 20 22 19 17 18 26 20 17 -0 -12 325 326
240 8 1 0 10 1 4 0 0 0 10 435 
241 8 1 0 5 1 4 0 0 1 4 436 
242 8 0 1 0 20 18 18 19 29 32 14 17 -0 -23 327 328
243 8 1 0 24 1 4 0 0 24 0 439 
244 8 1 0 2 1 4 0 1 1 0 440 
245 8 0 1 0 23 35 12 15 20 20 20 15 -0.254117 34 329 330
246 8 1 0 8 1 4 1 0 0 7 452 
247 8 1 0 3 1 4 0 0 0 3 457 
248 8 0 1 0 5 31 15 17 27 27 12 12 -0 -31 331 332
249 8 0 1 0 12 4 15 15 23 0 15 12 -0.0892857 7 333 334
250 8 0 1 0 13 25 20 19 27 7 15 17 -0.391304 20 335 336
251 8 1 0 6 1 4 1 5 0 0 469 
252 8 0 1 0 12 7 17 14 9 17 13 15 -0.00806452 9 337 338
253 8 0 1 0 20 25 18 20 19 4 16 15 -0.0451128 -1 339 340
254 8 1 0 3 1 4 0 0 1 2 475 
255 8 0 1 0 34 32 15 13 29 30 16 16 -0.180362 -8 341 342
256 8 0 1 0 7 24 13 13 3 16 14 15 -0.174359 -4 343 344
257 8 0 1 0 31 14 17 16 30 20 20 13 -0.60793 -10 345 346
258 8 0 1 0 17 8 17 20 12 19 16 12 -0.106799 14 347 348
259 9 0 1 0 1 26 12 19 7 1 12 20 -0.025 5 349 350
260 9 1 0 3 1 4 0 0 0 3 5 
261 9 1 0 110 1 4 0 0 0 110 7 
262 9 1 0 2 1 4 0 0 1 1 8 
263 9 1 0 4 1 4 2 2 0 0 9 
264 9 1 0 10 1 4 0 0 0 10 10 
265 9 0 1 0 30 26 15 17 28 18 17 19 -0.394397 -8 351 352
266 9 1 0 3 1 4 0 0 0 3 16 
267 9 1 0 42 1 4 0 0 0 42 17 
268 9 1 0 2 1 4 1 0 0 1 18 
269 9 1 0 4 1 4 0 0 0 4 19 
270 9 1 0 9 1 4 1 8 0 0 20 
271 9 0 1 0 15 1 17 19 13 29 16 14 -0.103643 -31 353 354
272 9 1 0 6 1 4 1 4 0 1 50 
273 9 1 0 2 1 4 1 1 0 0 59 
274 9 1 0 89 1 4 89 0 0 0 60 
275 9 1 0 2 1 4 0 2 0 0 64 
276 9 1 0 12 1 4 12 0 0 0 65 
277 9 1 0 2 1 4 2 0 0 0 66 
278 9 1 0 33 1 4 0 33 0 0 67 
279 9 1 0 4 1 4 0 4 0 0 72 
280 9 1 0 17 1 4 17 0 0 0 73 
281 9 1 0 3 1 4 3 0 0 0 76 
282 9 0 1 0 0 21 13 12 1 5 15 14 -0.481406 -10 355 356
283 9 1 0 12 1 4 12 0 0 0 99 
284 9 0 1 0 25 4 19 14 19 0 19 19 -0.0175325 18 357 358
285 9 1 0 36 1 4 36 0 0 0 104 
286 9 1 0 2 1 4 0 2 0 0 105 
287 9 1 0 8 1 4 4 4 0 0 111 
288 9 1 0 6 1 4 0 0 1 5 112 
289 9 0 1 0 7 29 18 20 1 35 12 20 -0.0699468 37 359 360
290 9 1 0 4 1 4 0 1 1 2 143 
291 9 0 1 0 28 3 19 18 13 8 13 12 -0.047619 -15 361 362
292 9 0 1 0 21 27 13 18 30 34 12 13 -0.211089 -12 363 364
293 9 1 0 3 1 4 0 0 0 3 158 
294 9 0 1 0 21 25 17 13 19 6 15 19 -0 27 365 366
295 9 1 0 39 1 4 0 39 0 0 161 
296 9 1 0 2 1 4 2 0 0 0 162 
297 9 1 0 2 1 4 0 0 0 2 166 
298 9 0 1 0 5 33 13 18 7 31 12 19 -0.253367 -15 367 368
299 9 1 0 4 1 4 4 0 0 0 181 
300 9 0 1 0 5 0 17 16 19 25 18 18 -0.0509119 -31 369 370
301 9 1 0 10 1 4 10 0 0 0 186 
302 9 1 0 2 1 4 0 2 0 0 187 
303 9 0 1 0 7 8 15 13 16 5 18 12 -0.0495005 -18 371 372
304 9 1 0 5 1 4 0 4 1 0 196 
305 9 1 0 3 1 4 0 0 1 2 197 
306 9 0 1 0 9 15 14 13 4 22 20 13 -0 -1 373 374
307 9 0 1 0 0 15 12 12 4 14 20 12 -0.150617 4 375 376
308 9 0 1 0 22 5 18 17 24 5 19 19 -0 6 377 378
309 9 0 1 0 15 26 15 16 9 29 17 12 -0.199482 22 379 380
310 9 0 1 0 22 2 19 13 20 4 19 12 -0.332308 -17 381 382
311 9 1 0 2 1 4 1 1 0 0 248 
312 9 0 1 0 30 29 17 12 6 15 13 14 -0.0106383 104 383 384
313 9 0 1 0 0 10 13 18 0 0 13 12 -0.257193 41 385 386
314 9 0 1 0 22 27 15 19 20 6 20 12 -0.470862 -2 387 388
315 9 0 1 0 6 27 16 19 16 15 18 12 -0.262776 2 389 390
316 9 0 1 0 8 1 14 18 3 2 18 14 -0.291231 22 391 392
317 9 0 1 0 14 32 12 14 31 8 12 16 -0.450292 89 393 394
318 9 0 1 0 34 28 17 12 11 12 12 14 -0.164041 -2 395 396
319 9 0 1 0 13 9 18 15 12 9 12 14 -0.24427 36 397 398
320 9 0 1 0 23 14 12 17 7 31 13 19 -0.572734 -15 399 400
321 9 1 0 6 1 4 0 0 6 0 422 
322 9 0 1 0 17 12 15 17 10 17 20 12 -0.0318182 -19 401 402
323 9 1 0 3 1 4 0 2 1 0 427 
324 9 0 1 0 5 22 18 19 11 10 15 15 -0.0131575 -1 403 404
325 9 1 0 4 1 4 0 4 0 0 433 
326 9 1 0 21 1 4 0 0 21 0 434 
327 9 1 0 3 1 4 0 0 3 0 437 
328 9 1 0 18 1 4 18 0 0 0 438 
329 9 0 1 0 12 29 18 15 17 28 17 12 -0.207109 12 405 406
330 9 1 0 9 1 4 0 5 2 2 451 
331 9 1 0 16 1 4 0 16 0 0 458 
332 9 1 0 9 1 4 9 0 0 0 459 
333 9 0 1 0 8 15 20 13 25 7 20 12 -0 -19 407 408
334 9 1 0 2 1 4 2 0 0 0 462 
335 9 0 1 0 35 28 14 12 18 19 19 14 -0.219099 2 409 410
336 9 1 0 9 1 4 3 6 0 0 468 
337 9 1 0 60 1 4 60 0 0 0 470 
338 9 1 0 2 1 4 1 1 0 0 471 
339 9 1 0 2 1 4 2 0 0 0 472 
340 9 0 1 0 23 2 20 14 12 13 16 16 -0.0263158 -2 411 412
341 9 0 1 0 16 34 13 14 10 5 20 13 -0.105149 38 413 414
342 9 0 1 0 12 33 13 17 13 16 20 15 -0.075507 30 415 416
343 9 1 0 3 1 4 1 2 0 0 488 
344 9 0 1 0 4 18 20 15 3 27 16 20 -0 -3 417 418
345 9 0 1 0 17 15 16 15 12 11 12 20 -0.281714 8 419 420
346 9 0 1 0 0 6 16 16 15 0 19 16 -0.272746 -1 421 422
347 9 0 1 0 28 28 12 13 25 16 17 15 -0.0994816 -12 423 424
348 9 1 0 5 1 4 0 0 1 4 540 
349 10 1 0 2 1 4 0 0 1 1 3 
350 10 1 0 18 1 4 0 0 18 0 4 
351 10 0 1 0 19 19 19 12 16 18 20 20 -0.03125 0 425 426
352 10 0 1 0 29 16 16 18 15 8 16 12 -0.111957 -13 427 428
353 10 0 1 0 4 27 14 14 1 28 16 15 -0.0673272 -6 429 430
354 10 0 1 0 24 11 19 18 30 5 14 14 -0.6 7 431 432
355 10 1 0 5 1 4 3 1 0 1 77 
356 10 0 1 0 23 20 20 18 25 18 12 19 -0.332859 17 433 434
357 10 0 1 0 5 16 19 15 20 21 20 14 -0.0135522 -20 435 436
358 10 1 0 2 1 4 0 0 0 2 103 
359 10 0 1 0 28 0 16 18 34 34 13 13 -0.0626649 13 437 438
360 10 1 0 2 1 4 0 0 0 2 142 
361 10 1 0 40 1 4 0 40 0 0 145 
362 10 1 0 2 1 4 0 1 0 1 146 
363 10 0 1 0 23 20 19 18 12 25 20 14 -0.21875 -23 439 440
364 10 0 1 0 3 33 12 19 15 10 20 19 -0.0694851 36 441 442
365 10 1 0 4 1 4 4 0 0 0 159 
366 10 1 0 18 1 4 0 18 0 0 160 
367 10 1 0 9 1 4 1 5 1 2 167 
368 10 0 1 0 16 9 12 15 0 2 16 14 -0.204364 26 443 444
369 10 0 1 0 11 25 14 13 6 11 12 14 -0.0317993 51 445 446
370 10 1 0 4 1 4 0 0 4 0 185 
371 10 0 1 0 35 31 15 12 12 35 12 20 -0.0195918 -59 447 448
372 10 1 0 9 1 4 2 7 0 0 195 
373 10 1 0 4 1 4 4 0 0 0 198 
374 10 1 0 22 1 4 0 22 0 0 199 
375 10 0 1 0 21 0 12 19 32 24 19 14 -0.137756 39 449 450
376 10 1 0 4 1 4 0 0 0 4 234 
377 10 1 0 3 1 4 0 3 0 0 235 
378 10 1 0 8 1 4 0 0 0 8 236 
379 10 1 0 7 1 4 6 1 0 0 238 
380 10 0 1 0 12 22 16 12 7 26 16 20 -0.142655 0 451 452
381 10 0 1 0 9 24 20 12 31 13 16 13 -0.0699301 69 453 454
382 10 1 0 12 1 4 0 0 0 12 245 
383 10 1 0 45 1 4 0 0 0 45 249 
384 10 1 0 2 1 4 0 1 1 0 250 
385 10 0 1 0 18 19 15 19 29 31 15 17 -0.132755 7 455 456
386 10 0 1 0 19 22 16 20 10 12 13 15 -0.140152 10 457 458
387 10 0 1 0 6 1 13 15 22 24 12 12 -0.0416667 8 459 460
388 10 0 1 0 24 5 16 14 0 14 16 12 -0.402006 29 461 462
389 10 1 0 7 1 4 6 1 0 0 281 
390 10 0 1 0 29 31 14 17 24 31 16 17 -0.132885 -3 463 464
391 10 0 1 0 30 29 13 16 26 28 19 17 -0.233651 -9 465 466
392 10 1 0 5 1 4 3 2 0 0 301 
393 10 1 0 20 1 4 20 0 0 0 302 
394 10 0 1 0 28 15 19 16 25 0 17 19 -0.376068 27 467 468
395 10 0 1 0 29 10 18 18 17 1 17 19 -0.439147 2 469 470
396 10 0 1 0 1 33 13 20 25 31 15 20 -0.139437 -80 471 472
397 10 0 1 0 29 32 15 13 22 33 12 20 -0.172521 0 473 474
398 10 1 0 3 1 4 2 1 0 0 411 
399 10 0 1 0 25 16 19 15 27 16 20 13 -0.323817 5 475 476
400 10 0 1 0 13 34 12 16 19 24 16 20 -0.247826 7 477 478
401 10 0 1 0 26 22 18 20 28 12 12 13 -0.0179235 0 479 480
402 10 1 0 5 1 4 4 1 0 0 426 
403 10 1 0 2 1 4 1 0 1 0 428 
404 10 0 1 0 10 7 17 16 16 15 12 13 -0.00442968 7 481 482
405 10 0 1 0 27 0 14 17 22 34 13 12 -0.150669 -136 483 484
406 10 1 0 4 1 4 1 1 0 2 450 
407 10 1 0 25 1 4 0 0 0 25 460 
408 10 1 0 3 1 4 0 0 3 0 461 
409 10 0 1 0 7 24 15 19 11 30 14 16 -0 0 485 486
410 10 0 1 0 3 21 15 15 2 11 12 18 -0.064 0 487 488
411 10 1 0 17 1 4 0 17 0 0 473 
412 10 1 0 2 1 4 0 1 1 0 474 
413 10 0 1 0 5 27 13 18 11 5 15 17 -0 0 489 490
414 10 0 1 0 7 7 14 18 20 10 15 18 -0.050163 -23 491 492
415 10 0 1 0 13 7 13 16 0 7 12 16 -0.0108641 -13 493 494
416 10 1 0 6 1 4 0 4 1 1 487 
417 10 1 0 8 1 4 0 0 0 8 489 
418 10 1 0 2 1 4 0 0 2 0 490 
419 10 0 1 0 2 28 17 16 8 0 18 17 -0.0938375 57 495 496
420 10 0 1 0 30 14 20 15 17 19 12 19 -0 -48 497 498
421 10 1 0 5 1 4 0 1 0 4 496 
422 10 0 1 0 32 25 16 13 32 18 14 13 -0.113516 6 499 500
423 10 0 1 0 29 22 13 16 31 3 17 12 -0.0488722 4 501 502
424 10 0 1 0 4 30 15 18 15 31 16 15 -0.0904589 -21 503 504
425 11 1 0 2 1 4 0 1 1 0 11 
426 11 1 0 14 1 4 14 0 0 0 12 
427 11 0 1 0 13 11 18 19 32 20 13 13 -0 12 505 506
428 11 1 0 7 1 4 0 0 5 2 15 
429 11 0 1 0 26 30 14 12 29 23 12 15 -0.443575 24 507 508
430 11 0 1 0 35 15 19 12 31 17 13 16 -0.0471932 8 509 510
431 11 1 0 8 1 4 4 2 0 2 45 
432 11 0 1 0 29 12 13 16 35 16 15 12 -0.308974 -7 511 512
433 11 0 1 0 16 21 15 15 13 32 12 13 -0.237443 19 513 514
434 11 1 0 4 1 4 0 3 0 1 82 
435 11 0 1 0 24 8 15 16 19 20 16 20 -0.00462963 -3 515 516
436 11 1 0 2 1 4 1 1 0 0 102 
437 11 0 1 0 16 31 15 20 15 32 14 13 -0.0582792 14 517 518
438 11 1 0 2 1 4 0 0 0 2 141 
439 11 1 0 2 1 4 0 0 1 1 147 
440 11 0 1 0 33 29 16 14 30 29 13 15 -0 -4 519 520
441 11 0 1 0 27 32 15 19 31 23 17 12 -0 0 521 522
442 11 1 0 9 1 4 2 6 1 0 152 
443 11 1 0 8 1 4 2 4 1 1 168 
444 11 0 1 0 14 9 18 16 17 33 14 17 -0.156759 -40 523 524
445 11 0 1 0 34 12 19 13 32 10 19 12 -0.00543478 15 525 526
446 11 1 0 2 1 4 0 1 0 1 184 
447 11 1 0 2 1 4 0 2 0 0 192 
448 11 0 1 0 30 21 13 14 30 20 13 12 -0 -8 527 528
449 11 0 1 0 22 22 15 13 28 29 12 14 -0.124414 53 529 530
450 11 1 0 6 1 4 0 1 0 5 233 
451 11 0 1 0 8 5 17 12 13 15 15 12 -0 -54 531 532
452 11 1 0 5 1 4 0 3 0 2 241 
453 11 0 1 0 15 34 12 15 0 22 19 15 -0.0454545 96 533 534
454 11 1 0 2 1 4 0 0 0 2 244 
455 11 0 1 0 19 32 13 16 13 7 17 16 -0.0106345 55 535 536
456 11 0 1 0 28 24 13 19 27 27 16 17 -0.247727 0 537 538
457 11 1 0 3 1 4 2 1 0 0 258 
458 11 1 0 8 1 4 0 0 7 1 259 
459 11 1 0 10 1 4 0 0 0 10 260 
460 11 1 0 2 1 4 0 0 1 1 261 
461 11 0 1 0 9 25 15 14 11 12 14 15 -0.345945 8 539 540
462 11 1 0 6 1 4 0 0 1 5 280 
463 11 0 1 0 7 13 13 20 25 4 16 18 -0.0965517 22 541 542
464 11 1 0 12 1 4 0 0 12 0 286 
465 11 0 1 0 14 17 16 12 13 26 20 17 -0.253929 -5 543 544
466 11 0 1 0 18 15 16 19 15 14 13 18 -0.102713 -11 545 546
467 11 1 0 5 1 4 0 0 0 5 303 
468 11 0 1 0 15 20 14 19 0 5 19 12 -0.10989 132 547 548
469 11 0 1 0 8 8 18 16 21 8 15 20 -0.160714 -2 549 550
470 11 0 1 0 23 17 18 15 12 27 20 20 -0.0842576 -31 551 552
471 11 0 1 0 7 7 20 15 23 9 13 13 -0.0479303 4 553 554
472 11 0 1 0 17 18 20 13 11 24 18 18 -0.128526 12 555 556
473 11 0 1 0 0 22 17 14 3 18 14 14 -0.02766 -8 557 558
474 11 0 1 0 21 4 13 18 23 0 12 16 -0.3399 32 559 560
475 11 0 1 0 16 9 16 20 14 9 19 18 -0.220307 14 561 562
476 11 1 0 3 1 4 2 0 1 0 417 
477 11 1 0 5 1 4 0 0 3 2 418 
478 11 0 1 0 23 28 16 17 24 17 15 20 -0.0277778 32 563 564
479 11 1 0 2 1 4 1 1 0 0 423 
480 11 0 1 0 22 12 18 12 12 13 14 16 -0.00617284 9 565 566
481 11 1 0 295 1 4 0 0 0 295 429 
482 11 1 0 6 1 4 0 0 2 4 430 
483 11 0 1 0 0 30 17 17 17 23 15 15 -0.155844 -19 567 568
484 11 0 1 0 11 19 19 19 3 34 12 16 -0.106916 26 569 570
485 11 1 0 8 1 4 0 0 0 8 463 
486 11 1 0 4 1 4 0 0 4 0 464 
487 11 1 0 15 1 4 0 0 15 0 465 
488 11 0 1 0 26 13 17 18 26 25 17 19 -0 5 571 572
489 11 1 0 3 1 4 0 3 0 0 476 
490 11 1 0 17 1 4 17 0 0 0 477 
491 11 0 1 0 25 29 13 20 22 3 16 17 -0.05 67 573 574
492 11 0 1 0 6 27 12 14 12 30 15 20 -0.0239344 -28 575 576
493 11 1 0 3 1 4 0 3 0 0 484 
494 11 0 1 0 1 7 20 18 23 34 13 20 -0.00568182 -8 577 578
495 11 0 1 0 10 8 16 20 20 18 19 14 -0.0357143 -5 579 580
496 11 1 0 3 1 4 0 1 2 0 493 
497 11 1 0 11 1 4 0 11 0 0 494 
498 11 1 0 12 1 4 0 0 12 0 495 
499 11 0 1 0 21 27 20 17 21 18 19 13 -0.0292929 5 581 582
500 11 1 0 9 1 4 8 1 0 0 500 
501 11 1 0 5 1 4 0 5 0 0 501 
502 11 0 1 0 13 11 13 14 3 18 19 13 -0.0357143 16 583 584
503 11 0 1 0 4 7 19 13 0 3 15 15 -0.0625559 -5 585 586
504 11 0 1 0 15 16 20 14 12 18 12 16 -0.277859 -5 587 588
505 12 1 0 2 1 4 2 0 0 0 13 
506 12 1 0 20 1 4 0 20 0 0 14 
507 12 0 1 0 12 16 16 13 4 21 19 16 -0.247582 30 589 590
508 12 1 0 4 1 4 1 3 0 0 28 
509 12 0 1 0 11 5 17 16 9 27 16 12 -0.042931 -1 591 592
510 12 1 0 3 1 4 1 0 1 1 44 
511 12 1 0 2 1 4 2 0 0 0 46 
512 12 0 1 0 1 23 17 15 6 11 13 19 -0.224696 -40 593 594
513 12 1 0 58 1 4 0 0 0 58 78 
514 12 0 1 0 2 2 13 15 33 29 14 14 -0.317949 2 595 596
515 12 1 0 106 1 4 0 106 0 0 100 
516 12 1 0 2 1 4 1 1 0 0 101 
517 12 0 1 0 17 10 18 14 18 24 16 14 -0.0503249 -43 597 598
518 12 0 1 0 0 0 13 12 19 1 13 20 -0.0797297 -17 599 600
519 12 1 0 11 1 4 0 11 0 0 148 
520 12 1 0 5 1 4 5 0 0 0 149 
521 12 1 0 3 1 4 0 3 0 0 150 
522 12 1 0 71 1 4 71 0 0 0 151 
523 12 0 1 0 18 26 18 18 2 0 19 12 -0.168067 88 601 602
524 12 0 1 0 6 29 17 17 5 34 12 18 -0.0690047 6 603 604
525 12 1 0 90 1 4 0 90 0 0 182 
526 12 1 0 2 1 4 1 1 0 0 183 
527 12 1 0 2 1 4 0 2 0 0 193 
528 12 1 0 96 1 4 96 0 0 0 194 
529 12 0 1 0 21 33 14 12 1 34 13 18 -0.117499 50 605 606
530 12 0 1 0 21 17 14 18 21 30 15 14 -0.0363636 -25 607 608
531 12 1 0 2 1 4 2 0 0 0 239 
532 12 1 0 40 1 4 0 40 0 0 240 
533 12 1 0 2 1 4 1 1 0 0 242 
534 12 1 0 9 1 4 0 9 0 0 243 
535 12 0 1 0 25 5 19 19 8 27 19 17 -0.00549451 -20 609 610
536 12 1 0 2 1 4 0 2 0 0 253 
537 12 0 1 0 23 25 16 12 21 15 17 16 -0.045 26 611 612
538 12 1 0 2 1 4 0 0 1 1 257 
539 12 0 1 0 10 23 13 14 17 28 19 19 -0.0651786 -10 613 614
540 12 0 1 0 13 10 13 18 16 22 17 19 -0.291595 -1 615 616
541 12 1 0 5 1 4 0 1 4 0 282 
542 12 0 1 0 12 18 20 14 0 20 18 14 -0.0606061 36 617 618
543 12 0 1 0 19 29 15 14 10 32 14 18 -0.160315 1 619 620
544 12 1 0 4 1 4 4 0 0 0 294 
545 12 1 0 7 1 4 0 0 0 7 295 
546 12 0 1 0 24 24 18 14 15 25 20 15 -0.0610071 21 621 622
547 12 1 0 7 1 4 2 5 0 0 304 
548 12 1 0 6 1 4 0 0 6 0 305 
549 12 1 0 6 1 4 0 0 0 6 306 
550 12 0 1 0 21 23 12 14 22 21 13 14 -0 2 623 624
551 12 0 1 0 26 20 14 12 22 17 20 16 -0.025 1 625 626
552 12 0 1 0 24 26 18 15 21 34 12 12 -0.0384615 -23 627 628
553 12 0 1 0 31 8 18 14 31 10 15 13 -0 6 629 630
554 12 1 0 3 1 4 0 0 2 1 315 
555 12 0 1 0 6 18 15 13 0 29 15 16 -0.123924 3 631 632
556 12 0 1 0 21 4 17 13 22 17 13 13 -0.2 -53 633 634
557 12 1 0 3 1 4 0 1 2 0 401 
558 12 0 1 0 28 9 17 16 28 9 14 19 -0.0130599 -2 635 636
559 12 0 1 0 3 21 12 13 24 6 19 17 -0.149744 -27 637 638
560 12 1 0 2 1 4 1 1 0 0 410 
561 12 0 1 0 14 32 14 14 26 35 12 13 -0.0802882 3 639 640
562 12 1 0 4 1 4 2 0 2 0 416 
563 12 1 0 16 1 4 16 0 0 0 419 
564 12 1 0 2 1 4 0 1 1 0 420 
565 12 1 0 79 1 4 0 79 0 0 424 
566 12 1 0 2 1 4 0 1 1 0 425 
567 12 1 0 4 1 4 0 0 4 0 441 
568 12 1 0 7 1 4 3 4 0 0 442 
569 12 0 1 0 24 30 14 18 31 32 15 15 -0.083572 29 641 642
570 12 1 0 2 1 4 0 1 0 1 449 
571 12 1 0 8 1 4 0 8 0 0 466 
572 12 1 0 2 1 4 0 0 2 0 467 
573 12 1 0 8 1 4 8 0 0 0 478 
574 12 1 0 2 1 4 1 1 0 0 479 
575 12 0 1 0 22 29 13 15 26 32 14 18 -0.0179627 1 643 644
576 12 1 0 3 1 4 3 0 0 0 483 
577 12 1 0 86 1 4 86 0 0 0 485 
578 12 1 0 2 1 4 1 1 0 0 486 
579 12 1 0 2 1 4 0 0 1 1 491 
580 12 1 0 12 1 4 0 0 0 12 492 
581 12 1 0 3 1 4 3 0 0 0 497 
582 12 0 1 0 17 29 14 19 13 2 16 13 -0.0166667 78 645 646
583 12 1 0 2 1 4 1 1 0 0 502 
584 12 1 0 12 1 4 12 0 0 0 503 
585 12 1 0 2 1 4 0 0 0 2 504 
586 12 0 1 0 6 16 20 13 7 25 18 13 -0.0565512 -17 647 648
587 12 0 1 0 17 3 12 19 0 9 13 19 -0.152778 -5 649 650
588 12 0 1 0 2 11 20 13 25 28 18 18 -0.0229885 -4 651 652
589 13 0 1 0 23 16 15 12 15 24 20 17 -0.0335498 -26 653 654
590 13 1 0 3 1 4 2 0 0 1 27 
591 13 0 1 0 11 7 12 15 4 19 14 13 -0.0395012 68 655 656
592 13 1 0 4 1 4 0 2 0 2 43 
593 13 1 0 2 1 4 0 2 0 0 47 
594 13 0 1 0 32 22 20 13 32 34 13 14 -0.118421 -10 657 658
595 13 0 1 0 30 5 13 16 23 18 13 20 -0.0512821 -31 659 660
596 13 1 0 2 1 4 2 0 0 0 81 
597 13 1 0 2 1 4 0 1 0 1 113 
598 13 0 1 0 29 3 14 17 28 15 17 12 -0.0469639 -83 661 662
599 13 1 0 17 1 4 17 0 0 0 137 
600 13 0 1 0 9 29 13 20 23 26 16 15 -0.0472222 -27 663 664
601 13 1 0 3 1 4 0 0 0 3 169 
602 13 0 1 0 4 24 13 13 6 10 15 14 -0 -15 665 666
603 13 0 1 0 4 33 13 12 3 24 15 13 -0.0438785 -1 667 668
604 13 1 0 3 1 4 1 1 0 1 177 
605 13 0 1 0 2 15 15 20 0 18 17 13 -0.376895 11 669 670
606 13 0 1 0 1 13 19 19 4 20 13 13 -0.0915209 -9 671 672
607 13 1 0 5 1 4 1 4 0 0 231 
608 13 1 0 17 1 4 17 0 0 0 232 
609 13 1 0 89 1 4 89 0 0 0 251 
610 13 1 0 2 1 4 1 1 0 0 252 
611 13 0 1 0 11 5 12 16 8 26 12 13 -0.05 -68 673 674
612 13 1 0 10 1 4 0 10 0 0 256 
613 13 1 0 8 1 4 0 7 1 0 262 
614 13 0 1 0 19 0 19 20 14 24 20 17 -0.025 -105 675 676
615 13 0 1 0 14 34 12 14 19 5 17 20 -0.246294 51 677 678
616 13 1 0 4 1 4 0 0 1 3 279 
617 13 0 1 0 15 32 13 15 22 0 20 16 -0.0227273 80 679 680
618 13 1 0 2 1 4 0 1 1 0 285 
619 13 0 1 0 4 28 18 18 8 11 12 13 -0.115789 47 681 682
620 13 0 1 0 5 21 16 12 29 32 14 14 -0.0588235 -74 683 684
621 13 0 1 0 27 34 12 18 32 26 15 12 -0.0243213 -8 685 686
622 13 1 0 6 1 4 0 6 0 0 300 
623 13 1 0 5 1 4 0 0 5 0 307 
624 13 1 0 9 1 4 0 9 0 0 308 
625 13 1 0 26 1 4 0 26 0 0 309 
626 13 1 0 4 1 4 0 1 3 0 310 
627 13 1 0 2 1 4 1 1 0 0 311 
628 13 1 0 11 1 4 11 0 0 0 312 
629 13 1 0 49 1 4 0 49 0 0 313 
630 13 1 0 2 1 4 0 0 2 0 314 
631 13 0 1 0 2 31 13 18 2 32 13 14 -0.106926 7 687 688
632 13 0 1 0 3 2 15 12 32 26 19 12 -0.308259 -23 689 690
633 13 1 0 8 1 4 8 0 0 0 399 
634 13 1 0 2 1 4 1 0 1 0 400 
635 13 1 0 3 1 4 0 0 2 1 402 
636 13 0 1 0 2 20 17 12 6 1 14 19 -0.00403226 -5 691 692
637 13 1 0 14 1 4 0 0 0 14 405 
638 13 0 1 0 4 8 18 20 9 11 13 16 -0.118182 3 693 694
639 13 0 1 0 7 15 17 17 27 33 13 20 -0.0469746 -124 695 696
640 13 1 0 9 1 4 0 0 0 9 415 
641 13 0 1 0 6 17 20 12 12 4 19 13 -0.0532246 -6 697 698
642 13 1 0 3 1 4 1 1 0 1 448 
643 13 1 0 5 1 4 2 3 0 0 480 
644 13 0 1 0 19 14 13 18 17 14 14 15 -0.0042735 1 699 700
645 13 1 0 28 1 4 0 28 0 0 498 
646 13 1 0 2 1 4 0 1 1 0 499 
647 13 0 1 0 6 7 12 19 15 3 13 14 -0.206349 6 701 702
648 13 0 1 0 26 18 16 18 26 18 16 14 -0.0396435 3 703 704
649 13 0 1 0 19 1 16 18 25 18 16 16 -0.10119 -76 705 706
650 13 1 0 4 1 4 0 0 3 1 537 
651 13 1 0 26 1 4 26 0 0 0 538 
652 13 1 0 3 1 4 0 2 1 0 539 
653 14 1 0 2 1 4 0 1 1 0 24 
654 14 0 1 0 1 18 18 17 11 7 20 20 -0.0119048 18 707 708
655 14 0 1 0 22 17 16 20 31 8 20 15 -0.0349256 77 709 710
656 14 1 0 3 1 4 1 0 0 2 42 
657 14 1 0 4 1 4 2 0 0 2 48 
658 14 1 0 72 1 4 0 0 0 72 49 
659 14 1 0 10 1 4 0 0 0 10 79 
660 14 1 0 3 1 4 0 1 2 0 80 
661 14 1 0 4 1 4 1 2 0 1 114 
662 14 0 1 0 16 19 12 17 15 35 12 14 -0.0431611 -73 711 712
663 14 0 1 0 11 5 18 14 7 5 16 20 -0.0277778 2 713 714
664 14 1 0 2 1 4 0 0 2 0 140 
665 14 1 0 4 1 4 0 4 0 0 170 
666 14 1 0 10 1 4 10 0 0 0 171 
667 14 0 1 0 6 24 12 14 12 35 12 14 -0.2 -28 715 716
668 14 0 1 0 13 26 14 16 17 29 15 20 -0.00600784 -22 717 718
669 14 1 0 4 1 4 1 0 0 3 200 
670 14 0 1 0 24 5 19 12 7 1 17 20 -0.0840841 3 719 720
671 14 1 0 2 1 4 0 0 0 2 204 
672 14 0 1 0 27 10 17 17 26 17 18 18 -0.0864209 -10 721 722
673 14 1 0 2 1 4 1 1 0 0 254 
674 14 1 0 8 1 4 8 0 0 0 255 
675 14 1 0 2 1 4 1 1 0 0 263 
676 14 1 0 18 1 4 18 0 0 0 264 
677 14 0 1 0 20 24 16 14 25 6 17 15 -0.0416667 26 723 724
678 14 0 1 0 19 8 15 18 34 23 17 12 -0.185665 -13 725 726
679 14 1 0 2 1 4 1 1 0 0 283 
680 14 1 0 20 1 4 0 20 0 0 284 
681 14 0 1 0 7 2 15 15 17 31 12 17 -0 -52 727 728
682 14 0 1 0 13 11 17 13 7 18 16 18 -0.0521978 3 729 730
683 14 1 0 4 1 4 0 2 2 0 292 
684 14 1 0 13 1 4 0 13 0 0 293 
685 14 1 0 5 1 4 0 0 0 5 296 
686 14 0 1 0 7 25 20 18 11 20 16 14 -0.00840152 -6 731 732
687 14 0 1 0 16 24 17 12 11 29 14 16 -0.0759486 15 733 734
688 14 0 1 0 21 17 16 19 23 15 16 14 -0.243769 2 735 736
689 14 0 1 0 23 3 15 14 27 25 20 20 -0.145983 -17 737 738
690 14 0 1 0 7 2 13 20 19 9 13 20 -0.261552 -10 739 740
691 14 1 0 2 1 4 0 0 1 1 403 
692 14 1 0 122 1 4 0 0 0 122 404 
693 14 0 1 0 5 26 20 18 32 15 19 12 -0.0431818 -46 741 742
694 14 1 0 3 1 4 0 0 0 3 409 
695 14 1 0 5 1 4 0 0 1 4 412 
696 14 0 1 0 17 16 12 15 22 27 15 20 -0 -12 743 744
697 14 1 0 2 1 4 1 0 0 1 443 
698 14 0 1 0 8 9 14 13 17 10 18 16 -0.0103787 -11 745 746
699 14 1 0 115 1 4 0 115 0 0 481 
700 14 1 0 2 1 4 0 1 1 0 482 
701 14 1 0 7 1 4 0 1 1 5 505 
702 14 1 0 11 1 4 0 11 0 0 506 
703 14 0 1 0 23 29 12 16 21 1 19 18 -0.0339173 4 747 748
704 14 0 1 0 11 2 14 18 9 0 14 18 -0 0 749 750
705 14 1 0 2 1 4 0 1 1 0 534 
706 14 0 1 0 27 11 12 20 27 9 16 15 -0.0416667 2 751 752
707 15 1 0 40 1 4 0 0 0 40 25 
708 15 1 0 2 1 4 0 0 1 1 26 
709 15 0 1 0 6 17 12 13 8 2 14 14 -0.0315627 -25 753 754
710 15 1 0 5 1 4 0 2 0 3 41 
711 15 1 0 2 1 4 0 1 1 0 115 
712 15 0 1 0 31 20 16 12 31 32 13 14 -0.0413281 -7 755 756
713 15 1 0 2 1 4 1 1 0 0 138 
714 15 1 0 16 1 4 0 16 0 0 139 
715 15 1 0 4 1 4 0 3 0 1 172 
716 15 1 0 11 1 4 11 0 0 0 173 
717 15 1 0 2 1 4 1 1 0 0 174 
718 15 0 1 0 23 16 18 16 18 33 14 12 -0.00202429 -2 757 758
719 15 0 1 0 9 13 20 17 24 21 15 13 -0.0444444 10 759 760
720 15 1 0 19 1 4 19 0 0 0 203 
721 15 0 1 0 11 28 17 15 17 28 18 17 -0.027382 -2 761 762
722 15 0 1 0 2 13 17 19 11 28 16 13 -0.400181 -23 763 764
723 15 1 0 2 1 4 0 1 1 0 265 
724 15 1 0 10 1 4 10 0 0 0 266 
725 15 0 1 0 23 9 16 18 27 26 17 17 -0.0688259 -73 765 766
726 15 0 1 0 25 27 17 19 26 24 16 20 -0.133718 31 767 768
727 15 1 0 6 1 4 0 6 0 0 287 
728 15 1 0 4 1 4 0 0 4 0 288 
729 15 0 1 0 0 12 20 20 0 32 13 12 -0.0192308 -90 769 770
730 15 1 0 2 1 4 0 0 1 1 291 
731 15 1 0 2 1 4 0 2 0 0 297 
732 15 0 1 0 0 26 18 14 33 23 13 13 -0.00431034 -28 771 772
733 15 0 1 0 25 0 17 12 28 9 14 19 -0.068865 18 773 774
734 15 1 0 9 1 4 4 3 2 0 368 
735 15 0 1 0 26 15 18 12 17 0 12 18 -0.194242 -2 775 776
736 15 0 1 0 21 11 17 19 25 11 12 12 -0.175358 -5 777 778
737 15 0 1 0 20 1 19 13 33 25 13 14 -0.104929 -27 779 780
738 15 1 0 3 1 4 0 0 0 3 393 
739 15 1 0 6 1 4 6 0 0 0 394 
740 15 0 1 0 3 0 16 16 13 4 17 13 -0.146774 6 781 782
741 15 1 0 2 1 4 0 2 0 0 406 
742 15 0 1 0 22 23 15 16 22 4 17 17 -0.025 20 783 784
743 15 1 0 51 1 4 0 0 51 0 413 
744 15 1 0 2 1 4 0 0 0 2 414 
745 15 0 1 0 28 17 20 12 26 13 12 12 -0.00702968 21 785 786
746 15 1 0 2 1 4 0 0 2 0 447 
747 15 1 0 3 1 4 3 0 0 0 507 
748 15 0 1 0 15 17 16 19 22 12 17 12 -0.0320073 -3 787 788
749 15 1 0 9 1 4 0 0 9 0 532 
750 15 1 0 7 1 4 0 7 0 0 533 
751 15 1 0 10 1 4 0 10 0 0 535 
752 15 1 0 2 1 4 1 1 0 0 536 
753 16 1 0 2 1 4 0 1 0 1 29 
754 16 0 1 0 0 21 18 17 2 31 13 13 -0.0295709 15 789 790
755 16 0 1 0 35 28 18 12 30 27 15 15 -0.0284788 -14 791 792
756 16 0 1 0 13 32 13 17 18 29 15 16 -0.142424 10 793 794
757 16 1 0 245 1 4 245 0 0 0 175 
758 16 1 0 2 1 4 1 1 0 0 176 
759 16 1 0 13 1 4 0 13 0 0 201 
760 16 1 0 5 1 4 4 1 0 0 202 
761 16 0 1 0 3 9 14 19 18 23 15 14 -0.0256066 -113 795 796
762 16 1 0 3 1 4 3 0 0 0 221 
763 16 0 1 0 4 32 13 20 2 27 16 17 -0.614427 29 797 798
764 16 0 1 0 18 4 17 16 25 29 17 15 -0.0201681 -3 799 800
765 16 1 0 7 1 4 0 7 0 0 267 
766 16 0 1 0 20 23 19 17 12 22 18 20 -0 2 801 802
767 16 0 1 0 17 32 13 18 17 7 18 19 -0.0978929 36 803 804
768 16 1 0 4 1 4 0 0 3 1 278 
769 16 1 0 2 1 4 0 1 1 0 289 
770 16 1 0 24 1 4 0 0 24 0 290 
771 16 1 0 2 1 4 0 0 1 1 298 
772 16 1 0 114 1 4 0 0 114 0 299 
773 16 0 1 0 18 20 14 12 12 30 13 18 -0.0644518 5 805 806
774 16 1 0 5 1 4 4 0 1 0 367 
775 16 1 0 7 1 4 0 3 4 0 369 
776 16 0 1 0 15 30 12 17 24 26 20 14 -0.0978989 3 807 808
777 16 1 0 11 1 4 0 0 0 11 376 
778 16 0 1 0 26 1 13 19 21 3 12 17 -0.150381 5 809 810
779 16 0 1 0 23 23 13 13 1 29 15 20 -0 38 811 812
780 16 0 1 0 6 8 17 14 30 4 17 12 -0.125 1 813 814
781 16 0 1 0 28 5 15 14 27 1 15 19 -0 3 815 816
782 16 0 1 0 21 4 17 13 22 17 13 13 -0.126263 4 817 818
783 16 1 0 2 1 4 0 0 1 1 407 
784 16 1 0 18 1 4 0 0 18 0 408 
785 16 0 1 0 31 30 17 14 27 29 14 14 -0.00178571 -20 819 820
786 16 1 0 4 1 4 2 2 0 0 446 
787 16 1 0 4 1 4 3 1 0 0 508 
788 16 0 1 0 0 33 14 14 0 22 17 15 -0.0294025 18 821 822
789 17 0 1 0 27 26 19 15 28 15 17 13 -0.0279044 5 823 824
790 17 1 0 2 1 4 0 1 0 1 40 
791 17 0 1 0 16 13 19 13 20 30 14 12 -0.0631579 -19 825 826
792 17 0 1 0 14 27 13 20 11 29 15 17 -0.023396 20 827 828
793 17 0 1 0 26 35 12 17 5 17 12 15 -0.0166667 3 829 830
794 17 1 0 3 1 4 0 0 0 3 136 
795 17 1 0 2 1 4 2 0 0 0 205 
796 17 0 1 0 3 28 15 12 7 20 18 12 -0.023791 4 831 832
797 17 0 1 0 20 7 14 13 26 8 14 17 -0.554398 31 833 834
798 17 0 1 0 11 24 15 14 23 9 13 16 -0.0172414 -69 835 836
799 17 1 0 78 1 4 0 78 0 0 229 
800 17 1 0 7 1 4 4 3 0 0 230 
801 17 1 0 17 1 4 0 0 17 0 268 
802 17 1 0 2 1 4 0 2 0 0 269 
803 17 1 0 2 1 4 0 0 1 1 270 
804 17 0 1 0 17 30 12 12 35 31 12 12 -0.074399 24 837 838
805 17 0 1 0 17 8 19 15 35 30 15 12 -0.0559041 6 839 840
806 17 0 1 0 5 24 15 18 9 32 12 20 -0.211111 0 841 842
807 17 1 0 10 1 4 0 0 10 0 370 
808 17 0 1 0 2 30 13 15 3 25 20 16 -0.0609721 -10 843 844
809 17 0 1 0 18 20 13 12 5 26 16 14 -0.116186 48 845 846
810 17 0 1 0 18 24 16 18 34 25 20 12 -0.043956 18 847 848
811 17 1 0 57 1 4 0 0 57 0 389 
812 17 1 0 2 1 4 0 2 0 0 390 
813 17 1 0 7 1 4 0 0 7 0 391 
814 17 1 0 9 1 4 1 7 1 0 392 
815 17 1 0 17 1 4 0 17 0 0 395 
816 17 1 0 3 1 4 0 0 3 0 396 
817 17 1 0 9 1 4 0 0 8 1 397 
818 17 1 0 2 1 4 0 1 1 0 398 
819 17 1 0 2 1 4 1 1 0 0 444 
820 17 1 0 278 1 4 278 0 0 0 445 
821 17 0 1 0 3 12 16 18 11 11 13 16 -0.0269049 -46 849 850
822 17 1 0 4 1 4 3 1 0 0 531 
823 18 0 1 0 33 15 20 12 29 34 12 18 -0.0155966 -33 851 852
824 18 0 1 0 20 4 17 13 11 20 19 16 -0.148695 0 853 854
825 18 0 1 0 6 11 12 15 8 19 12 20 -0 -30 855 856
826 18 1 0 23 1 4 23 0 0 0 118 
827 18 0 1 0 18 5 14 19 19 4 19 17 -0.0197123 7 857 858
828 18 1 0 2 1 4 1 0 0 1 133 
829 18 1 0 2 1 4 0 1 1 0 134 
830 18 1 0 28 1 4 28 0 0 0 135 
831 18 0 1 0 17 30 15 18 8 26 20 15 -0.0223011 33 859 860
832 18 1 0 2 1 4 2 0 0 0 220 
833 18 0 1 0 28 16 12 19 29 27 16 17 -0.35625 -5 861 862
834 18 1 0 12 1 4 0 0 0 12 226 
835 18 1 0 2 1 4 1 1 0 0 227 
836 18 1 0 27 1 4 0 27 0 0 228 
837 18 1 0 3 1 4 3 0 0 0 271 
838 18 0 1 0 33 24 20 12 24 23 16 13 -0.0601219 1 863 864
839 18 0 1 0 23 28 15 16 25 21 12 13 -0.0484778 -5 865 866
840 18 0 1 0 20 9 17 12 25 9 15 13 -0.230769 5 867 868
841 18 1 0 9 1 4 5 3 1 0 365 
842 18 1 0 11 1 4 0 0 11 0 366 
843 18 1 0 4 1 4 0 0 4 0 371 
844 18 0 1 0 19 25 12 16 20 21 18 16 -0.0338118 11 869 870
845 18 0 1 0 21 24 13 18 15 21 12 14 -0.0863629 -16 871 872
846 18 1 0 7 1 4 0 0 1 6 385 
847 18 1 0 8 1 4 0 0 8 0 386 
848 18 0 1 0 17 28 14 13 8 20 13 19 -0.0384615 38 873 874
849 18 1 0 2 1 4 0 1 0 1 509 
850 18 0 1 0 30 24 15 14 28 23 18 16 -0.0230432 -22 875 876
851 19 1 0 5 1 4 1 0 0 4 30 
852 19 0 1 0 30 32 12 15 28 28 17 19 -0.0110996 5 877 878
853 19 0 1 0 22 16 17 18 17 25 17 20 -0.106329 -20 879 880
854 19 1 0 2 1 4 1 1 0 0 39 
855 19 1 0 3 1 4 3 0 0 0 116 
856 19 1 0 12 1 4 0 12 0 0 117 
857 19 0 1 0 13 29 13 20 9 28 14 13 -0.0166843 -10 881 882
858 19 1 0 4 1 4 2 0 2 0 132 
859 19 0 1 0 27 23 20 19 20 27 13 20 -0.0408163 -27 883 884
860 19 0 1 0 21 8 20 19 19 10 14 18 -0.0175518 -24 885 886
861 19 0 1 0 25 0 12 20 15 31 14 14 -0.0472222 -85 887 888
862 19 1 0 4 1 4 0 0 0 4 225 
863 19 0 1 0 20 8 20 18 11 4 13 16 -0.0462675 -29 889 890
864 19 1 0 2 1 4 0 0 2 0 277 
865 19 1 0 6 1 4 0 0 0 6 316 
866 19 0 1 0 33 29 15 14 26 0 15 15 -0.0465625 -1 891 892
867 19 1 0 4 1 4 0 0 2 2 363 
868 19 1 0 9 1 4 3 6 0 0 364 
869 19 0 1 0 3 13 12 14 6 5 13 17 -0.0269297 6 893 894
870 19 1 0 2 1 4 0 0 2 0 375 
871 19 1 0 3 1 4 1 2 0 0 377 
872 19 0 1 0 26 14 13 18 33 24 20 13 -0.0588725 -9 895 896
873 19 1 0 2 1 4 0 1 1 0 387 
874 19 1 0 11 1 4 0 11 0 0 388 
875 19 1 0 4 1 4 3 1 0 0 510 
876 19 0 1 0 6 24 15 13 7 14 18 15 -0.0205109 22 897 898
877 20 0 1 0 4 13 17 17 8 13 14 12 -0.00630362 19 899 900
878 20 1 0 7 1 4 1 0 0 6 35 
879 20 1 0 69 1 4 0 0 0 69 36 
880 20 0 1 0 27 16 18 17 17 14 20 13 -0 -34 901 902
881 20 1 0 3 1 4 2 0 0 1 119 
882 20 0 1 0 20 0 14 17 0 30 14 16 -0.0132827 64 903 904
883 20 1 0 14 1 4 0 14 0 0 206 
884 20 1 0 7 1 4 6 1 0 0 207 
885 20 1 0 4 1 4 0 3 0 1 208 
886 20 0 1 0 28 28 13 19 29 27 17 13 -0.0137414 0 905 906
887 20 1 0 2 1 4 0 0 0 2 222 
888 20 0 1 0 14 27 12 15 0 22 12 19 -0.0277778 46 907 908
889 20 1 0 2 1 4 2 0 0 0 272 
890 20 0 1 0 27 26 14 15 22 19 18 20 -0.0314961 -18 909 910
891 20 0 1 0 22 29 17 14 28 28 16 12 -0.0921875 9 911 912
892 20 0 1 0 19 14 12 14 32 34 13 13 -0.0416082 0 913 914
893 20 0 1 0 21 31 16 20 13 31 16 17 -0.0125786 -3 915 916
894 20 1 0 2 1 4 0 0 1 1 374 
895 20 0 1 0 12 9 20 13 24 29 17 14 -0.0489521 -135 917 918
896 20 1 0 5 1 4 0 0 0 5 384 
897 20 0 1 0 16 25 15 20 16 23 20 20 -0.0186235 -15 919 920
898 20 1 0 2 1 4 0 0 2 0 530 
899 21 0 1 0 27 26 14 14 29 16 14 12 -0.00211188 12 921 922
900 21 1 0 7 1 4 1 0 0 6 34 
901 21 1 0 3 1 4 0 3 0 0 37 
902 21 1 0 7 1 4 0 0 0 7 38 
903 21 0 1 0 19 25 19 15 17 23 15 18 -0.012135 23 923 924
904 21 1 0 5 1 4 2 3 0 0 131 
905 21 0 1 0 19 12 14 12 16 1 19 15 -0.0104091 77 925 926
906 21 0 1 0 19 4 14 16 29 10 16 13 -0 33 927 928
907 21 1 0 2 1 4 1 1 0 0 223 
908 21 1 0 16 1 4 0 16 0 0 224 
909 21 1 0 2 1 4 2 0 0 0 273 
910 21 0 1 0 10 16 19 18 18 31 13 12 -0.0253333 -10 929 930
911 21 0 1 0 25 30 14 12 23 32 14 14 -0.0472222 -7 931 932
912 21 1 0 12 1 4 0 12 0 0 320 
913 21 0 1 0 17 18 13 16 12 15 20 16 -0.0389888 36 933 934
914 21 0 1 0 23 3 16 15 22 10 18 16 -0 -31 935 936
915 21 1 0 50 1 4 0 0 0 50 372 
916 21 1 0 3 1 4 0 0 1 2 373 
917 21 1 0 2 1 4 0 2 0 0 378 
918 21 0 1 0 29 29 16 18 29 29 13 18 -0.0333926 -6 937 938
919 21 1 0 2 1 4 0 0 2 0 511 
920 21 0 1 0 21 15 14 19 26 10 14 12 -0.017665 -6 939 940
921 22 1 0 1807 1 4 0 0 0 1807 31 
922 22 0 1 0 28 6 13 15 5 1 17 20 -0.0727273 -6 941 942
923 22 0 1 0 8 29 12 16 1 33 13 20 -0.0110953 16 943 944
924 22 1 0 6 1 4 3 3 0 0 130 
925 22 0 1 0 25 15 20 19 25 17 19 17 -0.00854725 -2 945 946
926 22 1 0 7 1 4 2 5 0 0 217 
927 22 1 0 12 1 4 0 12 0 0 218 
928 22 1 0 4 1 4 4 0 0 0 219 
929 22 0 1 0 31 14 20 13 17 31 16 12 -0.01 -65 947 948
930 22 1 0 5 1 4 2 3 0 0 276 
931 22 1 0 2 1 4 0 2 0 0 317 
932 22 0 1 0 16 28 13 20 21 29 15 15 -0.0277778 2 949 950
933 22 0 1 0 22 2 12 12 4 5 17 14 -0.0360286 35 951 952
934 22 1 0 4 1 4 2 0 2 0 360 
935 22 1 0 5 1 4 0 0 5 0 361 
936 22 1 0 6 1 4 0 0 0 6 362 
937 22 1 0 3 1 4 0 0 0 3 379 
938 22 0 1 0 13 32 13 15 8 34 13 15 -0.0212738 30 953 954
939 22 1 0 8 1 4 3 5 0 0 512 
940 22 0 1 0 21 30 14 20 24 27 20 14 -0.0141584 14 955 956
941 23 1 0 5 1 4 0 1 0 4 32 
942 23 1 0 39 1 4 0 0 0 39 33 
943 23 0 1 0 7 25 15 14 6 33 13 13 -0.00280918 -1 957 958
944 23 0 1 0 24 18 20 15 30 8 19 14 -0.0195833 41 959 960
945 23 0 1 0 10 14 18 12 4 20 17 18 -0.00755947 0 961 962
946 23 1 0 2 1 4 1 1 0 0 216 
947 23 1 0 115 1 4 0 115 0 0 274 
948 23 1 0 5 1 4 0 3 2 0 275 
949 23 1 0 16 1 4 0 0 16 0 318 
950 23 1 0 2 1 4 0 0 1 1 319 
951 23 0 1 0 8 24 18 18 2 33 12 20 -0.0330554 17 963 964
952 23 1 0 5 1 4 2 0 3 0 359 
953 23 0 1 0 27 15 18 13 9 13 12 15 -0.00577975 -6 965 966
954 23 1 0 4 1 4 0 0 1 3 383 
955 23 0 1 0 9 14 20 18 12 10 19 14 -0.0137253 -13 967 968
956 23 1 0 2 1 4 2 0 0 0 529 
957 24 0 1 0 8 1 14 18 12 4 14 19 -0.00201295 -2 969 970
958 24 1 0 5 1 4 3 2 0 0 126 
959 24 1 0 2 1 4 0 0 0 2 127 
960 24 0 1 0 23 0 13 14 0 14 20 12 -0.0104167 94 971 972
961 24 1 0 2 1 4 1 1 0 0 209 
962 24 0 1 0 18 31 13 16 14 29 15 20 -0.00673401 1 973 974
963 24 0 1 0 3 20 19 19 7 17 17 14 -0.0314539 -1 975 976
964 24 1 0 4 1 4 0 0 1 3 358 
965 24 1 0 2 1 4 0 2 0 0 380 
966 24 0 1 0 27 21 18 14 22 27 13 12 -0.00294118 -74 977 978
967 24 1 0 2 1 4 1 1 0 0 513 
968 24 0 1 0 2 11 15 16 8 21 16 19 -0.0128126 -89 979 980
969 25 0 1 0 30 20 19 16 30 23 15 12 -0.0012543 -26 981 982
970 25 1 0 7 1 4 5 2 0 0 125 
971 25 1 0 46 1 4 46 0 0 0 128 
972 25 1 0 2 1 4 1 1 0 0 129 
973 25 1 0 3 1 4 1 2 0 0 210 
974 25 0 1 0 4 26 18 20 6 34 12 12 -0.00589862 -3 983 984
975 25 0 1 0 25 32 15 15 24 14 14 17 -0 33 985 986
976 25 0 1 0 27 25 14 16 30 25 18 12 -0.0293177 -29 987 988
977 25 1 0 2 1 4 0 0 1 1 381 
978 25 1 0 168 1 4 0 0 168 0 382 
979 25 1 0 2 1 4 1 1 0 0 514 
980 25 0 1 0 23 9 18 17 24 12 14 13 -0.0118946 9 989 990
981 26 1 0 4 1 4 3 1 0 0 120 
982 26 0 1 0 22 29 18 19 21 32 12 16 -0.00076187 -24 991 992
983 26 0 1 0 15 20 20 12 9 30 17 19 -0 15 993 994
984 26 0 1 0 24 23 12 18 27 9 13 19 -0.00389004 27 995 996
985 26 1 0 5 1 4 0 0 5 0 321 
986 26 1 0 6 1 4 0 6 0 0 322 
987 26 1 0 6 1 4 0 4 2 0 323 
988 26 0 1 0 23 16 13 16 21 20 14 18 -0.0274958 7 997 998
989 26 0 1 0 6 7 20 20 8 6 19 19 -0.0111087 -3 999 1000
990 26 1 0 2 1 4 1 1 0 0 528 
991 27 1 0 3 1 4 2 1 0 0 121 
992 27 0 1 0 0 27 13 12 15 28 16 19 -0.000436072 -132 1001 1002
993 27 1 0 21 1 4 0 21 0 0 211 
994 27 1 0 2 1 4 2 0 0 0 212 
995 27 0 1 0 25 17 12 13 24 0 14 12 -0.125 34 1003 1004
996 27 1 0 948 1 4 0 948 0 0 215 
997 27 0 1 0 27 27 12 17 3 27 13 17 -0.0266469 102 1005 1006
998 27 1 0 3 1 4 0 0 0 3 357 
999 27 1 0 3 1 4 0 2 1 0 515 
1000 27 0 1 0 26 13 19 15 28 19 19 15 -0.0101563 6 1007 1008
1001 28 0 1 0 28 2 17 14 15 14 15 14 -0.0238095 -103 1009 1010
1002 28 1 0 2163 1 4 2163 0 0 0 124 
1003 28 1 0 14 1 4 0 14 0 0 213 
1004 28 1 0 2 1 4 0 1 0 1 214 
1005 28 0 1 0 25 27 16 20 27 27 20 19 -0.025825 -26 1011 1012
1006 28 1 0 2 1 4 0 0 0 2 356 
1007 28 0 1 0 29 27 12 17 27 24 19 18 -0.00756289 5 1013 1014
1008 28 0 1 0 25 11 16 20 18 27 12 17 -0 -46 1015 1016
1009 29 1 0 19 1 4 19 0 0 0 122 
1010 29 1 0 2 1 4 1 1 0 0 123 
1011 29 1 0 2 1 4 0 2 0 0 324 
1012 29 0 1 0 1 1 17 13 27 17 13 17 -0.0252497 4 1017 1018
1013 29 0 1 0 21 6 13 17 26 16 18 13 -0.00570219 9 1019 1020
1014 29 0 1 0 22 25 13 19 9 27 18 14 -0 22 1021 1022
1015 29 1 0 20 1 4 0 20 0 0 526 
1016 29 1 0 3 1 4 3 0 0 0 527 
1017 30 0 1 0 15 20 19 20 21 16 19 12 -0.0155542 -11 1023 1024
1018 30 0 1 0 33 28 18 12 24 33 12 18 -0.0587798 -30 1025 1026
1019 30 0 1 0 26 31 12 16 24 27 20 13 -0.00465062 22 1027 1028
1020 30 1 0 4 1 4 1 3 0 0 523 
1021 30 1 0 2 1 4 0 0 2 0 524 
1022 30 1 0 14 1 4 0 14 0 0 525 
1023 31 1 0 2 1 4 1 0 1 0 325 
1024 31 0 1 0 12 16 19 18 10 19 18 14 -0.0135588 15 1029 1030
1025 31 0 1 0 7 6 17 12 4 7 13 18 -0.0960145 1 1031 1032
1026 31 0 1 0 27 17 20 20 31 23 16 15 -0.0165059 2 1033 1034
1027 31 0 1 0 22 19 15 12 25 25 14 16 -0.00380233 41 1035 1036
1028 31 1 0 3 1 4 1 2 0 0 522 
1029 32 0 1 0 1 4 13 13 31 25 12 16 -0.0125628 5 1037 1038
1030 32 1 0 2 1 4 0 0 0 2 345 
1031 32 0 1 0 18 24 12 17 11 25 13 13 -0.0582609 20 1039 1040
1032 32 0 1 0 17 15 12 13 16 10 19 14 -0 1 1041 1042
1033 32 0 1 0 13 17 16 17 17 15 16 19 -0.0129814 -10 1043 1044
1034 32 1 0 2 1 4 0 0 1 1 355 
1035 32 0 1 0 3 9 20 19 18 7 13 12 -0.0027681 -17 1045 1046
1036 32 1 0 5 1 4 1 4 0 0 521 
1037 33 0 1 0 23 5 16 12 25 16 18 20 -0.012321 16 1047 1048
1038 33 1 0 2 1 4 0 0 0 2 344 
1039 33 0 1 0 2 13 18 19 4 29 15 18 -0.0217391 -6 1049 1050
1040 33 1 0 2 1 4 0 1 1 0 348 
1041 33 1 0 20 1 4 0 20 0 0 349 
1042 33 1 0 3 1 4 0 0 3 0 350 
1043 33 1 0 2 1 4 0 1 1 0 351 
1044 33 0 1 0 30 0 13 15 34 26 17 13 -0.00914979 2 1051 1052
1045 33 1 0 4 1 4 1 3 0 0 516 
1046 33 0 1 0 27 30 17 20 26 23 15 19 -0.00185457 57 1053 1054
1047 34 0 1 0 10 24 17 19 21 19 12 14 -0.0115706 -12 1055 1056
1048 34 1 0 2 1 4 0 0 1 1 343 
1049 34 1 0 21 1 4 0 0 21 0 346 
1050 34 1 0 2 1 4 0 0 1 1 347 
1051 34 0 1 0 4 16 15 13 2 16 16 13 -0.00310078 3 1057 1058
1052 34 1 0 7 1 4 0 2 5 0 354 
1053 34 0 1 0 8 16 17 20 10 21 14 16 -0.000984386 -27 1059 1060
1054 34 1 0 6 1 4 1 5 0 0 520 
1055 35 1 0 4 1 4 0 0 2 2 326 
1056 35 0 1 0 18 23 12 20 25 8 20 18 -0.0107496 -8 1061 1062
1057 35 1 0 253 1 4 0 0 253 0 352 
1058 35 1 0 5 1 4 0 1 4 0 353 
1059 35 0 1 0 7 13 16 20 11 8 14 14 -0.0166667 25 1063 1064
1060 35 1 0 952 1 4 0 952 0 0 519 
1061 36 0 1 0 12 22 20 13 1 25 20 17 -0 -2 1065 1066
1062 36 0 1 0 8 26 20 19 35 30 17 12 -0.00938442 68 1067 1068
1063 36 1 0 2 1 4 1 1 0 0 517 
1064 36 1 0 28 1 4 0 28 0 0 518 
1065 37 1 0 10 1 4 0 0 10 0 327 
1066 37 1 0 3 1 4 0 3 0 0 328 
1067 37 0 1 0 18 17 16 20 19 23 17 19 -0.00794228 2 1069 1070
1068 37 0 1 0 17 10 19 20 6 22 13 13 -0.054902 -28 1071 1072
1069 38 0 1 0 17 18 20 17 19 22 13 18 -0.00717658 18 1073 1074
1070 38 1 0 2 1 4 0 0 1 1 339 
1071 38 0 1 0 18 7 14 17 23 29 12 14 -0.0333333 -121 1075 1076
1072 38 1 0 2 1 4 0 2 0 0 342 
1073 39 0 1 0 1 32 15 15 13 2 17 13 -0.00641721 -4 1077 1078
1074 39 1 0 4 1 4 0 0 2 2 338 
1075 39 1 0 2 1 4 0 1 1 0 340 
1076 39 1 0 13 1 4 0 0 13 0 341 
1077 40 1 0 2 1 4 0 0 1 1 329 
1078 40 0 1 0 23 20 12 12 19 23 14 18 -0.00590114 4 1079 1080
1079 41 0 1 0 16 4 13 12 6 34 13 13 -0.00337379 -171 1081 1082
1080 41 0 1 0 19 10 15 15 29 16 14 16 -0.0294118 9 1083 1084
1081 42 1 0 2 1 4 0 1 1 0 330 
1082 42 0 1 0 25 26 13 12 1 34 13 18 -0.00285836 63 1085 1086
1083 42 1 0 15 1 4 0 0 15 0 336 
1084 42 1 0 2 1 4 1 1 0 0 337 
1085 43 0 1 0 21 27 14 20 23 34 12 19 -0.00242694 11 1087 1088
1086 43 1 0 2 1 4 0 1 1 0 335 
1087 44 0 1 0 8 3 18 17 3 7 18 16 -0.00205931 6 1089 1090
1088 44 1 0 3 1 4 0 0 2 1 334 
1089 45 1 0 1836 1 4 0 0 1836 0 331 
1090 45 0 1 0 20 25 19 14 0 15 19 17 -0.0240964 46 1091 1092
1091 46 1 0 2 1 4 1 0 1 0 332 
1092 46 1 0 81 1 4 0 0 81 0 333 
