-2147483648 -2147483648 data/trees_headpose/tree_008.txt
100 10 5000 30 30000 1 48 1 data/trees_headpose ./data/Cropped_HBO_Data_4view.txt
1 0
0 0 0 1 0 28 33 14 16 28 16 13 14 -0.993585 9 1 2
1 1 0 1 0 11 10 19 20 10 32 13 12 -0.835979 -3 3 4
2 1 0 1 0 8 19 15 13 16 6 18 12 -0.688397 -3 5 6
3 2 0 1 0 19 10 15 20 12 28 19 14 -0.591293 -12 7 8
4 2 0 1 0 13 16 14 18 12 27 20 17 -1.35179 1 9 10
5 2 0 1 0 35 26 17 12 32 22 13 12 -0.65921 8 11 12
6 2 0 1 0 4 28 12 13 7 16 15 14 -0.393288 -4 13 14
7 3 0 1 0 31 29 15 12 27 16 18 16 -0.334095 -4 15 16
8 3 0 1 0 31 24 17 14 33 28 19 12 -1.34556 -3 17 18
9 3 0 1 0 0 32 15 12 1 21 13 17 -1.25027 10 19 20
10 3 0 1 0 34 19 19 13 34 28 18 12 -1.02806 11 21 22
11 3 0 1 0 21 25 20 19 12 30 17 16 -0.743026 -29 23 24
12 3 0 1 0 4 21 19 12 0 30 16 12 -0.410465 -2 25 26
13 3 0 1 0 18 1 12 13 2 10 17 13 -0.264524 5 27 28
14 3 0 1 0 24 8 15 20 29 24 14 14 -0.40396 8 29 30
15 4 0 1 0 6 23 20 13 1 28 16 17 -0.217421 -14 31 32
16 4 0 1 0 12 1 15 16 3 4 19 18 -0.82897 -8 33 34
17 4 0 1 0 13 11 18 12 18 8 12 14 -0.829445 -14 35 36
18 4 0 1 0 27 30 12 18 27 19 15 16 -1.06441 -13 37 38
19 4 0 1 0 24 13 19 16 32 31 14 13 -1.02229 40 39 40
20 4 0 1 0 1 5 16 20 10 3 19 15 -0.444634 -1 41 42
21 4 0 1 0 9 25 17 12 19 24 18 13 -0.858524 -25 43 44
22 4 0 1 0 10 4 17 16 2 31 15 18 -0.131579 24 45 46
23 4 0 1 0 6 6 13 14 5 27 12 13 -0.861907 -4 47 48
24 4 0 1 0 5 33 14 19 11 34 13 16 -0.595223 -14 49 50
25 4 0 1 0 18 23 14 15 31 33 14 12 -0.195241 -38 51 52
26 4 0 1 0 13 26 16 12 12 11 12 18 -0.630043 27 53 54
27 4 0 1 0 5 28 13 17 5 34 12 12 -0.2278 -9 55 56
28 4 0 1 0 15 29 18 13 13 30 16 16 -0.290969 5 57 58
29 4 0 1 0 29 23 20 18 16 12 19 13 -0.344639 3 59 60
30 4 0 1 0 10 12 20 13 3 15 15 19 -0.444859 -5 61 62
31 5 0 1 0 18 10 20 20 6 31 14 18 -0.879789 -43 63 64
32 5 0 1 0 3 29 15 16 2 19 14 17 -0.16268 -1 65 66
33 5 0 1 0 16 9 20 20 18 18 13 19 -0.31287 -8 67 68
34 5 0 1 0 33 10 14 14 27 14 18 18 -0.747028 1 69 70
35 5 0 1 0 11 24 18 14 5 32 13 13 -0.53192 21 71 72
36 5 0 1 0 9 24 12 12 12 12 12 14 -0.484138 -12 73 74
37 5 0 1 0 1 19 20 13 9 15 13 15 -0.544291 20 75 76
38 5 0 1 0 4 32 12 12 0 0 12 19 -1.22769 24 77 78
39 5 0 1 0 2 9 17 13 3 7 20 17 -1.04238 0 79 80
40 5 0 1 0 12 19 13 15 34 1 14 13 -0.0106383 128 81 82
41 5 0 1 0 9 1 20 16 4 6 17 19 -0 0 83 84
42 5 0 1 0 15 31 12 20 32 13 17 15 -0.146154 -12 85 86
43 5 0 1 0 8 13 14 20 25 30 14 16 -0.575303 -18 87 88
44 5 0 1 0 28 7 20 16 1 9 20 13 -1.0935 -1 89 90
45 5 0 1 0 21 10 20 12 12 21 18 18 -0 6 91 92
46 5 1 0 5 1 4 5 0 0 0 139 
47 5 0 1 0 0 31 13 12 5 28 14 12 -0.606541 -1 93 94
48 5 0 1 0 22 32 12 19 22 20 13 18 -0.263174 4 95 96
49 5 0 1 0 27 21 17 18 25 4 16 19 -0.507832 4 97 98
50 5 0 1 0 28 3 16 19 19 19 16 13 -0.503164 -15 99 100
51 5 0 1 0 18 9 12 12 0 19 18 14 -0.249362 30 101 102
52 5 0 1 0 16 7 17 18 11 34 12 12 -0.147677 -77 103 104
53 5 0 1 0 28 1 17 13 0 35 12 16 -0.440401 -16 105 106
54 5 0 1 0 15 5 15 15 14 11 16 13 -0.876717 6 107 108
55 5 0 1 0 10 14 18 14 30 26 20 15 -0.348499 -29 109 110
56 5 0 1 0 3 19 19 18 4 26 19 19 -0.179766 -18 111 112
57 5 0 1 0 20 3 20 13 12 14 20 20 -0.0258621 -38 113 114
58 5 0 1 0 32 9 16 13 14 21 20 17 -0 -24 115 116
59 5 0 1 0 21 1 12 18 0 4 15 20 -0.834949 -7 117 118
60 5 0 1 0 19 5 12 16 14 3 15 20 -0.180173 13 119 120
61 5 1 0 9 1 4 5 4 0 0 563 
62 5 0 1 0 8 4 20 15 28 29 13 13 -0.306515 -91 121 122
63 6 0 1 0 26 0 16 20 22 5 20 17 -0.0235294 -16 123 124
64 6 0 1 0 31 35 12 14 10 27 15 16 -0.710407 -73 125 126
65 6 0 1 0 8 32 15 14 15 11 16 14 -0.219048 18 127 128
66 6 0 1 0 10 3 14 17 0 9 13 15 -0.145918 -23 129 130
67 6 0 1 0 6 34 12 14 11 12 20 12 -0.114899 -1 131 132
68 6 0 1 0 26 27 17 14 33 28 15 13 -0.107407 16 133 134
69 6 0 1 0 0 28 16 17 13 2 19 18 -0.582155 -13 135 136
70 6 0 1 0 30 29 16 14 21 19 17 19 -0.391923 -6 137 138
71 6 0 1 0 21 24 18 13 17 29 18 17 -0.236241 -10 139 140
72 6 1 0 6 1 4 0 2 0 4 67 
73 6 1 0 4 1 4 3 0 1 0 68 
74 6 0 1 0 19 20 18 19 0 16 20 18 -0.15 15 141 142
75 6 0 1 0 0 24 13 19 11 14 16 18 -0.391242 -73 143 144
76 6 0 1 0 29 11 12 15 29 14 13 17 -0.2 0 145 146
77 6 0 1 0 10 10 18 15 11 6 17 15 -0.396914 -3 147 148
78 6 0 1 0 26 20 20 20 12 32 14 14 -0.958182 -43 149 150
79 6 0 1 0 19 26 12 18 18 19 13 14 -0.839758 -18 151 152
80 6 0 1 0 23 12 20 16 27 8 13 12 -0.548506 4 153 154
81 6 1 0 45 1 4 0 0 0 45 108 
82 6 1 0 2 1 4 1 1 0 0 109 
83 6 1 0 2 1 4 0 0 0 2 110 
84 6 1 0 37 1 4 37 0 0 0 111 
85 6 1 0 2 1 4 1 1 0 0 112 
86 6 0 1 0 24 9 17 18 5 23 17 12 -0 16 155 156
87 6 0 1 0 21 24 14 17 29 16 14 17 -0.264895 61 157 158
88 6 0 1 0 0 32 15 17 7 32 14 12 -0.516361 -13 159 160
89 6 0 1 0 31 0 14 12 23 29 12 20 -0 0 161 162
90 6 0 1 0 16 1 14 15 2 27 16 18 -0.722438 14 163 164
91 6 1 0 4 1 4 0 0 4 0 137 
92 6 1 0 15 1 4 0 0 0 15 138 
93 6 0 1 0 15 27 13 19 18 1 14 20 -0.332711 97 165 166
94 6 0 1 0 34 22 16 12 29 0 19 12 -0.404348 2 167 168
95 6 1 0 4 1 4 0 0 0 4 152 
96 6 0 1 0 15 30 15 18 11 11 19 18 -0.0871036 8 169 170
97 6 0 1 0 12 14 14 13 12 23 13 15 -0.973771 -7 171 172
98 6 0 1 0 13 22 14 15 13 12 16 12 -0.362668 42 173 174
99 6 0 1 0 23 21 12 14 25 8 13 19 -0.382877 44 175 176
100 6 0 1 0 27 11 15 13 10 1 14 13 -0.189815 34 177 178
101 6 0 1 0 9 12 19 14 22 20 12 12 -0.0714286 -83 179 180
102 6 0 1 0 21 34 12 17 18 25 17 16 -0.214683 33 181 182
103 6 0 1 0 31 30 15 14 33 31 14 14 -0.224986 4 183 184
104 6 0 1 0 3 7 18 19 13 14 12 17 -0.126513 1 185 186
105 6 0 1 0 6 23 17 13 0 14 20 15 -0.375356 60 187 188
106 6 0 1 0 33 4 20 13 20 23 20 15 -0.325935 -25 189 190
107 6 0 1 0 4 9 17 20 12 0 18 19 -0.346861 10 191 192
108 6 0 1 0 0 28 19 18 8 5 20 14 -0.0984127 28 193 194
109 6 0 1 0 11 27 12 12 19 12 18 12 -0.141414 -21 195 196
110 6 0 1 0 10 25 14 17 9 29 18 17 -0.249404 -11 197 198
111 6 0 1 0 27 25 16 19 28 27 20 15 -0.401389 -14 199 200
112 6 0 1 0 18 14 16 16 25 30 13 12 -0.134698 21 201 202
113 6 1 0 4 1 4 0 3 1 0 409 
114 6 1 0 25 1 4 0 0 0 25 410 
115 6 1 0 17 1 4 0 17 0 0 411 
116 6 1 0 4 1 4 0 0 4 0 412 
117 6 0 1 0 9 24 15 12 16 7 13 19 -0.564126 55 203 204
118 6 0 1 0 2 27 20 19 8 33 13 15 -0.749393 -25 205 206
119 6 0 1 0 6 34 13 12 28 34 12 14 -0.144371 -117 207 208
120 6 0 1 0 18 2 13 13 14 20 13 12 -0.630474 -62 209 210
121 6 1 0 5 1 4 4 0 0 1 564 
122 6 0 1 0 15 32 13 20 30 17 19 13 -0.186148 51 211 212
123 7 1 0 29 1 4 0 0 0 29 0 
124 7 1 0 5 1 4 0 1 4 0 1 
125 7 1 0 9 1 4 2 0 0 7 2 
126 7 0 1 0 7 19 18 17 14 30 17 17 -0.0294118 -33 213 214
127 7 1 0 7 1 4 2 5 0 0 5 
128 7 1 0 5 1 4 0 0 3 2 6 
129 7 0 1 0 7 27 12 13 21 33 12 14 -0.21875 3 215 216
130 7 0 1 0 12 5 12 16 8 25 15 14 -0.122374 13 217 218
131 7 1 0 4 1 4 1 3 0 0 40 
132 7 0 1 0 16 18 16 14 22 20 17 19 -0 14 219 220
133 7 0 1 0 18 0 12 19 21 7 19 19 -0.0666667 -6 221 222
134 7 1 0 6 1 4 6 0 0 0 45 
135 7 1 0 8 1 4 3 4 0 1 46 
136 7 0 1 0 14 33 14 15 17 20 15 16 -0.482237 19 223 224
137 7 0 1 0 12 0 20 14 26 28 14 14 -0 -7 225 226
138 7 0 1 0 22 11 14 15 28 0 14 12 -0.182292 -1 227 228
139 7 1 0 4 1 4 0 0 2 2 64 
140 7 0 1 0 31 15 13 16 30 17 19 14 -0.0865385 -16 229 230
141 7 0 1 0 13 35 12 19 1 6 12 18 -0.125 21 231 232
142 7 1 0 9 1 4 0 0 0 9 71 
143 7 1 0 7 1 4 5 0 0 2 72 
144 7 0 1 0 3 21 17 13 1 23 16 15 -0.200156 -5 233 234
145 7 1 0 2 1 4 0 1 0 1 79 
146 7 1 0 8 1 4 8 0 0 0 80 
147 7 1 0 9 1 4 2 7 0 0 81 
148 7 0 1 0 30 28 13 12 27 23 17 14 -0.113889 -3 235 236
149 7 0 1 0 18 27 12 12 27 31 12 17 -0.45 59 237 238
150 7 0 1 0 18 2 17 13 29 21 14 18 -0.542296 1 239 240
151 7 0 1 0 17 26 20 12 16 4 19 19 -0.0606061 57 241 242
152 7 0 1 0 26 24 20 19 34 21 15 13 -0.466051 35 243 244
153 7 0 1 0 21 5 20 17 15 16 20 18 -0.152381 9 245 246
154 7 0 1 0 17 32 12 16 16 34 13 20 -0 9 247 248
155 7 1 0 11 1 4 0 0 11 0 113 
156 7 1 0 2 1 4 0 0 0 2 114 
157 7 0 1 0 23 14 13 17 24 28 18 19 -0.168065 20 249 250
158 7 1 0 3 1 4 0 0 0 3 120 
159 7 0 1 0 21 28 14 12 22 26 16 20 -0.435722 45 251 252
160 7 0 1 0 17 33 12 14 17 24 20 12 -0.109568 -20 253 254
161 7 1 0 14 1 4 14 0 0 0 128 
162 7 1 0 2 1 4 0 2 0 0 129 
163 7 0 1 0 30 25 19 17 24 4 20 18 -0.495091 -12 255 256
164 7 1 0 10 1 4 10 0 0 0 136 
165 7 0 1 0 27 26 16 15 28 13 16 14 -0.228573 45 257 258
166 7 0 1 0 22 0 19 15 20 18 20 17 -0 -69 259 260
167 7 0 1 0 20 29 17 18 14 4 15 19 -0 39 261 262
168 7 1 0 5 1 4 0 2 0 3 151 
169 7 1 0 12 1 4 12 0 0 0 153 
170 7 0 1 0 28 15 15 17 24 0 16 16 -0.0116279 -24 263 264
171 7 0 1 0 30 31 16 17 31 25 15 15 -0.222525 10 265 266
172 7 0 1 0 14 8 12 20 7 25 14 15 -0.953212 27 267 268
173 7 0 1 0 21 13 17 20 25 27 17 14 -0.317631 -7 269 270
174 7 0 1 0 3 30 16 12 4 19 19 12 -0.133333 41 271 272
175 7 0 1 0 23 0 14 15 24 19 17 12 -0.187091 20 273 274
176 7 0 1 0 11 24 17 13 1 19 19 18 -0.36186 71 275 276
177 7 0 1 0 5 9 19 18 10 15 19 16 -0.0888889 -9 277 278
178 7 1 0 6 1 4 5 1 0 0 234 
179 7 1 0 3 1 4 0 0 0 3 235 
180 7 0 1 0 3 12 20 18 33 18 19 14 -0.036256 10 279 280
181 7 0 1 0 10 5 19 19 1 19 20 19 -0.05 12 281 282
182 7 0 1 0 31 12 14 14 20 14 14 16 -0.037037 -14 283 284
183 7 0 1 0 25 20 19 17 27 17 17 19 -0.0460526 33 285 286
184 7 1 0 7 1 4 2 5 0 0 245 
185 7 0 1 0 9 19 13 14 12 7 19 14 -0.11653 19 287 288
186 7 1 0 10 1 4 0 0 10 0 282 
187 7 0 1 0 11 0 18 13 7 3 12 18 -0.258238 20 289 290
188 7 1 0 8 1 4 1 0 0 7 296 
189 7 0 1 0 9 35 12 17 24 29 15 12 -0.239629 -19 291 292
190 7 0 1 0 6 23 18 18 15 1 19 15 -0.187654 8 293 294
191 7 0 1 0 4 9 14 18 4 26 15 13 -0.104524 2 295 296
192 7 0 1 0 14 8 13 14 10 27 14 12 -0.209821 -30 297 298
193 7 1 0 9 1 4 0 1 7 1 331 
194 7 0 1 0 25 30 14 12 24 27 18 16 -0.0238095 15 299 300
195 7 1 0 2 1 4 0 2 0 0 334 
196 7 1 0 9 1 4 0 0 7 2 335 
197 7 0 1 0 33 32 12 12 29 26 16 12 -0.0816327 5 301 302
198 7 0 1 0 7 17 20 14 1 9 16 15 -0.138365 72 303 304
199 7 0 1 0 10 7 17 15 14 6 18 12 -0.048583 -6 305 306
200 7 0 1 0 19 3 19 19 15 2 12 20 -0.0340909 1 307 308
201 7 0 1 0 7 15 17 19 19 9 12 15 -0.126835 4 309 310
202 7 0 1 0 3 35 12 15 16 4 12 14 -0.0606322 3 311 312
203 7 0 1 0 22 31 16 18 18 35 12 12 -0.446344 -23 313 314
204 7 0 1 0 25 28 19 16 32 28 13 15 -0.342813 26 315 316
205 7 0 1 0 20 12 19 13 20 22 14 15 -0.367309 -18 317 318
206 7 0 1 0 5 32 14 16 24 6 13 20 -0.644897 78 319 320
207 7 0 1 0 4 5 17 13 7 4 20 17 -0.015 2 321 322
208 7 0 1 0 1 29 12 14 29 15 15 18 -0.131537 -20 323 324
209 7 0 1 0 14 26 15 12 16 22 14 20 -0 7 325 326
210 7 0 1 0 24 17 20 18 33 9 19 13 -0.384103 16 327 328
211 7 0 1 0 11 26 12 16 9 22 15 18 -0.185185 12 329 330
212 7 0 1 0 4 21 18 16 5 14 16 20 -0.0577668 0 331 332
213 8 1 0 15 1 4 15 0 0 0 3 
214 8 1 0 2 1 4 0 1 1 0 4 
215 8 1 0 8 1 4 7 0 1 0 7 
216 8 1 0 8 1 4 0 0 0 8 8 
217 8 0 1 0 5 29 12 13 0 28 18 16 -0.108285 -10 333 334
218 8 0 1 0 31 9 16 14 0 2 18 16 -0.166667 16 335 336
219 8 1 0 16 1 4 0 0 16 0 41 
220 8 1 0 2 1 4 0 0 0 2 42 
221 8 1 0 2 1 4 0 1 0 1 43 
222 8 1 0 28 1 4 0 28 0 0 44 
223 8 0 1 0 26 22 15 12 26 34 12 17 -0.597169 -2 337 338
224 8 0 1 0 34 20 13 12 34 13 18 13 -0.159512 -8 339 340
225 8 1 0 5 1 4 5 0 0 0 58 
226 8 1 0 12 1 4 0 12 0 0 59 
227 8 0 1 0 3 29 17 12 20 1 18 14 -0 13 341 342
228 8 0 1 0 14 14 16 17 9 11 19 20 -0 -4 343 344
229 8 1 0 4 1 4 1 1 0 2 65 
230 8 1 0 74 1 4 74 0 0 0 66 
231 8 1 0 14 1 4 0 0 14 0 69 
232 8 1 0 2 1 4 1 0 1 0 70 
233 8 1 0 5 1 4 4 0 0 1 73 
234 8 0 1 0 28 22 16 15 29 21 18 17 -0.126492 1 345 346
235 8 1 0 26 1 4 0 0 0 26 82 
236 8 0 1 0 12 29 16 12 15 25 17 13 -0.0833333 2 347 348
237 8 1 0 8 1 4 0 0 0 8 85 
238 8 1 0 2 1 4 1 0 0 1 86 
239 8 0 1 0 12 1 13 12 24 0 13 12 -0.373342 -15 349 350
240 8 0 1 0 26 29 15 12 3 28 13 12 -0 41 351 352
241 8 1 0 8 1 4 0 0 0 8 94 
242 8 1 0 3 1 4 1 2 0 0 95 
243 8 0 1 0 9 2 18 16 14 0 13 14 -0.222178 0 353 354
244 8 1 0 4 1 4 0 1 0 3 101 
245 8 0 1 0 12 19 13 15 34 1 14 13 -0.0892857 2 355 356
246 8 1 0 5 1 4 2 3 0 0 105 
247 8 1 0 27 1 4 0 0 0 27 106 
248 8 1 0 2 1 4 2 0 0 0 107 
249 8 0 1 0 30 27 13 12 30 12 15 15 -0.0805718 -3 357 358
250 8 0 1 0 12 23 16 17 18 24 20 19 -0 -25 359 360
251 8 0 1 0 16 15 13 13 12 4 17 19 -0.0490196 41 361 362
252 8 0 1 0 23 32 14 13 25 28 18 20 -0 56 363 364
253 8 1 0 3 1 4 1 0 0 2 125 
254 8 0 1 0 17 30 13 16 7 21 12 13 -0.0328638 14 365 366
255 8 1 0 15 1 4 0 0 0 15 130 
256 8 0 1 0 30 5 17 13 27 8 13 18 -0.314888 -4 367 368
257 8 0 1 0 22 10 20 19 0 8 17 12 -0.160784 9 369 370
258 8 1 0 3 1 4 2 1 0 0 146 
259 8 1 0 3 1 4 3 0 0 0 147 
260 8 1 0 7 1 4 0 7 0 0 148 
261 8 1 0 9 1 4 9 0 0 0 149 
262 8 1 0 9 1 4 0 9 0 0 150 
263 8 1 0 2 1 4 0 0 1 1 154 
264 8 1 0 41 1 4 0 41 0 0 155 
265 8 1 0 5 1 4 0 4 0 1 156 
266 8 0 1 0 29 22 17 13 17 33 13 12 -0.0918367 -43 371 372
267 8 0 1 0 17 1 12 14 7 3 13 20 -0.634921 -4 373 374
268 8 0 1 0 18 12 16 20 20 33 14 16 -0.273333 -26 375 376
269 8 0 1 0 28 15 18 16 30 24 19 14 -0.278059 0 377 378
270 8 0 1 0 17 15 19 16 18 35 12 14 -0.209402 -31 379 380
271 8 0 1 0 29 25 18 13 22 5 12 14 -0 93 381 382
272 8 1 0 3 1 4 2 1 0 0 208 
273 8 0 1 0 19 33 14 19 12 32 12 12 -0.13244 31 383 384
274 8 1 0 3 1 4 0 0 0 3 219 
275 8 0 1 0 21 8 14 18 17 4 13 19 -0.253234 -8 385 386
276 8 1 0 8 1 4 0 1 1 6 230 
277 8 1 0 3 1 4 0 0 0 3 231 
278 8 0 1 0 1 32 15 16 18 35 12 20 -0 -37 387 388
279 8 0 1 0 22 14 20 15 8 12 13 14 -0 50 389 390
280 8 1 0 2 1 4 0 0 0 2 238 
281 8 1 0 2 1 4 1 1 0 0 239 
282 8 1 0 8 1 4 8 0 0 0 240 
283 8 1 0 15 1 4 0 15 0 0 241 
284 8 1 0 3 1 4 0 0 2 1 242 
285 8 1 0 8 1 4 0 0 1 7 243 
286 8 1 0 11 1 4 0 0 11 0 244 
287 8 0 1 0 15 10 20 19 23 34 13 14 -0.105129 -48 391 392
288 8 1 0 7 1 4 2 0 1 4 281 
289 8 0 1 0 25 31 15 18 24 30 13 13 -0.202576 -5 393 394
290 8 1 0 3 1 4 0 0 0 3 295 
291 8 0 1 0 15 7 15 13 9 25 18 17 -0.135004 -23 395 396
292 8 0 1 0 25 21 18 20 10 28 13 18 -0.413523 -32 397 398
293 8 0 1 0 5 20 14 16 12 22 17 14 -0 -11 399 400
294 8 1 0 3 1 4 3 0 0 0 323 
295 8 0 1 0 4 30 16 13 8 26 15 18 -0.0369318 -2 401 402
296 8 1 0 5 1 4 0 4 1 0 327 
297 8 1 0 2 1 4 0 0 1 1 328 
298 8 0 1 0 12 5 14 13 5 19 13 16 -0 -22 403 404
299 8 1 0 19 1 4 19 0 0 0 332 
300 8 1 0 2 1 4 1 1 0 0 333 
301 8 0 1 0 11 33 13 13 9 31 13 13 -0.0583888 12 405 406
302 8 1 0 5 1 4 5 0 0 0 339 
303 8 0 1 0 33 31 16 13 27 31 14 19 -0.0525681 -15 407 408
304 8 1 0 2 1 4 0 0 0 2 345 
305 8 1 0 6 1 4 6 0 0 0 346 
306 8 0 1 0 29 26 18 18 14 15 13 17 -0.0384615 29 409 410
307 8 1 0 4 1 4 0 3 1 0 349 
308 8 1 0 18 1 4 0 0 0 18 350 
309 8 0 1 0 22 26 15 15 18 29 17 20 -0 -10 411 412
310 8 0 1 0 24 10 18 14 22 12 20 20 -0.114116 7 413 414
311 8 1 0 5 1 4 1 4 0 0 406 
312 8 0 1 0 9 23 20 12 28 12 19 19 -0.0208333 130 415 416
313 8 0 1 0 24 17 15 20 26 17 13 13 -0.418956 1 417 418
314 8 0 1 0 9 17 16 16 24 31 16 12 -0.242351 -28 419 420
315 8 0 1 0 18 31 12 17 19 26 13 16 -0.178824 8 421 422
316 8 0 1 0 10 7 18 12 27 28 17 20 -0.249807 -35 423 424
317 8 0 1 0 9 23 14 12 2 20 19 13 -0.199134 53 425 426
318 8 0 1 0 23 10 17 14 20 15 12 18 -0.132339 -20 427 428
319 8 0 1 0 31 21 12 13 29 1 12 17 -0.801325 9 429 430
320 8 0 1 0 15 21 14 17 10 24 17 13 -0.24429 11 431 432
321 8 1 0 46 1 4 0 46 0 0 477 
322 8 1 0 4 1 4 0 0 3 1 478 
323 8 0 1 0 7 9 14 20 1 7 19 19 -0.211598 2 433 434
324 8 0 1 0 1 26 13 16 3 27 19 15 -0.116917 11 435 436
325 8 1 0 9 1 4 0 0 9 0 557 
326 8 1 0 6 1 4 0 0 0 6 558 
327 8 1 0 6 1 4 0 0 5 1 559 
328 8 0 1 0 10 24 13 16 16 25 18 12 -0.12261 -1 437 438
329 8 1 0 9 1 4 0 0 5 4 565 
330 8 1 0 3 1 4 3 0 0 0 566 
331 8 1 0 4 1 4 1 1 0 2 567 
332 8 0 1 0 16 4 15 18 18 0 12 17 -0.00453515 -2 439 440
333 9 0 1 0 33 28 12 14 33 30 15 12 -0.393862 -2 441 442
334 9 0 1 0 31 29 18 14 26 15 18 17 -0.0845601 -3 443 444
335 9 1 0 8 1 4 1 6 1 0 38 
336 9 1 0 4 1 4 0 0 0 4 39 
337 9 1 0 5 1 4 5 0 0 0 47 
338 9 0 1 0 25 26 20 12 18 25 14 12 -0.337838 -3 445 446
339 9 1 0 2 1 4 2 0 0 0 52 
340 9 0 1 0 6 5 19 20 4 7 19 18 -0.124419 -4 447 448
341 9 1 0 5 1 4 0 5 0 0 60 
342 9 1 0 11 1 4 0 0 11 0 61 
343 9 1 0 2 1 4 0 0 2 0 62 
344 9 1 0 10 1 4 0 0 0 10 63 
345 9 1 0 2 1 4 1 0 1 0 74 
346 9 0 1 0 7 0 20 14 6 25 18 18 -0.0938562 -5 449 450
347 9 1 0 4 1 4 0 4 0 0 83 
348 9 1 0 6 1 4 0 0 5 1 84 
349 9 0 1 0 23 10 19 12 24 2 13 15 -0 21 451 452
350 9 0 1 0 32 25 17 12 19 25 12 14 -0.136364 -5 453 454
351 9 1 0 23 1 4 23 0 0 0 92 
352 9 1 0 3 1 4 0 3 0 0 93 
353 9 0 1 0 26 14 12 17 27 31 12 16 -0.0294118 8 455 456
354 9 0 1 0 32 9 19 12 22 13 13 17 -0.046875 2 457 458
355 9 0 1 0 15 14 14 12 9 26 19 13 -0.0357143 -4 459 460
356 9 1 0 2 1 4 0 1 1 0 104 
357 9 1 0 3 1 4 0 1 0 2 115 
358 9 0 1 0 7 16 14 15 0 19 12 16 -0 0 461 462
359 9 1 0 10 1 4 10 0 0 0 118 
360 9 1 0 2 1 4 0 2 0 0 119 
361 9 1 0 6 1 4 1 5 0 0 121 
362 9 1 0 11 1 4 0 0 0 11 122 
363 9 1 0 30 1 4 30 0 0 0 123 
364 9 1 0 3 1 4 0 3 0 0 124 
365 9 1 0 3 1 4 1 1 0 1 126 
366 9 1 0 139 1 4 139 0 0 0 127 
367 9 1 0 5 1 4 4 1 0 0 131 
368 9 0 1 0 24 7 16 18 24 7 13 15 -0.166667 -1 463 464
369 9 1 0 2 1 4 1 1 0 0 140 
370 9 0 1 0 23 25 14 19 22 7 15 15 -0.13067 8 465 466
371 9 1 0 47 1 4 0 0 0 47 157 
372 9 1 0 2 1 4 1 0 0 1 158 
373 9 1 0 7 1 4 2 5 0 0 159 
374 9 0 1 0 16 7 13 15 10 12 19 14 -0.274306 30 467 468
375 9 0 1 0 21 25 15 13 21 8 16 13 -0 12 469 470
376 9 0 1 0 34 1 18 12 4 33 12 15 -0 4 471 472
377 9 0 1 0 12 24 17 15 20 27 18 14 -0.231287 1 473 474
378 9 0 1 0 11 32 12 19 10 25 12 19 -0.075 13 475 476
379 9 1 0 2 1 4 0 0 0 2 202 
380 9 0 1 0 11 7 19 18 13 4 13 17 -0.0701204 1 477 478
381 9 1 0 13 1 4 0 0 0 13 206 
382 9 1 0 2 1 4 0 0 2 0 207 
383 9 0 1 0 19 26 19 19 25 29 18 16 -0.0873016 -9 479 480
384 9 0 1 0 13 8 12 20 31 1 18 16 -0.171717 32 481 482
385 9 0 1 0 8 1 18 15 4 25 18 13 -0.113213 -2 483 484
386 9 0 1 0 20 0 18 13 23 0 13 13 -0.143836 -3 485 486
387 9 1 0 3 1 4 0 3 0 0 232 
388 9 1 0 24 1 4 0 0 24 0 233 
389 9 1 0 49 1 4 0 0 49 0 236 
390 9 1 0 2 1 4 0 2 0 0 237 
391 9 0 1 0 4 7 17 20 8 5 18 18 -0.342325 -8 487 488
392 9 0 1 0 12 34 13 19 21 26 14 13 -0.0801978 62 489 490
393 9 0 1 0 27 19 13 18 25 0 19 12 -0.271309 -14 491 492
394 9 0 1 0 14 2 15 20 15 15 20 20 -0.0779726 -75 493 494
395 9 1 0 3 1 4 0 0 0 3 297 
396 9 0 1 0 2 24 14 20 1 16 12 20 -0.119384 18 495 496
397 9 0 1 0 10 17 15 19 8 20 17 18 -0.425 7 497 498
398 9 0 1 0 14 32 13 13 19 11 14 15 -0.177761 21 499 500
399 9 1 0 8 1 4 0 0 0 8 321 
400 9 1 0 19 1 4 0 0 19 0 322 
401 9 0 1 0 1 10 16 15 12 26 17 19 -0 -45 501 502
402 9 1 0 2 1 4 0 1 1 0 326 
403 9 1 0 4 1 4 4 0 0 0 329 
404 9 1 0 10 1 4 0 10 0 0 330 
405 9 1 0 3 1 4 2 1 0 0 336 
406 9 0 1 0 25 12 12 12 5 7 20 18 -0.0162602 -4 503 504
407 9 0 1 0 22 9 14 17 31 20 15 16 -0 30 505 506
408 9 0 1 0 14 12 17 12 11 16 19 17 -0.0109834 -25 507 508
409 9 1 0 11 1 4 0 11 0 0 347 
410 9 1 0 2 1 4 0 1 1 0 348 
411 9 1 0 6 1 4 0 6 0 0 351 
412 9 1 0 16 1 4 16 0 0 0 352 
413 9 0 1 0 0 1 15 18 4 2 18 15 -0.102544 9 509 510
414 9 1 0 9 1 4 0 3 0 6 405 
415 9 1 0 22 1 4 22 0 0 0 407 
416 9 1 0 2 1 4 1 1 0 0 408 
417 9 1 0 8 1 4 1 0 2 5 413 
418 9 0 1 0 16 7 15 20 30 24 12 12 -0.0384615 25 511 512
419 9 0 1 0 16 15 14 17 12 23 19 19 -0.115344 -8 513 514
420 9 0 1 0 16 34 12 13 7 27 15 19 -0.0846524 3 515 516
421 9 0 1 0 26 0 19 15 15 27 15 19 -0.0294118 -159 517 518
422 9 1 0 8 1 4 0 0 0 8 424 
423 9 0 1 0 0 27 19 17 2 32 14 13 -0.0935673 0 519 520
424 9 0 1 0 17 3 14 15 25 32 15 20 -0.164346 -22 521 522
425 9 0 1 0 23 28 15 18 9 17 13 20 -0.0448179 33 523 524
426 9 0 1 0 6 17 19 12 24 1 18 15 -0.116667 34 525 526
427 9 1 0 2 1 4 1 1 0 0 440 
428 9 0 1 0 23 17 16 17 1 5 12 18 -0.0549863 -4 527 528
429 9 0 1 0 33 17 12 13 13 1 17 20 -0.488213 -9 529 530
430 9 0 1 0 3 29 17 20 7 31 12 17 -0.592538 -10 531 532
431 9 0 1 0 12 14 12 14 14 18 16 15 -0.192438 -4 533 534
432 9 1 0 9 1 4 6 3 0 0 476 
433 9 0 1 0 17 30 15 12 13 19 15 16 -0.108193 46 535 536
434 9 0 1 0 15 15 14 19 3 29 18 12 -0.0673401 36 537 538
435 9 0 1 0 7 5 19 20 16 2 15 12 -0.111284 -27 539 540
436 9 0 1 0 11 5 12 19 28 1 16 19 -0.0355556 -16 541 542
437 9 0 1 0 22 7 17 19 13 32 15 12 -0 -52 543 544
438 9 1 0 4 1 4 0 0 4 0 562 
439 9 1 0 3 1 4 0 0 2 1 568 
440 9 1 0 144 1 4 0 0 0 144 569 
441 10 1 0 6 1 4 6 0 0 0 9 
442 10 0 1 0 23 11 17 17 3 8 19 19 -0.117647 18 545 546
443 10 0 1 0 0 1 12 20 4 1 15 17 -0.0678763 5 547 548
444 10 0 1 0 0 12 12 20 28 1 17 17 -0.0923077 -2 549 550
445 10 1 0 19 1 4 0 0 0 19 48 
446 10 0 1 0 27 23 19 12 20 26 20 18 -0.186508 -1 551 552
447 10 1 0 4 1 4 0 2 1 1 53 
448 10 0 1 0 30 1 15 12 19 10 17 14 -0.0767105 15 553 554
449 10 0 1 0 26 0 16 18 23 13 16 12 -0.0598376 1 555 556
450 10 1 0 2 1 4 1 0 0 1 78 
451 10 1 0 8 1 4 0 8 0 0 87 
452 10 1 0 5 1 4 5 0 0 0 88 
453 10 1 0 5 1 4 0 0 0 5 89 
454 10 0 1 0 16 12 15 16 20 4 18 13 -0 0 557 558
455 10 1 0 15 1 4 0 15 0 0 96 
456 10 1 0 2 1 4 0 0 1 1 97 
457 10 0 1 0 8 8 20 15 7 13 20 20 -0.03125 0 559 560
458 10 1 0 4 1 4 0 4 0 0 100 
459 10 1 0 2 1 4 0 0 1 1 102 
460 10 1 0 12 1 4 0 0 12 0 103 
461 10 1 0 2 1 4 2 0 0 0 116 
462 10 1 0 52 1 4 0 52 0 0 117 
463 10 1 0 2 1 4 1 1 0 0 132 
464 10 0 1 0 12 14 20 18 6 23 17 14 -0.0396825 19 561 562
465 10 0 1 0 0 24 20 12 1 3 18 17 -0.0592793 -6 563 564
466 10 0 1 0 20 35 12 19 10 22 15 15 -0 9 565 566
467 10 0 1 0 18 2 20 12 7 9 17 15 -0.03125 7 567 568
468 10 1 0 2 1 4 1 1 0 0 162 
469 10 1 0 2 1 4 0 0 0 2 163 
470 10 1 0 8 1 4 0 8 0 0 164 
471 10 1 0 18 1 4 18 0 0 0 165 
472 10 1 0 2 1 4 0 2 0 0 166 
473 10 0 1 0 30 31 16 15 29 31 13 14 -0.219318 -2 569 570
474 10 1 0 6 1 4 0 0 0 6 199 
475 10 1 0 6 1 4 3 3 0 0 200 
476 10 1 0 14 1 4 0 0 0 14 201 
477 10 1 0 3 1 4 0 2 0 1 203 
478 10 0 1 0 23 5 17 14 2 22 14 18 -0.0102041 -6 571 572
479 10 1 0 3 1 4 0 2 1 0 209 
480 10 0 1 0 15 33 13 15 6 25 15 14 -0.0622958 0 573 574
481 10 0 1 0 18 19 13 18 22 23 13 20 -0.111111 8 575 576
482 10 1 0 4 1 4 4 0 0 0 218 
483 10 0 1 0 18 13 16 13 17 14 15 14 -0.015625 7 577 578
484 10 1 0 6 1 4 0 5 0 1 222 
485 10 1 0 2 1 4 0 0 0 2 223 
486 10 0 1 0 23 31 12 14 10 22 17 13 -0.101813 28 579 580
487 10 0 1 0 1 24 18 19 5 28 15 17 -0.0288557 -15 581 582
488 10 0 1 0 21 11 12 13 22 19 17 13 -0.355899 4 583 584
489 10 0 1 0 18 25 19 19 20 20 17 15 -0.072909 -28 585 586
490 10 1 0 2 1 4 0 0 0 2 280 
491 10 1 0 2 1 4 0 0 0 2 283 
492 10 0 1 0 20 16 19 20 23 28 18 13 -0.0779221 -39 587 588
493 10 1 0 4 1 4 0 3 0 1 289 
494 10 0 1 0 18 15 14 18 24 20 17 12 -0.0272685 -20 589 590
495 10 0 1 0 22 5 14 14 24 34 12 17 -0.0986018 -30 591 592
496 10 1 0 5 1 4 0 1 2 2 314 
497 10 1 0 6 1 4 0 1 1 4 315 
498 10 1 0 4 1 4 3 1 0 0 316 
499 10 0 1 0 23 35 12 17 31 30 15 15 -0.0555556 40 593 594
500 10 0 1 0 13 15 19 18 20 20 14 19 -0.2 4 595 596
501 10 1 0 62 1 4 0 0 0 62 324 
502 10 1 0 2 1 4 0 0 2 0 325 
503 10 1 0 38 1 4 0 38 0 0 337 
504 10 1 0 3 1 4 0 1 2 0 338 
505 10 1 0 14 1 4 0 14 0 0 340 
506 10 1 0 2 1 4 2 0 0 0 341 
507 10 1 0 3 1 4 0 3 0 0 342 
508 10 0 1 0 17 4 13 15 12 20 13 17 -0.00574713 -123 597 598
509 10 0 1 0 2 28 12 18 3 28 18 18 -0.0969158 -16 599 600
510 10 1 0 4 1 4 0 0 2 2 404 
511 10 1 0 11 1 4 0 11 0 0 414 
512 10 1 0 2 1 4 1 1 0 0 415 
513 10 0 1 0 34 11 20 13 16 21 19 12 -0 -53 601 602
514 10 1 0 9 1 4 8 1 0 0 418 
515 10 1 0 7 1 4 2 2 3 0 419 
516 10 0 1 0 1 7 20 14 25 31 15 14 -0.00806452 -90 603 604
517 10 1 0 2 1 4 1 1 0 0 422 
518 10 1 0 15 1 4 0 0 15 0 423 
519 10 0 1 0 12 29 15 19 27 33 13 13 -0 -4 605 606
520 10 1 0 8 1 4 0 8 0 0 427 
521 10 0 1 0 9 16 13 18 6 22 16 12 -0.113373 15 607 608
522 10 1 0 2 1 4 0 0 0 2 433 
523 10 1 0 4 1 4 0 0 0 4 434 
524 10 0 1 0 6 17 19 12 24 1 18 15 -0.0294118 4 609 610
525 10 1 0 2 1 4 1 1 0 0 437 
526 10 0 1 0 6 17 19 12 24 1 18 15 -0.05 41 611 612
527 10 1 0 3 1 4 0 1 2 0 441 
528 10 0 1 0 5 33 12 13 3 12 20 15 -0 125 613 614
529 10 0 1 0 26 16 18 15 7 2 17 12 -0.0576923 4 615 616
530 10 0 1 0 1 12 19 17 18 25 12 14 -0.335572 -54 617 618
531 10 0 1 0 0 10 18 18 1 12 17 15 -0.240741 -2 619 620
532 10 0 1 0 25 30 13 13 21 8 12 20 -0.354994 56 621 622
533 10 0 1 0 35 23 19 12 10 11 12 20 -0.135018 -6 623 624
534 10 1 0 9 1 4 0 0 1 8 475 
535 10 0 1 0 5 22 12 20 20 16 17 19 -0.0539216 -31 625 626
536 10 0 1 0 13 12 16 15 1 10 20 19 -0.0133929 11 627 628
537 10 0 1 0 25 17 20 17 22 12 13 18 -0 26 629 630
538 10 1 0 5 1 4 0 0 0 5 486 
539 10 1 0 4 1 4 4 0 0 0 487 
540 10 0 1 0 1 16 13 19 2 31 16 15 -0.104977 -8 631 632
541 10 1 0 2 1 4 0 0 2 0 554 
542 10 0 1 0 0 12 13 17 13 14 18 18 -0.02 -77 633 634
543 10 1 0 6 1 4 0 6 0 0 560 
544 10 1 0 31 1 4 31 0 0 0 561 
545 11 1 0 2 1 4 1 0 1 0 10 
546 11 1 0 15 1 4 0 0 0 15 11 
547 11 0 1 0 7 27 13 20 13 18 17 20 -0.0624412 -37 635 636
548 11 1 0 2 1 4 2 0 0 0 35 
549 11 1 0 8 1 4 0 0 0 8 36 
550 11 1 0 5 1 4 2 3 0 0 37 
551 11 1 0 4 1 4 2 2 0 0 49 
552 11 0 1 0 24 16 16 12 9 18 17 19 -0 25 637 638
553 11 0 1 0 15 30 15 12 27 10 12 17 -0.0475746 16 639 640
554 11 1 0 5 1 4 0 0 5 0 57 
555 11 0 1 0 30 28 13 17 31 24 18 14 -0.0331492 1 641 642
556 11 1 0 2 1 4 0 1 0 1 77 
557 11 1 0 3 1 4 0 3 0 0 90 
558 11 1 0 8 1 4 0 0 8 0 91 
559 11 1 0 14 1 4 14 0 0 0 98 
560 11 1 0 2 1 4 1 1 0 0 99 
561 11 0 1 0 30 12 17 13 14 26 19 13 -0.0238095 -17 643 644
562 11 1 0 3 1 4 0 0 0 3 135 
563 11 1 0 6 1 4 0 2 0 4 141 
564 11 0 1 0 26 23 19 16 28 32 15 15 -0.0235467 2 645 646
565 11 1 0 4 1 4 0 4 0 0 144 
566 11 1 0 7 1 4 0 0 0 7 145 
567 11 1 0 2 1 4 0 1 1 0 160 
568 11 1 0 14 1 4 0 0 0 14 161 
569 11 0 1 0 12 1 17 15 27 13 14 20 -0.166744 -22 647 648
570 11 0 1 0 9 2 13 12 5 32 14 17 -0.288588 -35 649 650
571 11 1 0 2 1 4 1 1 0 0 204 
572 11 1 0 47 1 4 47 0 0 0 205 
573 11 1 0 3 1 4 1 0 2 0 210 
574 11 0 1 0 18 34 12 16 17 23 12 20 -0.0326503 49 651 652
575 11 1 0 16 1 4 0 16 0 0 216 
576 11 1 0 2 1 4 0 1 0 1 217 
577 11 1 0 30 1 4 30 0 0 0 220 
578 11 1 0 2 1 4 1 1 0 0 221 
579 11 0 1 0 5 27 15 13 28 30 15 18 -0 30 653 654
580 11 0 1 0 6 22 16 20 1 28 19 19 -0.0465116 -44 655 656
581 11 0 1 0 11 30 12 19 8 29 17 14 -0 25 657 658
582 11 1 0 7 1 4 0 7 0 0 248 
583 11 0 1 0 15 20 17 14 24 28 19 18 -0.244156 5 659 660
584 11 1 0 3 1 4 0 0 0 3 253 
585 11 1 0 2 1 4 0 0 0 2 254 
586 11 0 1 0 6 15 17 14 0 4 13 13 -0.0681078 102 661 662
587 11 0 1 0 21 16 19 13 23 5 18 12 -0.0540741 24 663 664
588 11 0 1 0 16 29 18 20 3 22 14 14 -0 19 665 666
589 11 1 0 7 1 4 0 7 0 0 290 
590 11 0 1 0 21 31 13 20 10 30 15 19 -0.0159418 30 667 668
591 11 0 1 0 10 31 12 13 19 26 14 14 -0.0767507 -14 669 670
592 11 0 1 0 9 28 16 12 21 0 13 16 -0.034188 -17 671 672
593 11 1 0 81 1 4 81 0 0 0 317 
594 11 1 0 3 1 4 1 1 0 1 318 
595 11 1 0 2 1 4 0 0 1 1 319 
596 11 1 0 8 1 4 2 6 0 0 320 
597 11 1 0 2 1 4 1 1 0 0 343 
598 11 1 0 85 1 4 85 0 0 0 344 
599 11 0 1 0 30 32 15 17 23 27 17 12 -0.102757 -39 673 674
600 11 0 1 0 3 34 12 18 3 18 13 15 -0.0825618 34 675 676
601 11 1 0 18 1 4 0 18 0 0 416 
602 11 1 0 3 1 4 0 0 3 0 417 
603 11 1 0 2 1 4 1 1 0 0 420 
604 11 1 0 60 1 4 60 0 0 0 421 
605 11 1 0 3 1 4 0 3 0 0 425 
606 11 1 0 16 1 4 0 0 16 0 426 
607 11 0 1 0 11 27 12 20 2 5 16 19 -0.0652803 47 677 678
608 11 1 0 9 1 4 7 2 0 0 432 
609 11 1 0 2 1 4 0 1 1 0 435 
610 11 1 0 15 1 4 0 0 15 0 436 
611 11 1 0 2 1 4 0 1 1 0 438 
612 11 1 0 8 1 4 0 8 0 0 439 
613 11 1 0 58 1 4 0 0 0 58 442 
614 11 1 0 3 1 4 0 0 3 0 443 
615 11 1 0 4 1 4 0 1 3 0 444 
616 11 1 0 9 1 4 0 0 0 9 445 
617 11 0 1 0 23 5 16 14 9 12 19 20 -0 -16 679 680
618 11 0 1 0 6 30 14 14 7 21 20 13 -0.177285 7 681 682
619 11 0 1 0 14 21 17 16 0 8 17 15 -0.101961 100 683 684
620 11 0 1 0 17 6 13 13 5 26 15 19 -0 -47 685 686
621 11 0 1 0 3 29 13 19 1 30 12 18 -0.0397683 -2 687 688
622 11 0 1 0 15 20 18 13 12 24 14 19 -0.368432 1 689 690
623 11 0 1 0 13 14 19 17 27 26 19 18 -0.216667 36 691 692
624 11 0 1 0 11 31 16 13 7 32 15 12 -0.0381083 -4 693 694
625 11 1 0 5 1 4 0 0 0 5 479 
626 11 0 1 0 7 1 18 16 17 26 12 14 -0.0416667 -26 695 696
627 11 1 0 52 1 4 0 0 0 52 482 
628 11 1 0 4 1 4 0 0 3 1 483 
629 11 1 0 2 1 4 0 2 0 0 484 
630 11 1 0 20 1 4 0 0 20 0 485 
631 11 0 1 0 27 27 12 20 29 34 13 16 -0.0743424 18 697 698
632 11 0 1 0 10 12 18 19 0 2 20 12 -0.309092 -6 699 700
633 11 1 0 2 1 4 1 1 0 0 555 
634 11 1 0 23 1 4 0 23 0 0 556 
635 12 1 0 3 1 4 2 0 0 1 12 
636 12 0 1 0 25 34 13 14 19 33 14 16 -0.0574103 -2 701 702
637 12 1 0 11 1 4 0 0 11 0 50 
638 12 1 0 3 1 4 0 0 0 3 51 
639 12 1 0 2 1 4 1 0 0 1 54 
640 12 0 1 0 9 24 15 16 3 29 17 13 -0 -48 703 704
641 12 1 0 178 1 4 0 0 0 178 75 
642 12 1 0 3 1 4 1 0 0 2 76 
643 12 1 0 2 1 4 0 1 1 0 133 
644 12 1 0 19 1 4 0 0 19 0 134 
645 12 1 0 142 1 4 0 0 0 142 142 
646 12 1 0 9 1 4 0 1 0 8 143 
647 12 0 1 0 15 26 18 18 19 28 14 16 -0.613272 -8 705 706
648 12 0 1 0 8 26 17 12 24 21 19 17 -0.106403 15 707 708
649 12 0 1 0 19 3 20 16 29 18 15 16 -0.0881797 -55 709 710
650 12 0 1 0 11 34 12 18 15 28 14 20 -0.164688 16 711 712
651 12 0 1 0 4 30 14 18 3 19 12 16 -0.0240178 -6 713 714
652 12 1 0 4 1 4 0 4 0 0 215 
653 12 1 0 10 1 4 10 0 0 0 224 
654 12 1 0 9 1 4 0 9 0 0 225 
655 12 1 0 2 1 4 0 1 0 1 226 
656 12 0 1 0 11 3 18 20 20 22 15 17 -0.017712 -83 715 716
657 12 1 0 58 1 4 58 0 0 0 246 
658 12 1 0 2 1 4 0 2 0 0 247 
659 12 0 1 0 27 20 13 16 7 19 16 18 -0.0979592 42 717 718
660 12 1 0 9 1 4 9 0 0 0 252 
661 12 0 1 0 4 29 13 20 2 32 15 19 -0.0630247 14 719 720
662 12 1 0 3 1 4 0 0 3 0 279 
663 12 1 0 2 1 4 0 1 1 0 284 
664 12 0 1 0 26 31 13 13 20 3 20 20 -0.02 70 721 722
665 12 1 0 2 1 4 0 2 0 0 287 
666 12 1 0 20 1 4 20 0 0 0 288 
667 12 0 1 0 23 21 12 14 16 9 16 17 -0.00894574 26 723 724
668 12 1 0 4 1 4 1 3 0 0 294 
669 12 0 1 0 3 28 18 13 5 25 17 13 -0.063296 4 725 726
670 12 1 0 3 1 4 0 1 0 2 310 
671 12 0 1 0 18 23 15 19 20 7 12 20 -0.0384615 -17 727 728
672 12 1 0 14 1 4 14 0 0 0 313 
673 12 0 1 0 22 13 16 17 21 15 13 13 -0.0216931 -33 729 730
674 12 0 1 0 29 12 15 18 34 11 20 12 -0 -1 731 732
675 12 0 1 0 5 6 20 18 8 0 14 12 -0.0769783 2 733 734
676 12 1 0 2 1 4 0 0 0 2 403 
677 12 1 0 5 1 4 4 1 0 0 428 
678 12 0 1 0 26 13 13 18 10 0 15 18 -0.0124895 -28 735 736
679 12 1 0 14 1 4 0 14 0 0 446 
680 12 1 0 6 1 4 6 0 0 0 447 
681 12 0 1 0 13 31 16 15 28 3 20 12 -0 15 737 738
682 12 0 1 0 0 25 19 13 18 22 19 19 -0.0921053 -26 739 740
683 12 0 1 0 29 2 19 13 8 18 20 18 -0 -38 741 742
684 12 1 0 2 1 4 0 0 2 0 455 
685 12 1 0 5 1 4 0 0 5 0 456 
686 12 1 0 5 1 4 0 0 0 5 457 
687 12 1 0 2 1 4 0 1 1 0 458 
688 12 0 1 0 31 27 19 13 13 18 16 20 -0.0142857 -17 743 744
689 12 0 1 0 35 29 18 12 19 6 20 16 -0.176871 18 745 746
690 12 1 0 8 1 4 7 1 0 0 465 
691 12 0 1 0 18 13 12 13 19 7 17 20 -0.0758514 2 747 748
692 12 1 0 5 1 4 0 1 1 3 469 
693 12 1 0 3 1 4 0 3 0 0 470 
694 12 0 1 0 29 25 20 12 22 13 15 16 -0.0233755 2 749 750
695 12 1 0 10 1 4 0 0 10 0 480 
696 12 1 0 2 1 4 0 1 1 0 481 
697 12 0 1 0 34 26 20 12 22 6 19 18 -0.0687122 1 751 752
698 12 0 1 0 24 21 15 19 1 19 12 12 -0 11 753 754
699 12 0 1 0 23 5 16 19 22 17 17 18 -0.189881 6 755 756
700 12 0 1 0 28 23 14 12 20 32 14 12 -0.227317 -15 757 758
701 13 0 1 0 24 30 15 12 20 33 14 14 -0.0522901 6 759 760
702 13 1 0 7 1 4 1 0 3 3 34 
703 13 1 0 2 1 4 0 0 2 0 55 
704 13 1 0 132 1 4 0 0 0 132 56 
705 13 0 1 0 19 34 12 19 21 33 14 12 -0.300752 -3 761 762
706 13 1 0 8 1 4 0 0 0 8 171 
707 13 0 1 0 16 29 12 18 9 26 14 12 -0.0926675 20 763 764
708 13 1 0 4 1 4 0 1 0 3 189 
709 13 1 0 2 1 4 0 0 1 1 190 
710 13 0 1 0 31 20 19 13 30 16 14 16 -0.0216931 31 765 766
711 13 0 1 0 15 29 18 14 9 32 14 13 -0.0789474 17 767 768
712 13 1 0 6 1 4 0 1 3 2 198 
713 13 1 0 2 1 4 0 2 0 0 211 
714 13 0 1 0 23 25 20 14 21 19 16 20 -0.0191755 28 769 770
715 13 1 0 2 1 4 1 1 0 0 227 
716 13 0 1 0 5 5 19 15 1 9 18 12 -0.00609756 -1 771 772
717 13 0 1 0 2 21 14 20 6 25 12 19 -0 -28 773 774
718 13 1 0 7 1 4 7 0 0 0 251 
719 13 0 1 0 29 12 13 16 24 13 12 20 -0.0585424 3 775 776
720 13 1 0 5 1 4 0 3 1 1 278 
721 13 1 0 2 1 4 1 1 0 0 285 
722 13 1 0 23 1 4 0 23 0 0 286 
723 13 0 1 0 34 26 20 12 29 27 17 15 -0.0030303 -22 777 778
724 13 1 0 2 1 4 1 1 0 0 293 
725 13 0 1 0 23 3 20 19 27 29 18 20 -0.0561146 -18 779 780
726 13 1 0 7 1 4 5 2 0 0 309 
727 13 1 0 2 1 4 1 1 0 0 311 
728 13 1 0 11 1 4 0 11 0 0 312 
729 13 1 0 3 1 4 3 0 0 0 353 
730 13 0 1 0 10 21 15 14 17 22 13 13 -0.0119048 -44 781 782
731 13 1 0 4 1 4 0 4 0 0 356 
732 13 1 0 22 1 4 22 0 0 0 357 
733 13 0 1 0 6 30 13 16 1 5 15 14 -0.144022 17 783 784
734 13 0 1 0 18 30 15 18 17 7 12 13 -0.0634172 11 785 786
735 13 1 0 4 1 4 0 0 4 0 429 
736 13 0 1 0 7 26 16 17 5 16 16 18 -0.00888889 11 787 788
737 13 1 0 2 1 4 0 0 2 0 448 
738 13 1 0 17 1 4 0 17 0 0 449 
739 13 1 0 3 1 4 0 0 0 3 450 
740 13 0 1 0 4 21 16 18 20 22 19 15 -0 -25 789 790
741 13 1 0 13 1 4 0 13 0 0 453 
742 13 1 0 2 1 4 2 0 0 0 454 
743 13 1 0 2 1 4 1 1 0 0 459 
744 13 1 0 33 1 4 33 0 0 0 460 
745 13 0 1 0 25 6 12 12 23 11 20 18 -0.0649351 -14 791 792
746 13 1 0 7 1 4 0 0 7 0 464 
747 13 1 0 2 1 4 0 1 1 0 466 
748 13 0 1 0 18 33 13 15 19 4 18 16 -0.0294118 68 793 794
749 13 1 0 2 1 4 0 0 0 2 471 
750 13 0 1 0 16 29 17 13 9 30 12 17 -0.013163 -3 795 796
751 13 0 1 0 29 9 16 13 13 10 16 15 -0.03125 27 797 798
752 13 0 1 0 15 14 12 20 31 21 14 13 -0.0643967 21 799 800
753 13 1 0 2 1 4 0 0 2 0 537 
754 13 1 0 22 1 4 0 0 0 22 538 
755 13 0 1 0 17 26 18 13 13 25 17 20 -0.104762 6 801 802
756 13 0 1 0 35 31 16 12 29 5 14 15 -0 7 803 804
757 13 0 1 0 16 16 16 19 21 16 12 12 -0.239911 -7 805 806
758 13 0 1 0 12 5 19 17 4 12 14 12 -0.0462121 0 807 808
759 14 0 1 0 11 25 18 18 5 26 15 20 -0.0481364 46 809 810
760 14 1 0 2 1 4 1 0 0 1 33 
761 14 1 0 7 1 4 0 1 0 6 167 
762 14 0 1 0 1 32 15 20 18 25 16 17 -0.102892 -42 811 812
763 14 0 1 0 31 20 20 12 6 3 12 18 -0 13 813 814
764 14 0 1 0 12 9 16 13 10 9 20 17 -0.0763181 -10 815 816
765 14 0 1 0 5 26 13 13 5 20 15 17 -0.0119048 19 817 818
766 14 1 0 3 1 4 0 3 0 0 193 
767 14 1 0 5 1 4 5 0 0 0 194 
768 14 0 1 0 1 22 14 15 28 3 16 16 -0.0555215 -51 819 820
769 14 0 1 0 7 18 18 15 7 29 17 15 -0.00690846 4 821 822
770 14 1 0 8 1 4 5 3 0 0 214 
771 14 1 0 2 1 4 0 1 1 0 228 
772 14 1 0 80 1 4 0 80 0 0 229 
773 14 1 0 4 1 4 0 0 4 0 249 
774 14 1 0 24 1 4 0 24 0 0 250 
775 14 0 1 0 14 6 15 16 5 14 18 19 -0.056386 11 823 824
776 14 1 0 2 1 4 0 0 2 0 277 
777 14 1 0 2 1 4 1 1 0 0 291 
778 14 1 0 163 1 4 163 0 0 0 292 
779 14 0 1 0 27 16 18 20 28 17 13 13 -0.0424629 23 825 826
780 14 1 0 2 1 4 0 1 0 1 308 
781 14 1 0 2 1 4 0 1 1 0 354 
782 14 1 0 40 1 4 0 40 0 0 355 
783 14 0 1 0 20 23 16 13 21 25 18 20 -0 -9 827 828
784 14 1 0 9 1 4 0 0 6 3 360 
785 14 0 1 0 20 1 16 16 9 12 16 13 -0 -47 829 830
786 14 0 1 0 21 23 14 15 34 22 20 12 -0.0592615 -20 831 832
787 14 1 0 3 1 4 0 2 1 0 430 
788 14 1 0 72 1 4 0 72 0 0 431 
789 14 1 0 2 1 4 0 2 0 0 451 
790 14 1 0 14 1 4 0 0 14 0 452 
791 14 0 1 0 16 8 14 18 29 4 19 17 -0.0454545 22 833 834
792 14 1 0 3 1 4 3 0 0 0 463 
793 14 1 0 2 1 4 1 1 0 0 467 
794 14 1 0 15 1 4 0 15 0 0 468 
795 14 1 0 3 1 4 0 2 1 0 472 
796 14 0 1 0 10 20 18 17 29 34 13 16 -0.00406504 27 835 836
797 14 1 0 14 1 4 0 0 0 14 488 
798 14 1 0 2 1 4 0 0 1 1 489 
799 14 0 1 0 18 21 16 14 13 27 14 18 -0.0598916 11 837 838
800 14 0 1 0 2 33 14 19 6 19 16 16 -0 55 839 840
801 14 0 1 0 19 19 19 18 15 19 17 17 -0.0285714 -13 841 842
802 14 0 1 0 7 20 16 20 1 30 15 13 -0.047619 4 843 844
803 14 1 0 10 1 4 0 10 0 0 543 
804 14 1 0 6 1 4 0 0 6 0 544 
805 14 1 0 4 1 4 4 0 0 0 545 
806 14 0 1 0 27 5 13 14 31 13 12 13 -0.137853 -7 845 846
807 14 0 1 0 31 24 12 12 0 23 15 19 -0.0113636 39 847 848
808 14 1 0 6 1 4 0 4 2 0 553 
809 15 0 1 0 0 26 14 14 4 33 13 13 -0.0439708 3 849 850
810 15 1 0 2 1 4 1 0 0 1 32 
811 15 0 1 0 23 16 19 17 0 15 12 19 -0 122 851 852
812 15 1 0 2 1 4 0 0 1 1 170 
813 15 1 0 3 1 4 0 3 0 0 172 
814 15 1 0 10 1 4 10 0 0 0 173 
815 15 1 0 3 1 4 0 0 0 3 174 
816 15 0 1 0 0 10 19 15 5 12 18 15 -0.0699961 3 853 854
817 15 1 0 40 1 4 40 0 0 0 191 
818 15 1 0 2 1 4 1 1 0 0 192 
819 15 1 0 2 1 4 0 1 0 1 195 
820 15 0 1 0 27 22 20 16 28 19 13 19 -0.0144928 9 855 856
821 15 1 0 187 1 4 187 0 0 0 212 
822 15 1 0 6 1 4 4 2 0 0 213 
823 15 0 1 0 6 23 17 20 9 26 17 14 -0.25971 -15 857 858
824 15 0 1 0 23 11 20 17 23 14 15 18 -0.0116141 18 859 860
825 15 0 1 0 2 26 17 13 2 5 18 14 -0.0381633 8 861 862
826 15 1 0 4 1 4 4 0 0 0 307 
827 15 1 0 3 1 4 0 0 3 0 358 
828 15 1 0 20 1 4 0 20 0 0 359 
829 15 1 0 2 1 4 0 2 0 0 361 
830 15 1 0 8 1 4 8 0 0 0 362 
831 15 0 1 0 21 29 18 14 23 28 15 12 -0 10 863 864
832 15 0 1 0 27 32 12 20 29 28 15 12 -0.0528602 17 865 866
833 15 1 0 2 1 4 0 1 1 0 461 
834 15 1 0 9 1 4 0 9 0 0 462 
835 15 1 0 121 1 4 0 0 121 0 473 
836 15 1 0 2 1 4 0 0 1 1 474 
837 15 0 1 0 28 28 19 18 19 11 19 17 -0.0564899 10 867 868
838 15 1 0 3 1 4 2 1 0 0 534 
839 15 1 0 15 1 4 0 0 0 15 535 
840 15 1 0 6 1 4 0 0 6 0 536 
841 15 1 0 2 1 4 1 0 1 0 539 
842 15 1 0 68 1 4 0 0 68 0 540 
843 15 1 0 11 1 4 0 0 0 11 541 
844 15 1 0 3 1 4 0 1 2 0 542 
845 15 1 0 6 1 4 0 0 4 2 546 
846 15 0 1 0 27 18 19 12 24 27 16 14 -0.0770416 -15 869 870
847 15 1 0 42 1 4 0 0 42 0 551 
848 15 1 0 2 1 4 0 1 1 0 552 
849 16 0 1 0 27 29 12 14 27 28 16 14 -0.0405049 -16 871 872
850 16 1 0 2 1 4 1 0 0 1 31 
851 16 1 0 26 1 4 0 26 0 0 168 
852 16 1 0 3 1 4 3 0 0 0 169 
853 16 0 1 0 27 5 18 20 28 2 20 14 -0.0669269 9 873 874
854 16 1 0 3 1 4 0 0 2 1 188 
855 16 1 0 4 1 4 2 2 0 0 196 
856 16 1 0 65 1 4 0 65 0 0 197 
857 16 0 1 0 19 24 16 15 8 19 19 12 -0 46 875 876
858 16 0 1 0 14 25 20 14 14 13 17 15 -0.142501 23 877 878
859 16 0 1 0 4 26 15 18 25 29 18 16 -0.0107044 -114 879 880
860 16 1 0 2 1 4 0 0 2 0 276 
861 16 0 1 0 28 22 12 19 29 24 19 18 -0.0360213 -14 881 882
862 16 1 0 2 1 4 2 0 0 0 306 
863 16 1 0 7 1 4 0 0 7 0 363 
864 16 1 0 5 1 4 0 5 0 0 364 
865 16 0 1 0 21 4 15 13 17 33 12 19 -0.0475007 -20 883 884
866 16 0 1 0 25 31 13 19 10 35 12 15 -0.0482456 18 885 886
867 16 1 0 2 1 4 2 0 0 0 490 
868 16 0 1 0 9 10 17 12 3 16 19 17 -0.0536978 5 887 888
869 16 0 1 0 2 17 18 15 20 16 13 17 -0.0489719 -3 889 890
870 16 1 0 4 1 4 0 0 4 0 550 
871 17 1 0 3 1 4 1 0 0 2 13 
872 17 0 1 0 28 13 20 14 28 24 20 15 -0.036253 0 891 892
873 17 0 1 0 24 7 20 16 21 6 14 14 -0.0620062 -38 893 894
874 17 1 0 2 1 4 0 1 0 1 187 
875 17 1 0 7 1 4 0 0 0 7 255 
876 17 1 0 3 1 4 3 0 0 0 256 
877 17 0 1 0 12 27 20 12 15 26 18 20 -0.0271816 -33 895 896
878 17 0 1 0 12 5 19 12 17 2 19 12 -0 -6 897 898
879 17 1 0 2 1 4 0 2 0 0 264 
880 17 0 1 0 16 29 17 14 23 35 12 17 -0.0101036 -37 899 900
881 17 0 1 0 18 34 13 20 8 31 14 20 -0.0174423 30 901 902
882 17 0 1 0 4 13 17 15 7 30 14 14 -0 -10 903 904
883 17 0 1 0 11 28 14 17 7 24 19 15 -0.0451275 -13 905 906
884 17 1 0 3 1 4 0 0 3 0 399 
885 17 0 1 0 23 16 15 15 23 7 16 13 -0.0416667 10 907 908
886 17 1 0 7 1 4 0 7 0 0 402 
887 17 0 1 0 27 10 16 20 27 7 17 13 -0.0490846 -16 909 910
888 17 1 0 9 1 4 1 6 2 0 533 
889 17 1 0 7 1 4 0 3 4 0 547 
890 17 0 1 0 17 14 14 20 2 20 12 19 -0.0104167 3 911 912
891 18 0 1 0 20 3 12 16 4 7 12 16 -0.230278 62 913 914
892 18 0 1 0 26 15 20 13 20 23 18 20 -0.00891037 -29 915 916
893 18 1 0 2 1 4 0 1 0 1 175 
894 18 0 1 0 27 16 17 14 28 23 13 13 -0.0560621 0 917 918
895 18 1 0 3 1 4 0 3 0 0 257 
896 18 0 1 0 7 19 18 14 0 2 12 20 -0.0185173 92 919 920
897 18 1 0 8 1 4 8 0 0 0 262 
898 18 1 0 4 1 4 0 0 0 4 263 
899 18 1 0 3 1 4 1 2 0 0 265 
900 18 0 1 0 0 31 16 19 2 29 12 15 -0.00857644 52 921 922
901 18 1 0 4 1 4 2 2 0 0 298 
902 18 0 1 0 27 33 13 18 28 27 20 15 -0.0136896 18 923 924
903 18 1 0 2 1 4 0 0 0 2 304 
904 18 1 0 16 1 4 0 16 0 0 305 
905 18 1 0 3 1 4 0 1 1 1 365 
906 18 0 1 0 17 34 13 15 3 28 19 19 -0.0408332 18 925 926
907 18 1 0 2 1 4 1 1 0 0 400 
908 18 1 0 10 1 4 10 0 0 0 401 
909 18 1 0 4 1 4 3 0 1 0 491 
910 18 0 1 0 23 10 18 12 0 30 14 13 -0.0447321 15 927 928
911 18 1 0 46 1 4 0 46 0 0 548 
912 18 1 0 2 1 4 0 1 1 0 549 
913 19 0 1 0 0 32 13 16 2 29 16 17 -0.174698 5 929 930
914 19 1 0 2 1 4 1 1 0 0 23 
915 19 1 0 2 1 4 0 1 0 1 24 
916 19 0 1 0 5 26 13 17 0 34 12 17 -0.00728668 -52 931 932
917 19 0 1 0 10 7 17 14 5 20 19 14 -0.0194715 -3 933 934
918 19 0 1 0 25 27 18 20 23 20 12 17 -0.402332 3 935 936
919 19 0 1 0 4 22 15 18 8 33 14 20 -0.00702 -80 937 938
920 19 1 0 2 1 4 1 0 1 0 261 
921 19 0 1 0 23 0 17 16 24 4 13 19 -0.00751144 23 939 940
922 19 1 0 6 1 4 2 4 0 0 275 
923 19 0 1 0 19 17 20 15 18 5 15 18 -0.00406866 -8 941 942
924 19 0 1 0 21 33 14 20 18 21 19 18 -0.0296296 27 943 944
925 19 0 1 0 1 27 20 17 6 24 12 14 -0.0941176 -19 945 946
926 19 0 1 0 26 9 16 19 25 1 19 14 -0.0362877 51 947 948
927 19 0 1 0 19 19 20 15 13 24 18 20 -0.0379768 7 949 950
928 19 0 1 0 25 28 18 12 17 32 13 18 -0.103351 -6 951 952
929 20 0 1 0 14 32 15 15 18 17 12 19 -0.129037 7 953 954
930 20 1 0 4 1 4 1 2 0 1 22 
931 20 1 0 8 1 4 1 0 0 7 25 
932 20 0 1 0 4 28 19 13 14 14 19 19 -0.00300273 -64 955 956
933 20 1 0 2 1 4 0 1 0 1 176 
934 20 0 1 0 31 15 12 13 26 0 16 18 -0.015984 -10 957 958
935 20 0 1 0 28 23 15 12 27 5 18 19 -0.110823 14 959 960
936 20 0 1 0 6 14 15 15 13 5 14 17 -0.253968 -17 961 962
937 20 1 0 2 1 4 1 1 0 0 258 
938 20 0 1 0 19 31 13 16 16 10 14 15 -0.00236967 44 963 964
939 20 0 1 0 2 28 19 17 5 29 16 12 -0.00621546 -16 965 966
940 20 1 0 4 1 4 2 2 0 0 274 
941 20 1 0 2 1 4 0 1 1 0 299 
942 20 0 1 0 7 7 16 13 6 15 17 16 -0.00136612 38 967 968
943 20 1 0 5 1 4 4 1 0 0 302 
944 20 1 0 22 1 4 0 22 0 0 303 
945 20 1 0 7 1 4 0 7 0 0 366 
946 20 0 1 0 23 28 17 14 29 32 15 16 -0 13 969 970
947 20 0 1 0 3 29 17 18 4 14 17 17 -0.0346674 20 971 972
948 20 1 0 2 1 4 0 0 2 0 398 
949 20 0 1 0 34 28 14 12 14 7 16 15 -0.0355444 3 973 974
950 20 1 0 2 1 4 2 0 0 0 527 
951 20 0 1 0 20 21 20 18 9 2 14 20 -0.0333333 44 975 976
952 20 0 1 0 27 29 18 19 12 26 17 16 -0.0354938 -5 977 978
953 21 1 0 3 1 4 1 0 1 1 14 
954 21 0 1 0 7 13 13 14 8 10 19 17 -0.0806598 -27 979 980
955 21 0 1 0 22 8 12 18 15 4 14 17 -0.153846 24 981 982
956 21 0 1 0 19 24 19 16 17 27 20 13 -0.00100366 1 983 984
957 21 0 1 0 6 19 16 15 10 15 17 19 -0.129032 -28 985 986
958 21 0 1 0 25 16 12 12 18 10 14 16 -0.00485051 -39 987 988
959 21 1 0 2 1 4 0 1 0 1 182 
960 21 0 1 0 14 20 19 17 14 13 16 12 -0 19 989 990
961 21 1 0 5 1 4 0 0 0 5 185 
962 21 1 0 9 1 4 0 8 0 1 186 
963 21 1 0 209 1 4 209 0 0 0 259 
964 21 1 0 2 1 4 1 1 0 0 260 
965 21 1 0 5 1 4 4 0 0 1 266 
966 21 0 1 0 18 6 17 16 0 25 18 15 -0.00259366 -35 991 992
967 21 1 0 364 1 4 0 364 0 0 300 
968 21 1 0 2 1 4 1 1 0 0 301 
969 21 1 0 8 1 4 8 0 0 0 367 
970 21 1 0 2 1 4 0 2 0 0 368 
971 21 0 1 0 12 8 19 19 16 6 18 12 -0.0307292 -10 993 994
972 21 1 0 2 1 4 0 1 0 1 397 
973 21 0 1 0 8 21 19 20 31 28 18 13 -0 5 995 996
974 21 0 1 0 18 31 16 18 11 23 18 17 -0.0319667 90 997 998
975 21 1 0 2 1 4 0 0 1 1 528 
976 21 1 0 13 1 4 0 0 0 13 529 
977 21 1 0 3 1 4 0 0 0 3 530 
978 21 0 1 0 10 7 12 19 4 24 20 12 -0.0208333 -10 999 1000
979 22 1 0 3 1 4 0 2 0 1 15 
980 22 0 1 0 31 20 20 12 28 28 17 17 -0.0577957 -21 1001 1002
981 22 1 0 11 1 4 0 0 0 11 26 
982 22 1 0 2 1 4 0 1 0 1 27 
983 22 1 0 1846 1 4 0 0 0 1846 28 
984 22 0 1 0 13 10 19 16 20 20 14 15 -0 -48 1003 1004
985 22 1 0 27 1 4 0 27 0 0 177 
986 22 1 0 4 1 4 0 2 0 2 178 
987 22 1 0 6 1 4 2 4 0 0 179 
988 22 0 1 0 3 15 18 14 2 15 20 18 -0 2 1005 1006
989 22 1 0 31 1 4 0 31 0 0 183 
990 22 1 0 2 1 4 2 0 0 0 184 
991 22 1 0 2 1 4 1 1 0 0 267 
992 22 0 1 0 2 27 14 18 22 0 15 14 -0.00212508 -74 1007 1008
993 22 1 0 3 1 4 3 0 0 0 369 
994 22 0 1 0 30 26 20 14 29 27 12 18 -0.0291208 -7 1009 1010
995 22 1 0 5 1 4 0 0 5 0 492 
996 22 1 0 9 1 4 0 0 0 9 493 
997 22 0 1 0 9 29 13 15 3 30 17 13 -0.0299422 47 1011 1012
998 22 1 0 6 1 4 0 6 0 0 526 
999 22 1 0 22 1 4 0 0 22 0 531 
1000 22 1 0 2 1 4 0 0 1 1 532 
1001 23 1 0 2 1 4 0 1 0 1 16 
1002 23 0 1 0 29 23 20 14 28 7 17 19 -0.0409542 0 1013 1014
1003 23 1 0 34 1 4 0 0 0 34 29 
1004 23 1 0 2 1 4 0 0 2 0 30 
1005 23 1 0 678 1 4 0 678 0 0 180 
1006 23 1 0 2 1 4 2 0 0 0 181 
1007 23 1 0 2 1 4 1 1 0 0 268 
1008 23 0 1 0 5 0 18 20 18 3 17 12 -0.00173409 -4 1015 1016
1009 23 1 0 2 1 4 0 1 0 1 370 
1010 23 0 1 0 27 22 18 15 30 29 12 14 -0.0259482 31 1017 1018
1011 23 0 1 0 19 29 14 16 24 34 12 19 -0.02794 17 1019 1020
1012 23 0 1 0 6 31 12 16 18 6 15 16 -0 92 1021 1022
1013 24 1 0 3 1 4 0 1 0 2 17 
1014 24 0 1 0 13 20 12 20 14 14 19 19 -0.0244694 23 1023 1024
1015 24 0 1 0 19 19 14 17 23 23 20 13 -0.0011845 -27 1025 1026
1016 24 1 0 3 1 4 2 1 0 0 273 
1017 24 0 1 0 3 11 13 18 2 33 14 13 -0.0247695 -6 1027 1028
1018 24 1 0 2 1 4 2 0 0 0 396 
1019 24 0 1 0 29 8 18 17 0 30 17 15 -0.0228921 -2 1029 1030
1020 24 0 1 0 20 1 17 17 32 2 13 13 -0.0703321 -4 1031 1032
1021 24 1 0 7 1 4 0 0 0 7 524 
1022 24 1 0 3 1 4 0 0 3 0 525 
1023 25 0 1 0 8 12 18 12 8 5 12 19 -0.0198895 -5 1033 1034
1024 25 1 0 2 1 4 0 0 1 1 21 
1025 25 1 0 2 1 4 1 1 0 0 269 
1026 25 0 1 0 25 5 14 12 16 0 12 20 -0.000790789 -43 1035 1036
1027 25 0 1 0 12 28 12 20 16 23 14 13 -0.0427807 -13 1037 1038
1028 25 0 1 0 25 19 15 15 29 19 19 15 -0.020436 -17 1039 1040
1029 25 0 1 0 33 27 13 12 27 0 15 20 -0.0199557 -3 1041 1042
1030 25 0 1 0 29 19 17 12 28 20 17 15 -0 -2 1043 1044
1031 25 0 1 0 34 8 16 13 27 8 13 17 -0 11 1045 1046
1032 25 0 1 0 20 21 20 18 9 2 14 20 -0.0208333 45 1047 1048
1033 26 0 1 0 21 21 12 13 21 11 12 19 -0.2 47 1049 1050
1034 26 1 0 171 1 4 0 0 0 171 20 
1035 26 1 0 3 1 4 2 1 0 0 270 
1036 26 0 1 0 0 28 16 12 0 28 17 13 -0.000237643 -10 1051 1052
1037 26 1 0 5 1 4 5 0 0 0 371 
1038 26 0 1 0 10 18 15 19 28 13 16 13 -0.0294118 36 1053 1054
1039 26 1 0 3 1 4 0 1 2 0 374 
1040 26 0 1 0 31 0 14 14 24 2 14 18 -0.0188511 21 1055 1056
1041 26 0 1 0 19 4 16 20 33 33 13 13 -0 -16 1057 1058
1042 26 0 1 0 25 10 13 16 1 31 13 12 -0.0171998 -166 1059 1060
1043 26 1 0 6 1 4 0 0 6 0 518 
1044 26 1 0 6 1 4 0 0 0 6 519 
1045 26 1 0 12 1 4 0 12 0 0 520 
1046 26 1 0 2 1 4 0 0 2 0 521 
1047 26 1 0 2 1 4 0 0 1 1 522 
1048 26 1 0 22 1 4 0 0 22 0 523 
1049 27 1 0 8 1 4 0 0 0 8 18 
1050 27 1 0 2 1 4 0 1 0 1 19 
1051 27 1 0 2 1 4 1 1 0 0 271 
1052 27 1 0 2102 1 4 2102 0 0 0 272 
1053 27 1 0 2 1 4 1 1 0 0 372 
1054 27 1 0 15 1 4 0 15 0 0 373 
1055 27 0 1 0 13 7 15 13 13 8 20 16 -0.0176998 11 1061 1062
1056 27 1 0 3 1 4 2 1 0 0 395 
1057 27 1 0 7 1 4 0 0 7 0 494 
1058 27 1 0 8 1 4 0 8 0 0 495 
1059 27 1 0 3 1 4 0 3 0 0 496 
1060 27 0 1 0 26 35 12 17 20 26 18 15 -0.0159401 83 1063 1064
1061 28 0 1 0 17 9 19 14 13 13 17 19 -0.0163567 3 1065 1066
1062 28 1 0 5 1 4 2 3 0 0 394 
1063 28 0 1 0 18 14 12 15 17 18 13 17 -0.0149976 9 1067 1068
1064 28 1 0 3 1 4 0 3 0 0 517 
1065 29 0 1 0 18 21 12 14 25 26 12 18 -0.0154523 74 1069 1070
1066 29 1 0 2 1 4 1 1 0 0 393 
1067 29 0 1 0 20 21 16 18 10 21 13 14 -0.0138378 -56 1071 1072
1068 29 1 0 4 1 4 0 3 1 0 516 
1069 30 0 1 0 30 29 18 17 30 31 14 14 -0.0131895 5 1073 1074
1070 30 0 1 0 2 28 19 15 18 15 15 18 -0 -57 1075 1076
1071 30 1 0 2 1 4 0 2 0 0 497 
1072 30 0 1 0 18 19 12 14 22 15 14 14 -0.0129863 -17 1077 1078
1073 31 0 1 0 27 21 12 16 27 19 19 20 -0.0123668 -21 1079 1080
1074 31 1 0 2 1 4 0 1 1 0 390 
1075 31 1 0 11 1 4 0 11 0 0 391 
1076 31 1 0 3 1 4 3 0 0 0 392 
1077 31 1 0 2 1 4 1 0 1 0 498 
1078 31 0 1 0 23 10 12 16 0 27 20 13 -0.0112021 -2 1081 1082
1079 32 1 0 2 1 4 1 1 0 0 375 
1080 32 0 1 0 20 17 16 13 18 23 16 20 -0.0115399 25 1083 1084
1081 32 0 1 0 7 34 12 18 1 23 20 12 -0.0092927 110 1085 1086
1082 32 0 1 0 18 23 13 17 19 22 19 13 -0.0504202 -12 1087 1088
1083 33 0 1 0 25 23 20 19 28 29 15 14 -0.0108269 8 1089 1090
1084 33 1 0 2 1 4 1 1 0 0 389 
1085 33 0 1 0 13 11 13 13 20 15 14 18 -0.00850446 5 1091 1092
1086 33 1 0 6 1 4 0 0 4 2 513 
1087 33 1 0 7 1 4 0 0 1 6 514 
1088 33 1 0 10 1 4 0 0 10 0 515 
1089 34 0 1 0 23 13 13 12 21 13 14 20 -0.0073386 -13 1093 1094
1090 34 0 1 0 18 25 18 13 12 5 15 13 -0.166667 66 1095 1096
1091 34 0 1 0 26 5 16 12 15 4 14 15 -0.0054593 -27 1097 1098
1092 34 0 1 0 20 32 13 13 11 29 15 15 -0.0285901 23 1099 1100
1093 35 1 0 2 1 4 1 1 0 0 376 
1094 35 0 1 0 11 14 15 19 14 10 20 14 -0.00649155 -12 1101 1102
1095 35 1 0 2 1 4 0 1 0 1 387 
1096 35 1 0 10 1 4 0 10 0 0 388 
1097 35 1 0 4 1 4 0 2 2 0 499 
1098 35 0 1 0 8 26 14 15 1 30 15 20 -0.00470794 28 1103 1104
1099 35 0 1 0 21 24 12 19 22 19 19 13 -0.00632911 -5 1105 1106
1100 35 1 0 8 1 4 0 6 2 0 512 
1101 36 1 0 2 1 4 1 1 0 0 377 
1102 36 0 1 0 33 31 16 14 30 29 18 12 -0.00578497 10 1107 1108
1103 36 0 1 0 1 21 19 12 2 20 15 15 -0.00388399 -15 1109 1110
1104 36 1 0 6 1 4 0 0 4 2 509 
1105 36 1 0 2 1 4 0 1 1 0 510 
1106 36 1 0 77 1 4 0 0 77 0 511 
1107 37 0 1 0 1 24 16 19 1 26 15 19 -0.00478826 -3 1111 1112
1108 37 1 0 3 1 4 1 2 0 0 386 
1109 37 1 0 2 1 4 0 1 1 0 500 
1110 37 0 1 0 0 27 20 14 0 29 15 15 -0.00354508 -14 1113 1114
1111 38 1 0 2 1 4 1 1 0 0 378 
1112 38 0 1 0 19 5 15 12 3 14 18 16 -0.00418908 10 1115 1116
1113 38 1 0 4 1 4 0 1 3 0 501 
1114 38 0 1 0 7 30 15 20 32 32 14 14 -0.0031426 61 1117 1118
1115 39 0 1 0 29 6 19 17 29 18 18 15 -0.0033618 6 1119 1120
1116 39 1 0 5 1 4 1 4 0 0 385 
1117 39 0 1 0 34 27 14 12 27 12 16 19 -0.00266645 -3 1121 1122
1118 39 1 0 7 1 4 0 1 6 0 508 
1119 40 0 1 0 22 13 19 16 24 30 14 18 -0.00242504 -4 1123 1124
1120 40 1 0 6 1 4 1 5 0 0 384 
1121 40 1 0 5 1 4 0 0 4 1 502 
1122 40 0 1 0 28 29 17 17 28 35 12 18 -0.0022614 -37 1125 1126
1123 41 0 1 0 6 0 15 19 10 0 19 13 -0.00147414 5 1127 1128
1124 41 1 0 4 1 4 1 3 0 0 383 
1125 41 0 1 0 23 22 20 15 8 16 19 12 -0.0454545 43 1129 1130
1126 41 0 1 0 21 21 19 18 21 17 15 12 -0.00178654 -2 1131 1132
1127 42 0 1 0 20 14 20 18 19 18 12 13 -0.00079858 -48 1133 1134
1128 42 1 0 3 1 4 0 2 1 0 382 
1129 42 1 0 2 1 4 0 0 1 1 503 
1130 42 1 0 9 1 4 0 0 9 0 504 
1131 42 0 1 0 24 24 17 18 2 2 18 14 -0.0714286 64 1135 1136
1132 42 1 0 2131 1 4 0 0 2131 0 507 
1133 43 0 1 0 6 4 14 20 14 26 18 15 -0.05 -106 1137 1138
1134 43 1 0 1117 1 4 0 1117 0 0 381 
1135 43 1 0 2 1 4 1 0 1 0 505 
1136 43 1 0 26 1 4 0 0 26 0 506 
1137 44 1 0 2 1 4 1 1 0 0 379 
1138 44 1 0 8 1 4 0 8 0 0 380 
