-2147483648 -2147483648 data/trees_headpose/tree_007.txt
100 10 5000 30 30000 1 48 1 data/trees_headpose ./data/Cropped_HBO_Data_4view.txt
1 0
0 0 0 1 0 30 13 19 17 30 33 13 14 -0.975961 -9 1 2
1 1 0 1 0 9 22 17 13 17 11 13 12 -0.72153 0 3 4
2 1 0 1 0 8 10 12 16 10 31 15 14 -0.692531 -33 5 6
3 2 0 1 0 3 35 12 13 7 27 12 15 -0.661693 4 7 8
4 2 0 1 0 0 25 14 12 5 11 18 13 -0.45662 -10 9 10
5 2 0 1 0 26 14 14 15 1 8 20 13 -0.376518 -3 11 12
6 2 0 1 0 12 30 14 12 15 11 13 16 -1.25156 -8 13 14
7 3 0 1 0 12 33 13 17 12 8 17 15 -0.708372 54 15 16
8 3 0 1 0 33 35 12 14 25 28 13 20 -0.411761 -12 17 18
9 3 0 1 0 23 11 16 13 28 27 18 18 -0.294787 31 19 20
10 3 0 1 0 7 12 12 15 12 5 18 13 -0.451291 -17 21 22
11 3 0 1 0 24 17 19 20 22 8 19 14 -0.341697 -4 23 24
12 3 0 1 0 0 27 15 14 5 24 14 16 -0.322734 18 25 26
13 3 0 1 0 10 17 19 15 11 23 12 15 -0.899502 4 27 28
14 3 0 1 0 19 31 16 20 8 31 12 18 -1.10107 -27 29 30
15 4 0 1 0 19 2 13 15 34 27 12 13 -0.571104 48 31 32
16 4 0 1 0 28 12 13 17 26 28 17 18 -0.948791 -32 33 34
17 4 0 1 0 22 5 20 17 30 30 17 12 -0.759196 5 35 36
18 4 0 1 0 18 27 14 12 16 34 13 12 -0.287002 -29 37 38
19 4 0 1 0 16 1 13 17 21 17 18 16 -0.276143 5 39 40
20 4 1 0 20 1 4 0 0 0 20 278 
21 4 0 1 0 22 31 14 18 13 32 15 17 -0.578418 -15 41 42
22 4 0 1 0 7 29 16 18 1 28 16 20 -0.384131 23 43 44
23 4 0 1 0 25 10 18 20 25 15 18 12 -0.037037 1 45 46
24 4 0 1 0 17 0 19 15 29 8 15 15 -0.218852 -12 47 48
25 4 0 1 0 5 25 18 16 3 19 17 18 -0.272422 6 49 50
26 4 0 1 0 28 30 15 19 1 0 15 15 -0.491304 37 51 52
27 4 0 1 0 18 15 19 18 16 12 13 12 -0.521736 40 53 54
28 4 0 1 0 14 22 13 14 12 28 15 15 -0.838095 -1 55 56
29 4 0 1 0 5 10 20 18 6 29 16 13 -0.312074 -4 57 58
30 4 0 1 0 3 10 20 18 0 2 18 17 -0.979958 2 59 60
31 5 0 1 0 0 35 12 12 5 9 18 16 -0.463902 11 61 62
32 5 0 1 0 6 11 14 17 6 22 19 19 -0.687981 -10 63 64
33 5 0 1 0 2 23 20 20 12 31 16 18 -1.18343 -45 65 66
34 5 0 1 0 11 1 16 15 3 16 19 14 -0.183081 -9 67 68
35 5 0 1 0 23 32 15 14 15 9 19 12 -0.452876 76 69 70
36 5 0 1 0 23 31 14 17 20 7 12 14 -0.601045 -21 71 72
37 5 0 1 0 34 22 16 13 29 24 14 12 -0.868218 -20 73 74
38 5 0 1 0 2 0 19 14 17 14 20 13 -0.207392 -16 75 76
39 5 0 1 0 14 11 12 20 32 12 18 13 -0.239669 -4 77 78
40 5 0 1 0 4 20 19 19 4 25 12 19 -0.223325 0 79 80
41 5 1 0 27 1 4 0 0 0 27 279 
42 5 0 1 0 34 0 16 13 18 10 14 14 -0.37358 -25 81 82
43 5 0 1 0 30 23 20 16 13 11 20 20 -0.314984 6 83 84
44 5 0 1 0 0 11 13 20 21 2 18 18 -0.379567 -7 85 86
45 5 1 0 15 1 4 0 0 0 15 459 
46 5 1 0 3 1 4 0 1 2 0 460 
47 5 1 0 7 1 4 0 0 5 2 461 
48 5 0 1 0 19 24 15 19 11 28 18 14 -0.138655 -20 87 88
49 5 0 1 0 20 24 19 18 27 26 14 18 -0.742604 50 89 90
50 5 0 1 0 4 29 14 14 0 33 13 12 -0.222026 -19 91 92
51 5 0 1 0 33 14 19 13 0 19 13 16 -0.247126 -25 93 94
52 5 0 1 0 0 26 20 19 19 3 20 19 -0.105263 63 95 96
53 5 0 1 0 30 11 15 17 9 31 13 14 -0.425106 -46 97 98
54 5 1 0 6 1 4 0 0 0 6 531 
55 5 0 1 0 23 32 15 19 27 9 13 15 -0.214986 13 99 100
56 5 0 1 0 30 9 17 14 20 3 16 12 -0.114286 -4 101 102
57 5 0 1 0 13 30 13 16 12 21 15 19 -0 26 103 104
58 5 0 1 0 11 4 19 20 22 7 20 15 -0.225 25 105 106
59 5 0 1 0 23 5 12 16 23 27 19 15 -0.499073 -18 107 108
60 5 0 1 0 17 8 13 13 29 8 15 15 -0.899767 41 109 110
61 6 0 1 0 11 9 20 17 11 32 12 17 -0.442738 -34 111 112
62 6 0 1 0 10 30 13 14 18 10 13 12 -0.295424 14 113 114
63 6 0 1 0 4 26 19 18 0 26 14 19 -0.400526 7 115 116
64 6 0 1 0 13 14 14 17 12 21 20 19 -0.515704 4 117 118
65 6 0 1 0 5 26 19 13 4 28 19 15 -0.956134 -6 119 120
66 6 0 1 0 24 18 14 15 33 28 17 12 -0.0869565 4 121 122
67 6 1 0 5 1 4 4 0 0 1 130 
68 6 0 1 0 12 29 13 16 10 20 15 19 -0.0574581 17 123 124
69 6 0 1 0 11 33 13 16 14 28 13 20 -0.329941 24 125 126
70 6 0 1 0 10 4 19 13 28 20 20 13 -0.0384615 -71 127 128
71 6 1 0 6 1 4 5 0 0 1 150 
72 6 0 1 0 24 28 17 13 30 13 15 13 -0.110599 74 129 130
73 6 0 1 0 14 26 18 14 13 26 17 18 -0.296759 3 131 132
74 6 0 1 0 10 24 17 19 13 7 16 13 -0.293333 -17 133 134
75 6 0 1 0 16 9 16 18 23 34 12 18 -0.185433 -56 135 136
76 6 0 1 0 19 26 20 20 27 18 15 12 -0.0148148 38 137 138
77 6 0 1 0 4 11 19 18 2 27 20 13 -0.186459 25 139 140
78 6 0 1 0 24 28 18 15 28 32 14 16 -0.212744 3 141 142
79 6 0 1 0 21 22 12 15 26 22 17 15 -0 1 143 144
80 6 0 1 0 19 22 20 17 13 10 18 17 -0.0699301 -18 145 146
81 6 0 1 0 20 4 16 13 11 26 20 13 -0.29397 -17 147 148
82 6 0 1 0 21 5 15 14 9 6 20 18 -0.0580357 23 149 150
83 6 0 1 0 24 27 12 17 21 2 19 14 -0.71499 1 151 152
84 6 0 1 0 8 11 20 15 20 5 14 14 -0.178907 -27 153 154
85 6 0 1 0 0 28 14 13 0 23 15 15 -0.50961 23 155 156
86 6 0 1 0 2 17 12 17 1 23 18 15 -0.241009 5 157 158
87 6 0 1 0 0 27 13 12 13 19 15 16 -0.0730159 35 159 160
88 6 1 0 5 1 4 5 0 0 0 465 
89 6 0 1 0 25 7 14 12 15 29 18 18 -0.560606 -47 161 162
90 6 0 1 0 7 7 14 14 17 21 16 20 -0 -62 163 164
91 6 0 1 0 29 17 15 15 22 0 13 19 -0 67 165 166
92 6 0 1 0 28 32 15 12 13 34 12 14 -0.19683 -37 167 168
93 6 1 0 3 1 4 2 1 0 0 519 
94 6 0 1 0 20 14 20 12 18 26 15 14 -0 -16 169 170
95 6 1 0 17 1 4 17 0 0 0 522 
96 6 1 0 2 1 4 1 0 1 0 523 
97 6 0 1 0 0 22 17 17 10 15 13 17 -0 -82 171 172
98 6 0 1 0 16 21 14 14 18 26 17 14 -0.173957 22 173 174
99 6 0 1 0 10 3 18 14 15 14 17 12 -0 -20 175 176
100 6 1 0 4 1 4 2 1 1 0 534 
101 6 1 0 8 1 4 8 0 0 0 535 
102 6 1 0 7 1 4 0 3 4 0 536 
103 6 1 0 81 1 4 0 0 0 81 537 
104 6 1 0 4 1 4 0 4 0 0 538 
105 6 1 0 4 1 4 0 0 1 3 539 
106 6 1 0 6 1 4 3 3 0 0 540 
107 6 0 1 0 14 1 17 18 12 23 17 15 -0.0823529 -33 177 178
108 6 0 1 0 32 3 12 15 30 8 16 17 -0.393492 -9 179 180
109 6 0 1 0 20 30 14 14 22 19 16 17 -0.68757 -6 181 182
110 6 0 1 0 26 16 12 12 22 19 15 16 -0.14145 -14 183 184
111 7 0 1 0 25 23 18 19 19 9 14 20 -0.783843 -3 185 186
112 7 0 1 0 0 32 13 12 34 4 20 12 -0.359804 9 187 188
113 7 0 1 0 17 34 13 12 5 1 12 16 -0.0750065 130 189 190
114 7 0 1 0 4 21 20 13 5 21 15 15 -0.459722 -1 191 192
115 7 1 0 3 1 4 3 0 0 0 107 
116 7 0 1 0 18 14 14 19 20 22 12 15 -0.19953 -22 193 194
117 7 0 1 0 6 0 13 13 14 1 16 12 -0.3125 -45 195 196
118 7 0 1 0 22 29 17 18 18 9 12 16 -0.0205167 -15 197 198
119 7 0 1 0 20 19 19 20 19 0 16 13 -0.841721 91 199 200
120 7 0 1 0 21 7 12 19 0 25 15 13 -0.114363 14 201 202
121 7 1 0 21 1 4 21 0 0 0 128 
122 7 1 0 2 1 4 0 1 0 1 129 
123 7 1 0 2 1 4 1 1 0 0 131 
124 7 0 1 0 11 24 14 15 6 19 19 16 -0.0396825 22 203 204
125 7 0 1 0 11 24 14 13 19 26 14 13 -0.2266 -21 205 206
126 7 1 0 7 1 4 0 1 0 6 147 
127 7 1 0 11 1 4 0 0 0 11 148 
128 7 1 0 2 1 4 0 1 1 0 149 
129 7 0 1 0 7 10 19 16 24 2 17 20 -0.0645161 26 207 208
130 7 1 0 4 1 4 0 4 0 0 153 
131 7 0 1 0 18 9 13 20 14 13 12 18 -0 11 209 210
132 7 1 0 5 1 4 0 1 0 4 156 
133 7 1 0 5 1 4 4 1 0 0 157 
134 7 0 1 0 21 26 18 19 22 18 13 16 -0.103896 28 211 212
135 7 0 1 0 10 14 15 20 19 11 14 17 -0.246117 39 213 214
136 7 0 1 0 7 33 14 17 23 33 12 18 -0.158392 40 215 216
137 7 1 0 42 1 4 0 0 42 0 221 
138 7 1 0 3 1 4 1 2 0 0 222 
139 7 0 1 0 22 28 18 12 27 29 17 17 -0.0872865 28 217 218
140 7 0 1 0 11 30 16 20 19 30 15 14 -0.0928793 -2 219 220
141 7 0 1 0 25 28 17 15 8 33 14 18 -0.344642 13 221 222
142 7 0 1 0 23 20 13 16 26 29 15 12 -0.141499 3 223 224
143 7 1 0 6 1 4 0 0 6 0 273 
144 7 1 0 12 1 4 0 0 0 12 274 
145 7 1 0 2 1 4 2 0 0 0 275 
146 7 0 1 0 2 25 19 12 23 11 16 13 -0.0454545 28 225 226
147 7 0 1 0 10 1 20 15 11 26 16 13 -0.399944 -60 227 228
148 7 1 0 62 1 4 62 0 0 0 287 
149 7 0 1 0 8 29 14 20 10 18 15 17 -0.0357143 23 229 230
150 7 1 0 2 1 4 0 0 0 2 290 
151 7 0 1 0 18 22 19 19 2 1 15 12 -0.432703 28 231 232
152 7 0 1 0 10 15 20 17 20 9 16 17 -0.623292 -7 233 234
153 7 0 1 0 29 24 18 13 26 21 18 18 -0.275 11 235 236
154 7 0 1 0 0 30 17 12 6 14 16 16 -0.153602 0 237 238
155 7 0 1 0 22 30 17 15 24 28 19 16 -0.386202 4 239 240
156 7 0 1 0 23 15 18 20 27 22 19 18 -0.206897 1 241 242
157 7 0 1 0 28 33 14 17 26 31 12 19 -0.198126 -10 243 244
158 7 0 1 0 28 9 18 12 17 9 17 19 -0.187407 6 245 246
159 7 0 1 0 22 1 18 16 22 24 19 12 -0.0333333 -68 247 248
160 7 1 0 3 1 4 0 0 2 1 464 
161 7 0 1 0 10 23 18 13 5 26 12 15 -0.580087 33 249 250
162 7 1 0 17 1 4 0 0 0 17 469 
163 7 1 0 10 1 4 10 0 0 0 470 
164 7 1 0 3 1 4 0 3 0 0 471 
165 7 1 0 9 1 4 9 0 0 0 472 
166 7 1 0 3 1 4 0 0 0 3 473 
167 7 0 1 0 8 15 16 12 7 28 15 14 -0.0809187 -4 251 252
168 7 0 1 0 26 12 14 14 22 7 13 13 -0.680902 -8 253 254
169 7 1 0 13 1 4 0 0 13 0 520 
170 7 1 0 13 1 4 0 0 0 13 521 
171 7 1 0 9 1 4 9 0 0 0 524 
172 7 1 0 7 1 4 0 0 0 7 525 
173 7 0 1 0 29 18 14 15 23 30 13 20 -0.103276 28 255 256
174 7 1 0 2 1 4 0 0 1 1 530 
175 7 1 0 15 1 4 0 0 0 15 532 
176 7 1 0 2 1 4 0 0 2 0 533 
177 7 1 0 2 1 4 2 0 0 0 541 
178 7 0 1 0 3 8 15 19 7 0 16 20 -0.021836 -3 257 258
179 7 1 0 9 1 4 8 0 0 1 545 
180 7 0 1 0 11 4 18 16 13 1 16 15 -0.215334 -2 259 260
181 7 0 1 0 0 27 14 12 14 18 17 12 -0 -24 261 262
182 7 0 1 0 1 35 12 12 7 6 19 13 -0.587135 19 263 264
183 7 0 1 0 7 9 14 17 5 14 17 20 -0 -13 265 266
184 7 0 1 0 25 19 18 18 8 21 20 17 -0.0666667 -53 267 268
185 8 0 1 0 33 10 12 13 33 4 17 12 -0.300549 -2 269 270
186 8 0 1 0 4 19 18 13 4 17 16 15 -0.613463 3 271 272
187 8 0 1 0 0 26 19 20 11 22 13 15 -0.285924 1 273 274
188 8 0 1 0 6 10 17 20 9 22 18 14 -0.532856 -20 275 276
189 8 0 1 0 19 15 15 18 29 8 12 16 -0.0314573 113 277 278
190 8 1 0 3 1 4 0 0 2 1 101 
191 8 1 0 6 1 4 0 0 1 5 102 
192 8 0 1 0 9 11 12 17 32 3 19 14 -0.217366 37 279 280
193 8 1 0 8 1 4 0 7 0 1 108 
194 8 0 1 0 9 9 19 12 8 14 13 20 -0.0459512 -36 281 282
195 8 1 0 8 1 4 0 1 0 7 112 
196 8 1 0 8 1 4 2 6 0 0 113 
197 8 1 0 19 1 4 19 0 0 0 114 
198 8 0 1 0 29 21 15 16 0 25 20 15 -0.0178571 14 283 284
199 8 0 1 0 13 27 15 13 13 25 17 17 -0.660364 8 285 286
200 8 1 0 10 1 4 0 0 0 10 124 
201 8 1 0 5 1 4 0 4 1 0 125 
202 8 0 1 0 12 20 20 15 15 11 17 12 -0.0555556 6 287 288
203 8 1 0 7 1 4 0 2 0 5 132 
204 8 1 0 137 1 4 0 0 0 137 133 
205 8 0 1 0 25 0 14 17 27 6 18 18 -0.192585 -28 289 290
206 8 0 1 0 10 30 14 20 13 11 12 20 -0.0425434 39 291 292
207 8 1 0 29 1 4 0 0 0 29 151 
208 8 1 0 2 1 4 0 1 0 1 152 
209 8 1 0 17 1 4 0 17 0 0 154 
210 8 1 0 10 1 4 10 0 0 0 155 
211 8 0 1 0 22 13 13 13 20 25 20 14 -0 -29 293 294
212 8 1 0 7 1 4 0 2 5 0 160 
213 8 0 1 0 17 21 14 14 15 8 17 15 -0.150442 66 295 296
214 8 0 1 0 4 12 19 15 6 12 16 16 -0 -21 297 298
215 8 0 1 0 28 17 12 13 24 11 15 13 -0.132669 -12 299 300
216 8 0 1 0 27 9 14 13 28 8 18 12 -0 6 301 302
217 8 0 1 0 6 8 16 18 1 9 16 17 -0.0311457 6 303 304
218 8 1 0 3 1 4 0 3 0 0 226 
219 8 0 1 0 6 29 15 17 12 25 19 19 -0 -30 305 306
220 8 1 0 2 1 4 0 0 2 0 229 
221 8 0 1 0 7 16 20 13 4 11 14 18 -0.390498 23 307 308
222 8 0 1 0 28 9 18 17 4 16 13 16 -0.0658263 -18 309 310
223 8 0 1 0 28 28 19 18 34 28 14 13 -0.125762 1 311 312
224 8 1 0 11 1 4 11 0 0 0 272 
225 8 1 0 9 1 4 0 9 0 0 276 
226 8 1 0 2 1 4 0 1 1 0 277 
227 8 0 1 0 16 10 17 12 5 27 14 14 -0.293546 -10 313 314
228 8 0 1 0 23 18 15 13 20 16 13 20 -0.0580952 28 315 316
229 8 1 0 2 1 4 0 1 1 0 288 
230 8 1 0 12 1 4 0 0 12 0 289 
231 8 0 1 0 18 10 12 12 13 13 15 17 -0.279144 3 317 318
232 8 0 1 0 27 3 12 16 4 4 19 20 -0.121622 62 319 320
233 8 1 0 22 1 4 22 0 0 0 297 
234 8 0 1 0 0 17 18 18 7 22 19 12 -0.561787 -35 321 322
235 8 1 0 17 1 4 17 0 0 0 335 
236 8 1 0 8 1 4 1 1 4 2 336 
237 8 0 1 0 4 14 13 16 30 17 12 17 -0.47146 -12 323 324
238 8 0 1 0 24 34 12 20 9 32 12 14 -0.113562 106 325 326
239 8 0 1 0 21 23 13 15 25 8 14 13 -0.250945 9 327 328
240 8 0 1 0 2 21 18 18 9 9 18 16 -0.225873 -1 329 330
241 8 0 1 0 7 14 18 17 7 22 16 19 -0.165631 -41 331 332
242 8 1 0 6 1 4 6 0 0 0 425 
243 8 1 0 29 1 4 0 0 0 29 426 
244 8 0 1 0 9 30 13 14 4 34 13 13 -0.178946 55 333 334
245 8 0 1 0 20 16 16 20 27 23 19 20 -0.0342857 19 335 336
246 8 1 0 2 1 4 0 0 1 1 458 
247 8 1 0 2 1 4 0 1 0 1 462 
248 8 1 0 58 1 4 0 58 0 0 463 
249 8 0 1 0 14 2 12 20 4 8 14 19 -0.247619 -8 337 338
250 8 1 0 7 1 4 0 0 2 5 468 
251 8 0 1 0 30 16 15 12 29 32 14 18 -0.0738661 -7 339 340
252 8 1 0 5 1 4 1 3 0 1 496 
253 8 0 1 0 6 8 18 16 0 30 15 17 -0.577289 -21 341 342
254 8 0 1 0 5 23 17 18 10 23 17 13 -0.519709 2 343 344
255 8 0 1 0 23 15 16 19 25 26 16 17 -0.010989 4 345 346
256 8 1 0 3 1 4 1 0 0 2 529 
257 8 1 0 2 1 4 0 1 1 0 542 
258 8 0 1 0 27 33 13 19 16 2 20 19 -0.00757576 51 347 348
259 8 0 1 0 8 0 14 14 1 5 13 17 -0.0692308 0 349 350
260 8 0 1 0 27 24 19 15 29 28 18 14 -0.0879142 3 351 352
261 8 1 0 7 1 4 0 0 0 7 554 
262 8 1 0 3 1 4 0 0 3 0 555 
263 8 0 1 0 26 22 16 20 22 11 18 16 -0.550118 -24 353 354
264 8 0 1 0 4 22 12 13 21 15 18 12 -0.0192308 16 355 356
265 8 1 0 3 1 4 3 0 0 0 572 
266 8 1 0 11 1 4 0 11 0 0 573 
267 8 1 0 2 1 4 0 1 0 1 574 
268 8 1 0 28 1 4 0 0 0 28 575 
269 9 1 0 4 1 4 1 3 0 0 0 
270 9 0 1 0 12 11 17 18 20 2 18 14 -0.110823 50 357 358
271 9 0 1 0 12 9 15 14 4 22 19 20 -0.491612 -3 359 360
272 9 0 1 0 21 19 13 14 17 10 19 17 -0 19 361 362
273 9 0 1 0 35 26 14 12 29 14 13 12 -0.264118 -50 363 364
274 9 0 1 0 28 5 16 15 3 20 14 17 -0.187879 13 365 366
275 9 0 1 0 30 32 14 16 5 29 16 18 -0.772006 -27 367 368
276 9 0 1 0 34 29 18 13 24 29 15 14 -0.28145 -35 369 370
277 9 0 1 0 27 28 18 14 17 7 18 14 -0.00358423 28 371 372
278 9 1 0 2 1 4 0 0 2 0 100 
279 9 0 1 0 14 5 20 14 3 19 15 18 -0.0454545 15 373 374
280 9 0 1 0 15 7 19 18 10 10 13 19 -0.0683761 -6 375 376
281 9 1 0 3 1 4 0 3 0 0 109 
282 9 0 1 0 6 7 18 15 6 14 19 18 -0.0321285 -11 377 378
283 9 1 0 2 1 4 1 1 0 0 115 
284 9 1 0 26 1 4 0 26 0 0 116 
285 9 0 1 0 17 31 13 20 3 2 18 18 -0.47018 134 379 380
286 9 1 0 5 1 4 0 0 0 5 123 
287 9 1 0 2 1 4 0 1 0 1 126 
288 9 1 0 34 1 4 0 0 0 34 127 
289 9 0 1 0 2 18 15 12 4 5 20 15 -0.0416667 0 381 382
290 9 0 1 0 21 12 13 19 10 0 18 17 -0.112507 65 383 384
291 9 0 1 0 4 0 20 18 25 29 18 15 -0.0138889 -30 385 386
292 9 1 0 7 1 4 1 6 0 0 146 
293 9 1 0 3 1 4 0 0 3 0 158 
294 9 1 0 30 1 4 0 0 0 30 159 
295 9 0 1 0 21 20 15 12 12 5 14 13 -0.0769524 106 387 388
296 9 1 0 8 1 4 0 0 6 2 166 
297 9 1 0 20 1 4 20 0 0 0 167 
298 9 1 0 2 1 4 0 2 0 0 168 
299 9 0 1 0 5 3 20 19 10 22 12 14 -0.0789073 -80 389 390
300 9 0 1 0 15 33 12 14 16 29 14 16 -0.425215 16 391 392
301 9 1 0 11 1 4 0 0 0 11 219 
302 9 1 0 9 1 4 9 0 0 0 220 
303 9 0 1 0 4 8 16 20 21 11 20 19 -0.0172414 -37 393 394
304 9 1 0 2 1 4 0 0 0 2 225 
305 9 1 0 15 1 4 0 15 0 0 227 
306 9 1 0 2 1 4 2 0 0 0 228 
307 9 0 1 0 25 17 12 13 22 12 17 18 -0.185162 10 395 396
308 9 0 1 0 5 2 12 19 31 3 16 12 -0.372857 17 397 398
309 9 0 1 0 10 8 13 19 12 8 20 12 -0.0392157 -5 399 400
310 9 1 0 3 1 4 0 0 3 0 244 
311 9 1 0 5 1 4 0 0 1 4 245 
312 9 0 1 0 18 34 13 16 9 6 18 12 -0.111567 3 401 402
313 9 0 1 0 14 0 20 15 19 1 20 15 -0.0989011 -34 403 404
314 9 1 0 3 1 4 0 0 1 2 283 
315 9 0 1 0 10 16 20 15 18 13 19 15 -0.02 -28 405 406
316 9 1 0 3 1 4 0 2 1 0 286 
317 9 0 1 0 11 17 13 16 30 11 19 14 -0.054902 45 407 408
318 9 1 0 5 1 4 4 0 1 0 294 
319 9 1 0 35 1 4 0 0 0 35 295 
320 9 1 0 2 1 4 1 0 0 1 296 
321 9 0 1 0 16 32 13 16 10 26 17 16 -0.469346 6 409 410
322 9 0 1 0 25 5 13 19 9 8 17 16 -0.439343 -4 411 412
323 9 0 1 0 16 30 14 15 7 21 12 15 -0.253153 48 413 414
324 9 0 1 0 2 7 14 20 11 9 18 18 -0.335957 5 415 416
325 9 0 1 0 18 4 15 13 15 5 20 20 -0.104533 15 417 418
326 9 0 1 0 24 17 16 18 32 26 18 14 -0 -70 419 420
327 9 1 0 5 1 4 5 0 0 0 406 
328 9 0 1 0 0 35 12 19 19 7 20 19 -0.131378 14 421 422
329 9 1 0 4 1 4 2 2 0 0 413 
330 9 0 1 0 23 16 15 17 1 9 16 14 -0.175058 13 423 424
331 9 0 1 0 7 23 13 14 7 24 14 19 -0 -18 425 426
332 9 1 0 2 1 4 1 0 1 0 424 
333 9 0 1 0 21 14 19 18 20 15 12 20 -0.158306 2 427 428
334 9 1 0 19 1 4 0 19 0 0 455 
335 9 1 0 18 1 4 0 18 0 0 456 
336 9 1 0 7 1 4 6 1 0 0 457 
337 9 1 0 8 1 4 0 1 6 1 466 
338 9 1 0 7 1 4 3 4 0 0 467 
339 9 0 1 0 26 16 17 19 22 4 19 18 -0.234615 -3 429 430
340 9 0 1 0 33 27 16 14 31 35 12 14 -0.059893 -37 431 432
341 9 0 1 0 8 27 17 12 2 15 12 15 -0 89 433 434
342 9 0 1 0 13 29 15 14 10 10 14 20 -0.318182 20 435 436
343 9 0 1 0 29 29 15 18 14 35 12 20 -0.40464 -6 437 438
344 9 0 1 0 0 30 13 18 18 7 17 12 -0.145098 8 439 440
345 9 0 1 0 25 1 17 19 0 32 15 18 -0 -15 441 442
346 9 1 0 141 1 4 141 0 0 0 528 
347 9 1 0 64 1 4 0 0 0 64 543 
348 9 1 0 2 1 4 0 0 1 1 544 
349 9 1 0 3 1 4 0 0 3 0 546 
350 9 0 1 0 10 11 15 14 6 2 18 12 -0.05 -6 443 444
351 9 0 1 0 29 27 19 18 25 29 12 17 -0.017219 -4 445 446
352 9 0 1 0 6 9 14 12 2 6 12 17 -0 1 447 448
353 9 1 0 7 1 4 0 1 0 6 556 
354 9 0 1 0 14 23 15 19 11 1 13 16 -0.4706 7 449 450
355 9 1 0 24 1 4 24 0 0 0 570 
356 9 1 0 2 1 4 1 1 0 0 571 
357 10 0 1 0 12 34 12 16 7 13 16 16 -0.0808081 55 451 452
358 10 1 0 2 1 4 0 2 0 0 3 
359 10 0 1 0 7 3 16 20 13 0 17 16 -0.106818 3 453 454
360 10 0 1 0 32 33 12 13 29 25 20 13 -0.205665 17 455 456
361 10 1 0 13 1 4 13 0 0 0 13 
362 10 1 0 2 1 4 0 2 0 0 14 
363 10 0 1 0 2 27 12 19 3 25 12 18 -0.0470588 -2 457 458
364 10 0 1 0 18 13 19 18 22 23 17 17 -0.236754 17 459 460
365 10 0 1 0 20 22 19 19 29 26 13 18 -0.0252525 6 461 462
366 10 1 0 7 1 4 0 0 0 7 80 
367 10 0 1 0 0 11 16 18 3 1 17 16 -0.166667 18 463 464
368 10 0 1 0 13 5 18 15 13 2 18 14 -0.511278 4 465 466
369 10 0 1 0 34 21 17 12 30 11 12 13 -0.138418 -3 467 468
370 10 0 1 0 13 26 19 17 27 9 13 17 -0.169429 28 469 470
371 10 1 0 183 1 4 183 0 0 0 98 
372 10 1 0 3 1 4 0 2 1 0 99 
373 10 1 0 9 1 4 9 0 0 0 103 
374 10 1 0 2 1 4 1 1 0 0 104 
375 10 1 0 4 1 4 0 0 4 0 105 
376 10 1 0 9 1 4 1 8 0 0 106 
377 10 1 0 80 1 4 0 0 0 80 110 
378 10 1 0 3 1 4 0 1 0 2 111 
379 10 0 1 0 30 15 14 13 27 5 15 14 -0.327816 20 471 472
380 10 1 0 3 1 4 0 0 0 3 122 
381 10 1 0 10 1 4 10 0 0 0 134 
382 10 1 0 2 1 4 1 1 0 0 135 
383 10 0 1 0 33 24 18 13 32 13 20 13 -0.0879842 -1 473 474
384 10 1 0 3 1 4 0 0 0 3 143 
385 10 1 0 34 1 4 34 0 0 0 144 
386 10 1 0 2 1 4 1 1 0 0 145 
387 10 0 1 0 25 20 15 16 30 18 18 14 -0.0285714 8 475 476
388 10 1 0 5 1 4 5 0 0 0 165 
389 10 1 0 8 1 4 4 0 0 4 169 
390 10 0 1 0 14 25 13 17 15 20 13 15 -0.0678266 -31 477 478
391 10 0 1 0 10 21 13 19 15 23 14 12 -0.336982 1 479 480
392 10 1 0 7 1 4 1 0 1 5 218 
393 10 1 0 2 1 4 0 1 1 0 223 
394 10 1 0 27 1 4 0 0 27 0 224 
395 10 0 1 0 14 9 17 19 8 7 19 20 -0.0150474 10 481 482
396 10 0 1 0 26 29 14 19 17 32 12 13 -0.15625 -5 483 484
397 10 0 1 0 4 12 20 16 7 0 12 13 -0.153061 68 485 486
398 10 1 0 4 1 4 0 0 1 3 238 
399 10 0 1 0 24 14 17 12 21 25 17 15 -0.0265152 -20 487 488
400 10 1 0 3 1 4 3 0 0 0 243 
401 10 0 1 0 8 24 16 14 12 15 17 12 -0.05 -15 489 490
402 10 0 1 0 32 28 12 13 27 0 13 18 -0.0818647 -8 491 492
403 10 1 0 5 1 4 5 0 0 0 280 
404 10 0 1 0 3 1 12 19 13 2 15 15 -0 -20 493 494
405 10 1 0 2 1 4 1 1 0 0 284 
406 10 1 0 23 1 4 23 0 0 0 285 
407 10 0 1 0 29 24 13 14 1 20 13 18 -0.0333333 -47 495 496
408 10 1 0 2 1 4 0 0 0 2 293 
409 10 0 1 0 21 7 15 12 29 30 17 14 -0.183125 -16 497 498
410 10 0 1 0 19 14 13 20 20 9 20 19 -0.322222 7 499 500
411 10 0 1 0 13 8 19 13 10 22 20 16 -0.360525 -8 501 502
412 10 0 1 0 33 12 16 12 19 4 16 16 -0.349779 -3 503 504
413 10 0 1 0 0 3 13 13 0 10 19 18 -0.0892857 6 505 506
414 10 1 0 7 1 4 0 0 0 7 340 
415 10 0 1 0 2 8 15 17 6 8 17 13 -0.257482 4 507 508
416 10 0 1 0 12 31 13 14 16 31 15 14 -0.0411899 -23 509 510
417 10 0 1 0 7 20 12 19 21 8 19 20 -0.097346 -41 511 512
418 10 1 0 5 1 4 5 0 0 0 403 
419 10 1 0 31 1 4 0 31 0 0 404 
420 10 1 0 4 1 4 0 0 4 0 405 
421 10 0 1 0 9 13 14 18 6 0 15 20 -0.0580357 48 513 514
422 10 0 1 0 5 13 18 19 27 5 13 14 -0.056696 42 515 516
423 10 0 1 0 10 17 13 20 2 26 14 17 -0.1375 -4 517 518
424 10 0 1 0 17 29 12 18 25 30 17 19 -0.122961 -4 519 520
425 10 1 0 19 1 4 0 0 19 0 422 
426 10 1 0 2 1 4 0 0 0 2 423 
427 10 0 1 0 24 19 16 18 26 13 17 12 -0.147748 9 521 522
428 10 0 1 0 8 7 19 18 2 32 12 20 -0.133042 -25 523 524
429 10 1 0 16 1 4 0 0 0 16 474 
430 10 0 1 0 20 25 15 12 22 16 19 15 -0.152381 15 525 526
431 10 0 1 0 28 0 15 19 27 16 20 13 -0 -70 527 528
432 10 0 1 0 10 9 12 13 9 10 14 13 -0.0458312 14 529 530
433 10 1 0 11 1 4 11 0 0 0 497 
434 10 1 0 4 1 4 0 4 0 0 498 
435 10 1 0 2 1 4 1 1 0 0 499 
436 10 0 1 0 20 24 20 19 30 7 13 12 -0.181818 53 531 532
437 10 0 1 0 25 20 18 16 21 17 17 17 -0.315104 -25 533 534
438 10 0 1 0 3 16 18 14 7 23 14 17 -0.2 -18 535 536
439 10 1 0 5 1 4 4 1 0 0 516 
440 10 0 1 0 20 8 17 16 21 27 20 15 -0 -32 537 538
441 10 1 0 2 1 4 2 0 0 0 526 
442 10 1 0 11 1 4 0 11 0 0 527 
443 10 1 0 8 1 4 0 8 0 0 547 
444 10 1 0 2 1 4 1 1 0 0 548 
445 10 1 0 3 1 4 0 3 0 0 549 
446 10 0 1 0 23 15 17 20 4 8 20 16 -0.00925926 19 539 540
447 10 1 0 12 1 4 0 0 0 12 552 
448 10 1 0 3 1 4 0 0 3 0 553 
449 10 0 1 0 2 22 15 15 13 8 19 18 -0.126263 -1 541 542
450 10 0 1 0 27 18 12 16 28 8 18 13 -0.411269 12 543 544
451 11 1 0 3 1 4 0 1 0 2 1 
452 11 1 0 30 1 4 0 0 0 30 2 
453 11 0 1 0 1 15 16 20 19 15 13 20 -0.0454545 -17 545 546
454 11 1 0 5 1 4 1 4 0 0 6 
455 11 0 1 0 8 28 17 13 7 24 16 18 -0.172012 -3 547 548
456 11 1 0 2 1 4 0 0 0 2 12 
457 11 1 0 5 1 4 1 4 0 0 15 
458 11 1 0 12 1 4 0 0 0 12 16 
459 11 0 1 0 33 5 15 14 27 2 17 13 -0.217858 11 549 550
460 11 0 1 0 3 24 15 20 6 26 18 17 -0.0937799 -14 551 552
461 11 1 0 27 1 4 0 0 27 0 78 
462 11 1 0 6 1 4 1 5 0 0 79 
463 11 1 0 10 1 4 0 0 0 10 81 
464 11 1 0 2 1 4 0 1 0 1 82 
465 11 1 0 2 1 4 0 0 0 2 83 
466 11 0 1 0 11 33 14 15 21 34 12 20 -0.228697 -3 553 554
467 11 0 1 0 6 16 12 16 15 26 16 12 -0 -16 555 556
468 11 0 1 0 19 20 19 15 19 13 16 12 -0.0739315 -13 557 558
469 11 1 0 3 1 4 0 0 1 2 92 
470 11 0 1 0 20 20 13 15 10 26 17 18 -0.114619 24 559 560
471 11 0 1 0 7 11 13 17 8 21 19 19 -0.0819887 -40 561 562
472 11 1 0 7 1 4 0 4 0 3 121 
473 11 1 0 4 1 4 4 0 0 0 136 
474 11 0 1 0 2 11 15 17 3 23 12 19 -0.0663659 -36 563 564
475 11 1 0 4 1 4 0 0 4 0 161 
476 11 0 1 0 18 18 12 12 25 29 18 12 -0.0224905 8 565 566
477 11 1 0 5 1 4 0 4 0 1 170 
478 11 0 1 0 25 31 14 16 32 27 19 13 -0.063429 56 567 568
479 11 0 1 0 15 12 18 20 20 31 16 18 -0.24617 -37 569 570
480 11 0 1 0 7 0 20 18 25 19 12 15 -0.180264 -36 571 572
481 11 0 1 0 19 20 12 17 28 17 20 16 -0.00515464 -5 573 574
482 11 1 0 2 1 4 0 0 1 1 232 
483 11 1 0 8 1 4 3 5 0 0 233 
484 11 1 0 4 1 4 0 0 4 0 234 
485 11 0 1 0 15 22 17 17 12 22 19 12 -0 -4 575 576
486 11 1 0 7 1 4 6 1 0 0 237 
487 11 0 1 0 10 11 15 18 9 10 14 19 -0.0155142 3 577 578
488 11 1 0 3 1 4 0 1 2 0 242 
489 11 0 1 0 21 18 14 13 7 12 20 16 -0.05 -46 579 580
490 11 1 0 8 1 4 0 0 0 8 248 
491 11 1 0 3 1 4 0 0 1 2 249 
492 11 0 1 0 4 31 14 18 11 32 13 17 -0.07095 -19 581 582
493 11 1 0 18 1 4 0 18 0 0 281 
494 11 1 0 3 1 4 0 0 3 0 282 
495 11 1 0 2 1 4 0 1 1 0 291 
496 11 1 0 13 1 4 0 0 13 0 292 
497 11 0 1 0 10 11 14 15 34 32 13 12 -0.140132 -5 583 584
498 11 1 0 13 1 4 0 0 0 13 303 
499 11 0 1 0 6 27 14 17 3 28 19 19 -0.0740741 -8 585 586
500 11 0 1 0 21 14 18 15 9 33 12 12 -0.0986111 -55 587 588
501 11 0 1 0 31 22 19 15 14 7 16 19 -0.322211 19 589 590
502 11 0 1 0 17 17 20 14 9 27 14 17 -0.0680952 -1 591 592
503 11 0 1 0 3 26 19 19 8 20 17 20 -0 7 593 594
504 11 0 1 0 19 17 20 19 19 21 14 19 -0.212356 1 595 596
505 11 0 1 0 16 18 19 14 4 15 12 20 -0 61 597 598
506 11 1 0 2 1 4 2 0 0 0 339 
507 11 0 1 0 25 9 17 20 8 3 13 16 -0.168419 14 599 600
508 11 1 0 8 1 4 8 0 0 0 348 
509 11 1 0 4 1 4 0 4 0 0 349 
510 11 0 1 0 5 16 13 14 9 14 15 12 -0.0263158 1 601 602
511 11 1 0 4 1 4 4 0 0 0 352 
512 11 0 1 0 24 20 20 14 19 18 17 17 -0.0909155 -7 603 604
513 11 0 1 0 31 25 14 15 25 11 19 19 -0.0357143 48 605 606
514 11 1 0 2 1 4 0 0 2 0 409 
515 11 0 1 0 0 29 15 12 5 13 16 17 -0.0215054 2 607 608
516 11 1 0 2 1 4 0 2 0 0 412 
517 11 1 0 8 1 4 0 0 7 1 414 
518 11 1 0 2 1 4 1 1 0 0 415 
519 11 0 1 0 5 10 18 16 9 3 18 18 -0.361111 -7 609 610
520 11 0 1 0 16 31 12 19 26 32 15 16 -0.0560784 3 611 612
521 11 0 1 0 5 29 13 12 1 33 14 16 -0.0320988 -20 613 614
522 11 1 0 7 1 4 0 1 5 1 430 
523 11 0 1 0 18 26 18 13 21 19 12 12 -0.117831 -6 615 616
524 11 0 1 0 16 30 13 13 0 20 15 17 -0 68 617 618
525 11 1 0 3 1 4 0 0 2 1 475 
526 11 1 0 7 1 4 1 6 0 0 476 
527 11 1 0 3 1 4 3 0 0 0 477 
528 11 1 0 9 1 4 0 0 0 9 478 
529 11 0 1 0 12 35 12 20 24 6 13 17 -0.0405555 1 619 620
530 11 1 0 4 1 4 0 3 0 1 495 
531 11 1 0 9 1 4 0 0 0 9 500 
532 11 1 0 2 1 4 0 1 0 1 501 
533 11 1 0 3 1 4 3 0 0 0 502 
534 11 0 1 0 8 22 17 13 14 22 20 12 -0.272847 -8 621 622
535 11 1 0 8 1 4 2 6 0 0 514 
536 11 1 0 2 1 4 0 0 1 1 515 
537 11 1 0 10 1 4 0 0 10 0 517 
538 11 1 0 2 1 4 0 0 0 2 518 
539 11 1 0 52 1 4 0 0 52 0 550 
540 11 1 0 2 1 4 0 0 1 1 551 
541 11 1 0 2 1 4 0 1 1 0 557 
542 11 1 0 9 1 4 0 0 8 1 558 
543 11 0 1 0 16 19 18 19 16 28 15 19 -0.318169 11 623 624
544 11 0 1 0 3 27 19 17 1 17 19 17 -0 -2 625 626
545 12 1 0 9 1 4 0 0 0 9 4 
546 12 1 0 2 1 4 0 0 1 1 5 
547 12 1 0 7 1 4 0 5 0 2 7 
548 12 0 1 0 23 23 17 16 29 27 18 14 -0.0408163 -6 627 628
549 12 0 1 0 5 22 16 20 20 24 20 12 -0.209766 -3 629 630
550 12 0 1 0 8 29 15 17 23 9 20 17 -0.0243056 4 631 632
551 12 1 0 2 1 4 0 0 0 2 74 
552 12 0 1 0 26 7 16 12 24 5 18 14 -0.0178182 2 633 634
553 12 1 0 7 1 4 0 6 0 1 84 
554 12 0 1 0 11 14 20 16 0 33 12 20 -0.0416667 49 635 636
555 12 1 0 15 1 4 15 0 0 0 87 
556 12 1 0 2 1 4 0 2 0 0 88 
557 12 1 0 4 1 4 4 0 0 0 89 
558 12 0 1 0 17 18 20 17 20 4 18 15 -0.0408163 24 637 638
559 12 0 1 0 23 18 15 13 23 17 12 15 -0.0688148 -3 639 640
560 12 1 0 5 1 4 0 4 0 1 97 
561 12 0 1 0 18 28 14 18 4 5 18 13 -0 127 641 642
562 12 0 1 0 26 11 19 19 16 13 13 15 -0.0192308 -17 643 644
563 12 0 1 0 20 2 18 12 2 28 18 17 -0 -29 645 646
564 12 0 1 0 26 29 18 20 18 18 15 20 -0.0333333 -34 647 648
565 12 0 1 0 23 32 12 12 11 21 17 20 -0.0078125 31 649 650
566 12 1 0 2 1 4 1 1 0 0 164 
567 12 0 1 0 5 29 12 18 21 23 16 20 -0.0582208 -93 651 652
568 12 1 0 6 1 4 1 4 0 1 198 
569 12 0 1 0 5 32 13 14 0 3 17 18 -0.333333 49 653 654
570 12 0 1 0 13 28 14 15 25 31 15 13 -0.162699 -45 655 656
571 12 0 1 0 4 7 12 16 7 30 17 17 -0 -28 657 658
572 12 1 0 9 1 4 0 0 8 1 217 
573 12 1 0 2 1 4 1 1 0 0 230 
574 12 1 0 95 1 4 95 0 0 0 231 
575 12 1 0 11 1 4 0 11 0 0 235 
576 12 1 0 3 1 4 0 0 3 0 236 
577 12 1 0 2 1 4 1 1 0 0 239 
578 12 0 1 0 2 28 13 13 1 32 14 15 -0.00531915 -8 659 660
579 12 1 0 2 1 4 1 1 0 0 246 
580 12 1 0 8 1 4 0 8 0 0 247 
581 12 0 1 0 28 9 20 18 10 7 17 14 -0.04 7 661 662
582 12 0 1 0 13 7 14 17 2 4 16 14 -0.281871 -31 663 664
583 12 0 1 0 4 20 20 15 7 15 19 12 -0.028463 14 665 666
584 12 0 1 0 29 32 12 13 4 2 16 15 -0.0729167 42 667 668
585 12 1 0 3 1 4 0 3 0 0 304 
586 12 1 0 9 1 4 0 0 8 1 305 
587 12 0 1 0 12 15 12 18 5 19 14 15 -0.05 42 669 670
588 12 1 0 8 1 4 7 1 0 0 308 
589 12 0 1 0 17 31 14 14 11 31 12 12 -0.249974 -15 671 672
590 12 0 1 0 32 21 17 12 11 12 15 19 -0.107293 -6 673 674
591 12 0 1 0 2 22 14 13 0 0 17 18 -0.0238095 5 675 676
592 12 1 0 4 1 4 0 3 1 0 328 
593 12 1 0 6 1 4 0 0 0 6 329 
594 12 1 0 4 1 4 0 0 4 0 330 
595 12 0 1 0 11 23 20 18 2 27 19 16 -0.0393519 30 677 678
596 12 1 0 5 1 4 2 3 0 0 334 
597 12 1 0 25 1 4 0 0 25 0 337 
598 12 1 0 3 1 4 0 3 0 0 338 
599 12 0 1 0 17 4 19 19 12 9 15 17 -0.0504202 -12 679 680
600 12 0 1 0 23 6 14 14 15 26 12 18 -0.0692308 -100 681 682
601 12 1 0 2 1 4 0 0 1 1 350 
602 12 1 0 17 1 4 0 0 17 0 351 
603 12 1 0 7 1 4 5 0 2 0 353 
604 12 0 1 0 21 34 13 18 0 30 16 14 -0.0840688 76 683 684
605 12 1 0 12 1 4 0 0 0 12 407 
606 12 1 0 2 1 4 0 0 1 1 408 
607 12 1 0 3 1 4 0 0 1 2 410 
608 12 1 0 28 1 4 0 0 28 0 411 
609 12 1 0 2 1 4 1 1 0 0 416 
610 12 0 1 0 0 4 18 16 23 7 13 19 -0.0535714 -20 685 686
611 12 0 1 0 5 20 12 17 6 15 20 14 -0.133333 2 687 688
612 12 1 0 179 1 4 0 0 0 179 421 
613 12 1 0 3 1 4 0 0 3 0 427 
614 12 0 1 0 24 25 16 12 33 16 17 13 -0.0185185 16 689 690
615 12 1 0 4 1 4 2 2 0 0 431 
616 12 0 1 0 0 28 17 18 26 10 14 17 -0.103448 6 691 692
617 12 1 0 4 1 4 0 0 4 0 453 
618 12 1 0 16 1 4 0 16 0 0 454 
619 12 0 1 0 9 2 14 17 27 1 20 14 -0 -47 693 694
620 12 0 1 0 2 14 20 13 4 34 13 14 -0.0297483 -7 695 696
621 12 0 1 0 21 20 14 20 27 18 20 20 -0.20832 45 697 698
622 12 0 1 0 7 26 13 16 7 2 19 14 -0.208333 44 699 700
623 12 0 1 0 16 8 14 16 12 22 12 14 -0.253781 28 701 702
624 12 1 0 3 1 4 0 0 0 3 567 
625 12 1 0 2 1 4 0 0 2 0 568 
626 12 1 0 18 1 4 18 0 0 0 569 
627 13 1 0 2 1 4 2 0 0 0 8 
628 13 0 1 0 29 5 20 12 15 15 14 18 -0.0314421 3 703 704
629 13 0 1 0 28 25 20 15 23 9 18 20 -0.200469 -7 705 706
630 13 1 0 8 1 4 0 0 5 3 71 
631 13 1 0 8 1 4 1 7 0 0 72 
632 13 1 0 28 1 4 28 0 0 0 73 
633 13 0 1 0 30 0 15 17 19 17 19 19 -0.01 -100 707 708
634 13 1 0 5 1 4 0 5 0 0 77 
635 13 1 0 10 1 4 10 0 0 0 85 
636 13 1 0 2 1 4 1 1 0 0 86 
637 13 1 0 2 1 4 0 1 0 1 90 
638 13 1 0 47 1 4 0 47 0 0 91 
639 13 1 0 5 1 4 3 0 1 1 93 
640 13 0 1 0 12 15 16 14 13 29 15 16 -0.00645079 -36 709 710
641 13 1 0 12 1 4 12 0 0 0 117 
642 13 1 0 3 1 4 0 3 0 0 118 
643 13 1 0 24 1 4 0 24 0 0 119 
644 13 1 0 2 1 4 1 1 0 0 120 
645 13 1 0 5 1 4 0 5 0 0 137 
646 13 1 0 6 1 4 6 0 0 0 138 
647 13 1 0 2 1 4 0 1 0 1 139 
648 13 0 1 0 30 19 18 13 17 22 20 12 -0.0126388 18 711 712
649 13 1 0 2 1 4 0 1 1 0 162 
650 13 1 0 62 1 4 0 62 0 0 163 
651 13 1 0 3 1 4 0 2 0 1 171 
652 13 0 1 0 14 7 13 16 9 21 20 12 -0.055033 -18 713 714
653 13 0 1 0 30 4 16 12 10 2 20 20 -0.0555556 -2 715 716
654 13 0 1 0 23 31 12 20 26 31 16 20 -0.0512821 8 717 718
655 13 0 1 0 12 0 20 16 24 0 19 13 -0 -28 719 720
656 13 0 1 0 0 29 12 20 4 23 20 17 -0.138108 22 721 722
657 13 1 0 5 1 4 5 0 0 0 215 
658 13 1 0 8 1 4 0 8 0 0 216 
659 13 1 0 2 1 4 1 1 0 0 240 
660 13 1 0 92 1 4 0 92 0 0 241 
661 13 0 1 0 21 15 17 18 3 11 12 18 -0.0366304 58 723 724
662 13 1 0 4 1 4 4 0 0 0 265 
663 13 1 0 3 1 4 0 0 2 1 266 
664 13 0 1 0 11 24 20 18 5 8 16 20 -0.183997 43 725 726
665 13 1 0 3 1 4 0 0 0 3 298 
666 13 0 1 0 1 9 13 20 24 6 19 13 -0.016129 -56 727 728
667 13 1 0 4 1 4 0 0 4 0 301 
668 13 1 0 8 1 4 0 7 1 0 302 
669 13 1 0 8 1 4 0 8 0 0 306 
670 13 1 0 2 1 4 0 1 1 0 307 
671 13 1 0 4 1 4 0 0 1 3 309 
672 13 0 1 0 16 16 20 14 19 26 18 15 -0.189402 1 729 730
673 13 1 0 8 1 4 2 6 0 0 323 
674 13 0 1 0 3 27 18 19 2 32 15 12 -0 23 731 732
675 13 1 0 2 1 4 1 1 0 0 326 
676 13 1 0 19 1 4 19 0 0 0 327 
677 13 0 1 0 4 15 20 19 26 17 20 18 -0.0277778 22 733 734
678 13 1 0 6 1 4 0 6 0 0 333 
679 13 1 0 5 1 4 5 0 0 0 341 
680 13 0 1 0 22 28 15 15 9 15 17 20 -0.0192077 7 735 736
681 13 1 0 3 1 4 0 3 0 0 345 
682 13 0 1 0 24 17 17 13 23 27 19 14 -0.05 -42 737 738
683 13 0 1 0 4 26 13 18 23 12 13 16 -0.0754784 -26 739 740
684 13 0 1 0 12 3 20 14 30 13 17 13 -0.114286 -13 741 742
685 13 1 0 9 1 4 0 0 0 9 417 
686 13 1 0 7 1 4 0 1 6 0 418 
687 13 1 0 6 1 4 1 0 5 0 419 
688 13 1 0 19 1 4 0 0 0 19 420 
689 13 1 0 2 1 4 0 0 1 1 428 
690 13 1 0 25 1 4 0 0 0 25 429 
691 13 0 1 0 1 17 20 19 21 4 20 16 -0.105556 -9 743 744
692 13 0 1 0 16 6 15 16 2 23 14 16 -0.0876166 7 745 746
693 13 1 0 7 1 4 0 0 0 7 479 
694 13 1 0 3 1 4 3 0 0 0 480 
695 13 0 1 0 12 24 14 20 5 11 12 20 -0.0251934 -3 747 748
696 13 1 0 5 1 4 0 2 0 3 494 
697 13 0 1 0 11 7 13 12 1 26 19 13 -0.182407 33 749 750
698 13 1 0 2 1 4 2 0 0 0 510 
699 13 1 0 2 1 4 1 0 1 0 511 
700 13 0 1 0 3 16 18 14 7 23 14 17 -0 -40 751 752
701 13 0 1 0 4 15 18 13 32 17 13 13 -0.196015 -1 753 754
702 13 1 0 2 1 4 0 0 0 2 566 
703 14 0 1 0 8 17 15 20 13 29 13 18 -0.0111111 -30 755 756
704 14 1 0 2 1 4 0 1 1 0 11 
705 14 0 1 0 8 30 16 16 16 26 14 20 -0.0666667 -8 757 758
706 14 0 1 0 2 2 19 19 2 29 18 12 -0.183438 -2 759 760
707 14 1 0 2 1 4 1 1 0 0 75 
708 14 1 0 48 1 4 48 0 0 0 76 
709 14 1 0 2 1 4 0 2 0 0 94 
710 14 0 1 0 0 18 19 18 8 28 14 18 -0.00328947 -7 761 762
711 14 0 1 0 14 18 13 13 0 4 13 17 -0.00431034 12 763 764
712 14 1 0 2 1 4 0 1 1 0 142 
713 14 0 1 0 18 0 18 15 1 31 15 13 -0.262283 -23 765 766
714 14 0 1 0 13 34 12 20 7 34 12 20 -0.037848 27 767 768
715 14 1 0 14 1 4 0 14 0 0 199 
716 14 1 0 4 1 4 0 0 2 2 200 
717 14 0 1 0 12 15 17 13 11 8 14 15 -0.0384615 -9 769 770
718 14 1 0 5 1 4 0 5 0 0 203 
719 14 1 0 2 1 4 2 0 0 0 204 
720 14 1 0 10 1 4 0 10 0 0 205 
721 14 0 1 0 13 27 17 13 24 0 16 20 -0.114478 5 771 772
722 14 1 0 4 1 4 1 1 2 0 214 
723 14 0 1 0 29 4 19 18 25 28 17 14 -0.0319932 -21 773 774
724 14 1 0 3 1 4 0 1 1 1 264 
725 14 0 1 0 7 25 12 17 8 28 15 13 -0.124855 1 775 776
726 14 1 0 16 1 4 0 16 0 0 271 
727 14 1 0 2 1 4 0 0 1 1 299 
728 14 1 0 29 1 4 0 0 29 0 300 
729 14 0 1 0 26 12 16 15 27 9 14 12 -0.174719 -9 777 778
730 14 0 1 0 24 9 14 13 5 6 14 14 -0.0333333 36 779 780
731 14 1 0 21 1 4 0 0 21 0 324 
732 14 1 0 2 1 4 0 2 0 0 325 
733 14 1 0 16 1 4 0 0 16 0 331 
734 14 1 0 2 1 4 0 1 1 0 332 
735 14 1 0 2 1 4 0 0 2 0 342 
736 14 0 1 0 22 28 15 15 9 15 17 20 -0.0102041 95 781 782
737 14 1 0 2 1 4 0 0 1 1 346 
738 14 1 0 8 1 4 0 0 8 0 347 
739 14 1 0 2 1 4 2 0 0 0 354 
740 14 0 1 0 25 13 13 16 24 13 18 18 -0.0717241 5 783 784
741 14 1 0 17 1 4 0 0 0 17 399 
742 14 0 1 0 22 3 19 18 12 16 19 16 -0.0972222 0 785 786
743 14 1 0 9 1 4 0 0 8 1 432 
744 14 0 1 0 12 5 16 15 26 1 14 16 -0 -6 787 788
745 14 0 1 0 10 29 16 12 14 26 14 17 -0.076577 -24 789 790
746 14 1 0 4 1 4 1 3 0 0 452 
747 14 1 0 2 1 4 0 1 1 0 481 
748 14 0 1 0 20 25 20 12 26 15 16 15 -0.0234068 76 791 792
749 14 0 1 0 9 6 19 19 20 5 13 15 -0.146146 5 793 794
750 14 1 0 3 1 4 1 1 0 1 509 
751 14 1 0 2 1 4 0 0 0 2 512 
752 14 1 0 14 1 4 0 0 14 0 513 
753 14 0 1 0 17 3 14 18 5 19 16 18 -0 24 795 796
754 14 0 1 0 30 9 12 12 29 14 13 15 -0.092122 -5 797 798
755 15 1 0 43 1 4 0 43 0 0 9 
756 15 1 0 2 1 4 1 1 0 0 10 
757 15 1 0 3 1 4 2 1 0 0 17 
758 15 1 0 7 1 4 0 0 0 7 18 
759 15 0 1 0 19 22 14 18 21 24 17 15 -0.424731 -11 799 800
760 15 0 1 0 8 23 14 14 1 21 12 18 -0.147925 52 801 802
761 15 1 0 150 1 4 150 0 0 0 95 
762 15 1 0 2 1 4 1 1 0 0 96 
763 15 1 0 2 1 4 1 1 0 0 140 
764 15 1 0 114 1 4 0 114 0 0 141 
765 15 0 1 0 5 1 18 14 11 4 15 17 -0.0951613 -46 803 804
766 15 1 0 3 1 4 0 0 0 3 176 
767 15 0 1 0 8 22 17 17 5 24 18 16 -0.0297814 32 805 806
768 15 0 1 0 24 9 15 20 31 4 18 15 -0.166304 37 807 808
769 15 1 0 2 1 4 1 1 0 0 201 
770 15 1 0 11 1 4 11 0 0 0 202 
771 15 1 0 3 1 4 1 1 1 0 206 
772 15 0 1 0 11 10 20 18 7 31 16 19 -0.0965982 -33 809 810
773 15 0 1 0 30 18 15 16 24 12 16 12 -0.027279 -56 811 812
774 15 1 0 2 1 4 0 1 0 1 263 
775 15 0 1 0 32 28 18 15 20 21 18 16 -0.0504762 -36 813 814
776 15 1 0 6 1 4 0 5 1 0 270 
777 15 1 0 2 1 4 0 0 1 1 310 
778 15 0 1 0 15 15 18 12 32 31 12 13 -0.145938 -10 815 816
779 15 1 0 13 1 4 13 0 0 0 321 
780 15 1 0 2 1 4 1 1 0 0 322 
781 15 1 0 47 1 4 0 47 0 0 343 
782 15 1 0 2 1 4 0 1 1 0 344 
783 15 0 1 0 27 34 12 17 30 31 12 12 -0.0674689 -22 817 818
784 15 0 1 0 9 28 18 19 26 30 12 12 -0 -3 819 820
785 15 0 1 0 23 23 13 20 16 14 17 17 -0 13 821 822
786 15 1 0 2 1 4 0 2 0 0 402 
787 15 1 0 2 1 4 0 0 2 0 433 
788 15 1 0 14 1 4 0 0 0 14 434 
789 15 1 0 8 1 4 3 1 4 0 435 
790 15 0 1 0 29 12 19 12 13 2 20 14 -0.0572324 -7 823 824
791 15 0 1 0 27 27 18 20 28 10 20 14 -0.0198694 5 825 826
792 15 1 0 5 1 4 0 2 0 3 493 
793 15 0 1 0 21 19 12 17 24 1 20 14 -0.0346267 -9 827 828
794 15 0 1 0 27 28 13 13 24 11 19 13 -0.453869 -10 829 830
795 15 1 0 11 1 4 11 0 0 0 559 
796 15 1 0 5 1 4 0 5 0 0 560 
797 15 1 0 5 1 4 0 1 1 3 561 
798 15 0 1 0 11 30 17 18 21 13 12 17 -0.0321386 10 831 832
799 16 1 0 8 1 4 0 3 0 5 19 
800 16 0 1 0 15 21 19 18 15 34 12 15 -0.234687 -17 833 834
801 16 0 1 0 11 11 14 14 13 29 17 16 -0.140312 -56 835 836
802 16 1 0 3 1 4 0 0 0 3 70 
803 16 1 0 2 1 4 0 0 1 1 172 
804 16 0 1 0 12 32 15 19 21 34 12 13 -0.0321429 -10 837 838
805 16 0 1 0 3 0 20 17 12 10 12 13 -0.0258981 5 839 840
806 16 1 0 2 1 4 1 0 0 1 193 
807 16 0 1 0 24 19 17 14 4 10 19 12 -0.2875 42 841 842
808 16 0 1 0 32 15 16 15 25 19 18 16 -0.0208333 -71 843 844
809 16 0 1 0 3 13 16 19 4 29 13 20 -0.128788 -35 845 846
810 16 0 1 0 15 21 20 14 15 34 12 12 -0.0259823 -21 847 848
811 16 1 0 2 1 4 0 1 0 1 250 
812 16 0 1 0 10 15 12 17 6 9 12 19 -0.0228615 75 849 850
813 16 1 0 5 1 4 1 4 0 0 267 
814 16 0 1 0 35 33 13 12 21 31 13 20 -0.0166667 -58 851 852
815 16 1 0 5 1 4 5 0 0 0 311 
816 16 0 1 0 27 24 17 12 20 27 18 17 -0.127031 -1 853 854
817 16 1 0 9 1 4 0 0 2 7 355 
818 16 0 1 0 18 18 19 15 24 26 14 18 -0.0631766 18 855 856
819 16 1 0 6 1 4 0 0 6 0 397 
820 16 1 0 11 1 4 0 0 0 11 398 
821 16 1 0 2 1 4 0 0 0 2 400 
822 16 1 0 14 1 4 0 0 14 0 401 
823 16 0 1 0 19 26 20 15 16 32 12 17 -0 -5 857 858
824 16 0 1 0 3 27 19 13 16 13 19 14 -0.045262 -24 859 860
825 16 0 1 0 33 17 19 12 28 32 14 15 -0.00808056 -39 861 862
826 16 0 1 0 16 6 16 12 14 33 13 15 -0.232916 -61 863 864
827 16 1 0 2 1 4 1 0 0 1 503 
828 16 0 1 0 28 2 12 17 34 9 13 13 -0.00823045 31 865 866
829 16 1 0 4 1 4 3 0 0 1 506 
830 16 0 1 0 6 23 16 20 32 24 15 13 -0.03125 17 867 868
831 16 1 0 3 1 4 3 0 0 0 562 
832 16 0 1 0 13 13 18 18 2 21 19 19 -0.0257937 -7 869 870
833 17 1 0 2 1 4 0 1 0 1 20 
834 17 0 1 0 27 27 20 20 30 29 15 12 -0.101309 -17 871 872
835 17 1 0 3 1 4 0 0 0 3 25 
836 17 0 1 0 18 7 17 12 23 31 12 13 -0.133518 9 873 874
837 17 1 0 4 1 4 0 4 0 0 173 
838 17 0 1 0 11 28 17 16 3 32 13 19 -0.0119048 -9 875 876
839 17 0 1 0 1 15 17 12 0 0 15 14 -0.0230907 94 877 878
840 17 1 0 2 1 4 1 0 0 1 192 
841 17 1 0 2 1 4 0 1 0 1 194 
842 17 1 0 8 1 4 1 7 0 0 195 
843 17 1 0 4 1 4 1 3 0 0 196 
844 17 1 0 32 1 4 32 0 0 0 197 
845 17 0 1 0 18 0 20 19 11 6 13 12 -0 1 879 880
846 17 1 0 2 1 4 0 0 1 1 209 
847 17 0 1 0 5 19 20 15 3 33 14 20 -0 -31 881 882
848 17 0 1 0 29 33 12 18 29 33 14 12 -0.00736196 -26 883 884
849 17 0 1 0 21 20 18 17 21 18 12 12 -0.0202324 -22 885 886
850 17 1 0 5 1 4 3 2 0 0 262 
851 17 1 0 2 1 4 1 1 0 0 268 
852 17 1 0 28 1 4 28 0 0 0 269 
853 17 0 1 0 13 8 16 18 17 25 18 18 -0.106365 -19 887 888
854 17 1 0 4 1 4 0 0 4 0 320 
855 17 0 1 0 29 1 20 13 33 28 17 12 -0.0604304 -2 889 890
856 17 1 0 2 1 4 2 0 0 0 396 
857 17 1 0 8 1 4 0 8 0 0 436 
858 17 1 0 5 1 4 0 0 5 0 437 
859 17 1 0 5 1 4 0 0 0 5 438 
860 17 0 1 0 13 14 19 13 23 8 18 16 -0.0390927 -9 891 892
861 17 1 0 7 1 4 0 1 0 6 482 
862 17 0 1 0 27 29 14 15 28 26 20 13 -0.00621317 4 893 894
863 17 0 1 0 6 15 12 14 18 22 17 15 -0.00892857 -16 895 896
864 17 0 1 0 22 29 14 17 30 24 16 17 -0.21131 39 897 898
865 17 1 0 241 1 4 0 0 0 241 504 
866 17 1 0 2 1 4 0 1 0 1 505 
867 17 1 0 20 1 4 0 0 0 20 507 
868 17 1 0 4 1 4 0 1 3 0 508 
869 17 1 0 6 1 4 2 4 0 0 563 
870 17 0 1 0 14 4 20 18 24 26 18 16 -0.00595238 -20 899 900
871 18 1 0 5 1 4 0 4 1 0 21 
872 18 0 1 0 13 4 17 18 13 6 14 16 -0.0207818 -3 901 902
873 18 0 1 0 27 26 12 13 20 4 13 16 -0.121416 -8 903 904
874 18 0 1 0 30 6 20 17 29 21 12 12 -0.0453307 -12 905 906
875 18 1 0 3 1 4 1 2 0 0 174 
876 18 1 0 53 1 4 53 0 0 0 175 
877 18 0 1 0 28 32 13 19 33 34 12 14 -0.0212438 11 907 908
878 18 1 0 2 1 4 1 0 1 0 191 
879 18 1 0 3 1 4 0 3 0 0 207 
880 18 1 0 19 1 4 19 0 0 0 208 
881 18 1 0 7 1 4 7 0 0 0 210 
882 18 1 0 4 1 4 0 4 0 0 211 
883 18 1 0 5 1 4 3 2 0 0 212 
884 18 1 0 158 1 4 158 0 0 0 213 
885 18 1 0 8 1 4 3 5 0 0 251 
886 18 0 1 0 30 18 15 14 14 23 13 16 -0.0169477 -139 909 910
887 18 0 1 0 31 30 15 16 27 31 14 19 -0.0915571 -8 911 912
888 18 1 0 4 1 4 4 0 0 0 319 
889 18 0 1 0 21 12 16 18 30 29 15 14 -0.0547949 -4 913 914
890 18 0 1 0 15 34 12 14 8 33 13 12 -0 20 915 916
891 18 1 0 4 1 4 0 0 0 4 439 
892 18 0 1 0 20 28 13 16 18 18 20 18 -0.0339546 69 917 918
893 18 0 1 0 5 7 18 14 9 1 15 17 -0.00217963 10 919 920
894 18 0 1 0 28 9 15 14 0 10 13 12 -0.0578313 10 921 922
895 18 1 0 54 1 4 0 0 0 54 488 
896 18 1 0 2 1 4 0 0 1 1 489 
897 18 0 1 0 23 13 20 19 26 18 20 18 -0.03125 2 923 924
898 18 1 0 5 1 4 0 5 0 0 492 
899 18 1 0 2 1 4 0 1 1 0 564 
900 18 1 0 82 1 4 0 82 0 0 565 
901 19 1 0 4 1 4 0 4 0 0 22 
902 19 0 1 0 16 9 19 19 9 10 17 19 -0.0116279 36 925 926
903 19 1 0 9 1 4 0 4 0 5 26 
904 19 0 1 0 19 25 13 20 21 22 16 16 -0.110648 -20 927 928
905 19 0 1 0 16 0 19 18 2 23 13 20 -0.0263158 17 929 930
906 19 0 1 0 13 33 14 14 17 15 12 19 -0.0217391 26 931 932
907 19 0 1 0 23 27 12 13 22 25 16 15 -0.0139781 -12 933 934
908 19 0 1 0 4 31 13 15 4 24 14 15 -0.130191 21 935 936
909 19 1 0 4 1 4 2 2 0 0 252 
910 19 0 1 0 24 28 18 14 21 10 16 17 -0.0145971 22 937 938
911 19 0 1 0 16 18 13 15 9 23 16 20 -0.0580341 25 939 940
912 19 1 0 6 1 4 5 0 1 0 318 
913 19 0 1 0 28 14 17 18 12 4 18 17 -0.0518694 -12 941 942
914 19 1 0 2 1 4 2 0 0 0 393 
915 19 1 0 8 1 4 0 0 8 0 394 
916 19 1 0 11 1 4 0 11 0 0 395 
917 19 0 1 0 2 27 15 13 18 17 14 15 -0.0301335 -47 943 944
918 19 1 0 3 1 4 0 3 0 0 451 
919 19 1 0 1716 1 4 0 0 0 1716 483 
920 19 0 1 0 15 0 19 12 5 29 17 14 -0.029703 -46 945 946
921 19 1 0 5 1 4 0 2 0 3 486 
922 19 1 0 78 1 4 0 0 0 78 487 
923 19 1 0 2 1 4 0 1 1 0 490 
924 19 1 0 14 1 4 0 0 0 14 491 
925 20 1 0 41 1 4 41 0 0 0 23 
926 20 1 0 2 1 4 1 1 0 0 24 
927 20 1 0 2 1 4 0 0 0 2 27 
928 20 0 1 0 9 27 17 20 19 31 15 14 -0.107729 -8 947 948
929 20 1 0 2 1 4 0 1 1 0 66 
930 20 1 0 17 1 4 0 17 0 0 67 
931 20 1 0 21 1 4 21 0 0 0 68 
932 20 1 0 2 1 4 1 1 0 0 69 
933 20 1 0 2 1 4 1 0 0 1 177 
934 20 0 1 0 1 28 17 20 3 29 12 18 -0.0106632 25 949 950
935 20 1 0 6 1 4 0 5 0 1 188 
936 20 0 1 0 26 29 13 16 26 1 12 19 -0.0185185 78 951 952
937 20 1 0 4 1 4 0 3 0 1 253 
938 20 0 1 0 34 32 13 12 32 30 15 12 -0.00935895 2 953 954
939 20 0 1 0 21 28 19 14 16 27 12 17 -0.0430951 33 955 956
940 20 1 0 4 1 4 3 1 0 0 317 
941 20 0 1 0 7 25 18 15 1 23 19 20 -0.206612 8 957 958
942 20 0 1 0 19 5 14 12 10 12 12 14 -0.04341 36 959 960
943 20 0 1 0 34 6 15 13 16 1 18 18 -0 -2 961 962
944 20 0 1 0 27 10 14 13 16 13 16 19 -0.0224133 11 963 964
945 20 1 0 97 1 4 0 0 0 97 484 
946 20 1 0 4 1 4 0 1 0 3 485 
947 21 0 1 0 11 30 12 15 11 27 19 16 -0.102591 10 965 966
948 21 1 0 2 1 4 0 0 1 1 65 
949 21 0 1 0 16 4 19 16 0 27 16 20 -0.00989016 -37 967 968
950 21 1 0 3 1 4 0 3 0 0 187 
951 21 1 0 25 1 4 25 0 0 0 189 
952 21 1 0 2 1 4 1 1 0 0 190 
953 21 0 1 0 28 24 15 18 19 28 13 16 -0.00549732 -11 969 970
954 21 1 0 3 1 4 0 2 0 1 261 
955 21 0 1 0 5 20 14 14 0 20 13 19 -0.0344976 9 971 972
956 21 1 0 2 1 4 0 0 2 0 316 
957 21 0 1 0 1 30 14 13 22 16 19 14 -0.0795455 30 973 974
958 21 0 1 0 4 27 15 13 0 9 15 19 -0.0454545 116 975 976
959 21 0 1 0 34 27 17 13 5 22 12 17 -0.0407631 -54 977 978
960 21 1 0 2 1 4 1 1 0 0 392 
961 21 1 0 5 1 4 0 0 5 0 440 
962 21 1 0 5 1 4 0 0 0 5 441 
963 21 0 1 0 2 25 18 14 9 12 16 12 -0.0175902 -2 979 980
964 21 1 0 4 1 4 0 0 1 3 450 
965 22 0 1 0 33 31 14 14 26 28 18 17 -0.0967244 -6 981 982
966 22 1 0 5 1 4 0 2 0 3 64 
967 22 1 0 5 1 4 3 1 1 0 178 
968 22 0 1 0 10 0 20 20 9 4 13 20 -0.00798837 10 983 984
969 22 0 1 0 17 25 17 13 8 6 14 14 -0.00429139 -1 985 986
970 22 1 0 2 1 4 0 1 1 0 260 
971 22 0 1 0 30 14 18 17 31 15 13 15 -0.00378788 -2 987 988
972 22 0 1 0 9 5 12 17 31 3 13 14 -0.0408163 2 989 990
973 22 1 0 3 1 4 3 0 0 0 356 
974 22 1 0 8 1 4 0 7 1 0 357 
975 22 1 0 9 1 4 0 0 9 0 358 
976 22 1 0 2 1 4 0 0 1 1 359 
977 22 1 0 5 1 4 0 5 0 0 360 
978 22 0 1 0 24 28 13 17 26 29 17 15 -0.0393101 -35 991 992
979 22 1 0 2 1 4 0 2 0 0 442 
980 22 0 1 0 32 33 14 15 21 32 14 18 -0.0141705 -63 993 994
981 23 0 1 0 2 6 16 17 4 8 12 19 -0.0875382 2 995 996
982 23 0 1 0 14 29 18 12 27 27 12 14 -0.0775662 -9 997 998
983 23 0 1 0 16 15 16 16 14 20 16 14 -0.0040338 41 999 1000
984 23 1 0 8 1 4 7 0 0 1 186 
985 23 1 0 2 1 4 1 1 0 0 254 
986 23 0 1 0 22 14 12 13 25 31 16 12 -0.00324922 -27 1001 1002
987 23 1 0 2 1 4 0 1 1 0 312 
988 23 1 0 130 1 4 0 130 0 0 313 
989 23 1 0 7 1 4 0 1 6 0 314 
990 23 1 0 14 1 4 0 14 0 0 315 
991 23 1 0 5 1 4 0 4 1 0 361 
992 23 0 1 0 21 20 16 13 15 22 12 19 -0.0374864 18 1003 1004
993 23 1 0 2 1 4 0 0 0 2 443 
994 23 0 1 0 18 20 13 13 13 23 12 20 -0.0118958 16 1005 1006
995 24 0 1 0 28 13 20 17 31 30 14 12 -0.0805485 3 1007 1008
996 24 1 0 5 1 4 0 3 0 2 55 
997 24 0 1 0 14 9 16 12 21 19 20 20 -0.038559 11 1009 1010
998 24 0 1 0 31 10 20 13 23 6 15 16 -0.0290404 -12 1011 1012
999 24 0 1 0 21 0 16 13 0 30 13 17 -0.00333888 72 1013 1014
1000 24 1 0 4 1 4 2 2 0 0 185 
1001 24 0 1 0 13 23 12 16 12 17 14 14 -0.00116071 35 1015 1016
1002 24 0 1 0 23 7 20 19 20 6 20 20 -0 -3 1017 1018
1003 24 0 1 0 32 8 14 15 8 29 12 17 -0.0351841 -175 1019 1020
1004 24 1 0 8 1 4 0 5 3 0 391 
1005 24 0 1 0 2 31 16 12 14 1 12 17 -0.00899593 9 1021 1022
1006 24 1 0 3 1 4 0 0 1 2 449 
1007 25 0 1 0 22 16 12 13 25 29 16 14 -0.0665316 6 1023 1024
1008 25 1 0 8 1 4 2 2 0 4 54 
1009 25 0 1 0 22 20 13 19 6 13 19 15 -0.00636863 -2 1025 1026
1010 25 0 1 0 17 24 19 13 22 30 17 19 -0 -21 1027 1028
1011 25 0 1 0 20 3 14 18 16 5 15 17 -0.0208333 -34 1029 1030
1012 25 1 0 9 1 4 0 9 0 0 63 
1013 25 0 1 0 30 28 15 12 28 27 15 18 -0.00253828 20 1031 1032
1014 25 1 0 7 1 4 5 2 0 0 184 
1015 25 1 0 786 1 4 0 786 0 0 255 
1016 25 0 1 0 17 0 14 14 25 29 17 12 -0.0357143 -72 1033 1034
1017 25 1 0 9 1 4 0 9 0 0 258 
1018 25 1 0 2 1 4 2 0 0 0 259 
1019 25 1 0 3 1 4 0 3 0 0 362 
1020 25 0 1 0 2 25 16 12 28 12 13 12 -0.033455 -13 1035 1036
1021 25 1 0 4 1 4 0 0 2 2 444 
1022 25 0 1 0 2 5 20 14 5 11 20 13 -0.00632233 4 1037 1038
1023 26 0 1 0 17 2 18 16 25 25 19 17 -0.0598212 6 1039 1040
1024 26 0 1 0 1 25 20 17 27 22 13 16 -0.10084 -33 1041 1042
1025 26 1 0 2 1 4 0 0 2 0 56 
1026 26 0 1 0 22 24 12 17 18 19 18 15 -0.004329 -8 1043 1044
1027 26 1 0 9 1 4 0 9 0 0 59 
1028 26 1 0 6 1 4 6 0 0 0 60 
1029 26 1 0 2 1 4 1 1 0 0 61 
1030 26 1 0 22 1 4 22 0 0 0 62 
1031 26 0 1 0 16 2 13 13 0 29 15 13 -0.000767483 92 1045 1046
1032 26 0 1 0 23 7 13 20 24 16 14 13 -0 -43 1047 1048
1033 26 1 0 12 1 4 0 12 0 0 256 
1034 26 1 0 2 1 4 1 1 0 0 257 
1035 26 0 1 0 2 24 12 18 26 20 14 19 -0 -28 1049 1050
1036 26 0 1 0 15 9 16 20 12 12 18 18 -0.0306692 9 1051 1052
1037 26 0 1 0 27 26 12 13 8 25 15 16 -0.00454041 82 1053 1054
1038 26 1 0 2 1 4 0 1 1 0 448 
1039 27 0 1 0 13 29 13 19 19 30 17 12 -0.05405 0 1055 1056
1040 27 1 0 6 1 4 0 4 0 2 50 
1041 27 1 0 18 1 4 0 18 0 0 51 
1042 27 0 1 0 26 23 16 20 25 16 20 12 -0 -15 1057 1058
1043 27 1 0 3 1 4 1 2 0 0 57 
1044 27 1 0 151 1 4 0 151 0 0 58 
1045 27 0 1 0 27 12 20 14 23 12 16 19 -0.000395361 7 1059 1060
1046 27 1 0 3 1 4 2 1 0 0 181 
1047 27 1 0 4 1 4 0 4 0 0 182 
1048 27 1 0 38 1 4 38 0 0 0 183 
1049 27 1 0 8 1 4 0 0 8 0 363 
1050 27 1 0 7 1 4 0 0 0 7 364 
1051 27 0 1 0 12 13 18 14 19 21 16 20 -0.0283015 18 1061 1062
1052 27 1 0 4 1 4 1 1 2 0 390 
1053 27 0 1 0 0 3 16 20 4 7 15 18 -0.00243754 3 1063 1064
1054 27 1 0 2 1 4 0 0 1 1 447 
1055 28 0 1 0 26 24 18 15 24 26 13 17 -0.0508433 20 1065 1066
1056 28 1 0 2 1 4 0 1 0 1 49 
1057 28 1 0 12 1 4 12 0 0 0 52 
1058 28 1 0 5 1 4 0 5 0 0 53 
1059 28 1 0 2161 1 4 2161 0 0 0 179 
1060 28 1 0 7 1 4 6 1 0 0 180 
1061 28 0 1 0 16 17 18 13 13 22 19 13 -0.0272047 7 1067 1068
1062 28 1 0 2 1 4 0 2 0 0 389 
1063 28 1 0 541 1 4 0 0 541 0 445 
1064 28 1 0 6 1 4 0 0 4 2 446 
1065 29 0 1 0 9 6 20 12 5 28 15 14 -0.0492968 -13 1069 1070
1066 29 1 0 2 1 4 0 0 2 0 48 
1067 29 0 1 0 25 33 14 19 25 34 12 12 -0.0255178 -26 1071 1072
1068 29 1 0 4 1 4 0 3 1 0 388 
1069 30 1 0 2 1 4 0 1 0 1 28 
1070 30 0 1 0 25 10 19 13 29 26 18 15 -0.0463596 -1 1073 1074
1071 30 0 1 0 9 3 15 18 16 6 16 15 -0.0901823 4 1075 1076
1072 30 0 1 0 30 23 16 17 15 11 14 15 -0.0196362 0 1077 1078
1073 31 0 1 0 11 20 17 16 21 25 18 15 -0.0212797 21 1079 1080
1074 31 0 1 0 11 26 18 18 6 28 16 19 -0.220377 22 1081 1082
1075 31 0 1 0 13 2 20 20 10 1 18 16 -0.0675926 0 1083 1084
1076 31 0 1 0 2 26 14 20 10 23 13 18 -0.0454545 20 1085 1086
1077 31 1 0 2 1 4 1 0 1 0 370 
1078 31 0 1 0 12 5 12 12 34 28 15 13 -0.0177729 -1 1087 1088
1079 32 0 1 0 13 31 16 16 14 29 17 17 -0.0188324 6 1089 1090
1080 32 1 0 3 1 4 2 1 0 0 41 
1081 32 0 1 0 20 29 18 16 24 2 16 16 -0.310923 61 1091 1092
1082 32 1 0 83 1 4 0 83 0 0 47 
1083 32 1 0 5 1 4 0 2 3 0 365 
1084 32 0 1 0 19 33 14 15 22 22 13 14 -0.0185185 5 1093 1094
1085 32 1 0 9 1 4 0 9 0 0 368 
1086 32 1 0 2 1 4 0 1 1 0 369 
1087 32 0 1 0 1 23 17 15 9 16 12 18 -0.0166557 -16 1095 1096
1088 32 1 0 6 1 4 0 0 3 3 387 
1089 33 0 1 0 22 8 19 14 25 20 19 12 -0.0164274 -7 1097 1098
1090 33 1 0 2 1 4 0 1 0 1 40 
1091 33 0 1 0 20 13 17 14 28 21 13 14 -0.0899316 44 1099 1100
1092 33 0 1 0 1 21 20 16 19 7 19 15 -0 -31 1101 1102
1093 33 1 0 2 1 4 0 0 1 1 366 
1094 33 1 0 25 1 4 0 0 25 0 367 
1095 33 1 0 6 1 4 0 0 4 2 371 
1096 33 0 1 0 23 10 19 16 13 4 20 12 -0.0156155 -5 1103 1104
1097 34 0 1 0 2 27 19 19 13 0 19 18 -0.0130579 23 1105 1106
1098 34 0 1 0 8 13 18 16 10 26 12 18 -0.0342857 -6 1107 1108
1099 34 0 1 0 16 27 19 12 7 32 14 16 -0.016129 41 1109 1110
1100 34 1 0 2 1 4 0 1 0 1 44 
1101 34 1 0 7 1 4 0 0 0 7 45 
1102 34 1 0 3 1 4 0 3 0 0 46 
1103 34 0 1 0 9 32 13 18 9 30 13 12 -0.0617516 12 1111 1112
1104 34 0 1 0 18 16 20 14 15 21 13 18 -0.0104287 10 1113 1114
1105 35 0 1 0 5 26 13 15 3 14 12 19 -0.0122892 11 1115 1116
1106 35 1 0 2 1 4 1 1 0 0 36 
1107 35 1 0 3 1 4 3 0 0 0 37 
1108 35 0 1 0 22 26 19 20 20 19 12 13 -0.02 -8 1117 1118
1109 35 1 0 29 1 4 0 29 0 0 42 
1110 35 1 0 2 1 4 1 1 0 0 43 
1111 35 0 1 0 23 14 15 12 33 20 19 13 -0.0403529 -6 1119 1120
1112 35 1 0 5 1 4 0 5 0 0 375 
1113 35 0 1 0 9 10 12 16 8 12 14 12 -0.00867743 8 1121 1122
1114 35 1 0 3 1 4 1 0 2 0 386 
1115 36 0 1 0 19 33 14 18 13 27 15 20 -0.00873595 3 1123 1124
1116 36 0 1 0 16 10 15 15 10 9 16 17 -0.166667 21 1125 1126
1117 36 1 0 2 1 4 1 1 0 0 38 
1118 36 1 0 23 1 4 0 23 0 0 39 
1119 36 0 1 0 24 30 17 14 17 27 12 18 -0.00694444 45 1127 1128
1120 36 1 0 2 1 4 1 0 1 0 374 
1121 36 0 1 0 11 22 16 12 21 15 15 13 -0.00381978 -11 1129 1130
1122 36 0 1 0 33 2 12 14 25 29 15 18 -0.0743863 -67 1131 1132
1123 37 0 1 0 22 8 13 19 0 1 12 13 -0.0454545 16 1133 1134
1124 37 0 1 0 3 20 18 14 1 26 15 17 -0.00782925 -1 1135 1136
1125 37 1 0 10 1 4 0 10 0 0 34 
1126 37 1 0 2 1 4 0 1 0 1 35 
1127 37 1 0 70 1 4 0 0 70 0 372 
1128 37 1 0 2 1 4 0 1 1 0 373 
1129 37 0 1 0 18 33 13 16 3 33 12 15 -0 46 1137 1138
1130 37 0 1 0 17 8 18 14 28 16 19 19 -0.0028499 7 1139 1140
1131 37 0 1 0 1 18 20 14 25 1 14 20 -0.0108696 97 1141 1142
1132 37 1 0 3 1 4 2 0 1 0 385 
1133 38 1 0 9 1 4 0 9 0 0 29 
1134 38 1 0 2 1 4 1 1 0 0 30 
1135 38 0 1 0 0 20 20 14 4 30 15 12 -0.0434783 0 1143 1144
1136 38 1 0 869 1 4 0 869 0 0 33 
1137 38 1 0 9 1 4 0 0 9 0 376 
1138 38 1 0 2 1 4 0 0 0 2 377 
1139 38 0 1 0 30 23 15 15 32 0 16 15 -0.000561226 -6 1145 1146
1140 38 0 1 0 31 34 12 14 7 5 17 17 -0.0416667 57 1147 1148
1141 38 1 0 44 1 4 0 0 44 0 383 
1142 38 1 0 2 1 4 0 1 1 0 384 
1143 39 1 0 130 1 4 0 130 0 0 31 
1144 39 1 0 8 1 4 0 6 0 2 32 
1145 39 0 1 0 17 19 20 12 23 29 15 14 -0.0294118 -28 1149 1150
1146 39 1 0 1660 1 4 0 0 1660 0 380 
1147 39 1 0 2 1 4 1 0 1 0 381 
1148 39 1 0 46 1 4 0 0 46 0 382 
1149 40 1 0 2 1 4 0 1 1 0 378 
1150 40 1 0 15 1 4 0 0 15 0 379 
