-2147483648 -2147483648 data/trees_headpose/tree_014.txt
100 10 5000 30 30000 1 48 1 data/trees_headpose ./data/Cropped_HBO_Data_4view.txt
1 0
0 0 0 1 0 30 7 19 12 28 34 12 19 -0.978807 -12 1 2
1 1 0 1 0 14 11 13 13 8 19 13 18 -0.689562 9 3 4
2 1 0 1 0 11 31 16 13 16 7 19 20 -0.833716 8 5 6
3 2 0 1 0 2 23 14 18 2 20 12 19 -0.592697 -3 7 8
4 2 0 1 0 0 32 13 14 6 23 17 13 -0.495961 1 9 10
5 2 0 1 0 18 11 17 13 11 31 15 17 -1.355 10 11 12
6 2 0 1 0 32 32 14 12 24 12 19 17 -0.588894 -4 13 14
7 3 0 1 0 25 27 19 12 18 12 18 14 -0.208603 3 15 16
8 3 0 1 0 17 8 14 12 12 10 17 14 -0.61067 19 17 18
9 3 0 1 0 24 34 12 20 8 31 14 15 -0.624239 -26 19 20
10 3 0 1 0 32 35 12 15 24 25 18 18 -0.210111 -9 21 22
11 3 0 1 0 23 20 12 20 27 25 12 19 -1.07225 18 23 24
12 3 0 1 0 30 32 14 14 28 15 17 19 -1.1576 -23 25 26
13 3 0 1 0 1 18 16 12 4 16 16 17 -0.46807 12 27 28
14 3 0 1 0 8 12 13 20 8 4 15 18 -0.800485 2 29 30
15 4 0 1 0 19 2 13 16 34 31 16 13 -0.285318 -10 31 32
16 4 0 1 0 12 14 15 12 19 25 13 18 -0.157121 -77 33 34
17 4 0 1 0 7 34 12 18 10 13 17 13 -0.492418 36 35 36
18 4 0 1 0 0 28 18 15 12 30 12 13 -0.761232 -50 37 38
19 4 0 1 0 5 11 13 12 4 23 14 19 -0.801507 -10 39 40
20 4 0 1 0 1 31 16 12 33 13 16 12 -0.502262 16 41 42
21 4 0 1 0 13 26 14 17 12 28 18 12 -0.421911 -20 43 44
22 4 0 1 0 18 25 13 19 29 26 20 13 -0.121559 -23 45 46
23 4 0 1 0 12 7 17 16 2 0 18 15 -0.771076 14 47 48
24 4 0 1 0 12 2 15 19 9 29 16 19 -0.538655 -14 49 50
25 4 0 1 0 5 27 19 15 12 14 17 19 -0.440646 -65 51 52
26 4 0 1 0 9 18 20 19 17 27 19 15 -0.878043 -57 53 54
27 4 0 1 0 3 27 16 12 1 28 18 13 -0.403204 -9 55 56
28 4 0 1 0 28 24 13 18 28 11 19 18 -0.304592 -5 57 58
29 4 0 1 0 28 3 13 17 26 12 17 13 -0.292621 1 59 60
30 4 0 1 0 16 25 12 20 3 33 13 20 -0.788934 -35 61 62
31 5 0 1 0 17 13 16 20 17 21 14 20 -0.071542 -21 63 64
32 5 0 1 0 21 4 15 16 26 4 17 12 -0.382324 -3 65 66
33 5 1 0 5 1 4 0 0 0 5 10 
34 5 0 1 0 33 17 20 13 13 12 20 19 -0.147307 26 67 68
35 5 0 1 0 33 28 12 12 20 8 15 18 -0.669434 -33 69 70
36 5 0 1 0 25 24 17 20 28 31 16 16 -0.372205 7 71 72
37 5 0 1 0 27 3 14 20 1 11 17 15 -0.802417 6 73 74
38 5 0 1 0 9 10 20 18 10 15 20 14 -0.366204 -16 75 76
39 5 0 1 0 19 12 12 12 26 28 14 16 -0.589404 45 77 78
40 5 0 1 0 2 30 17 16 19 24 19 18 -0.190476 2 79 80
41 5 0 1 0 12 27 15 20 12 29 14 16 -0.412687 -7 81 82
42 5 0 1 0 27 27 13 12 33 32 13 14 -0.46308 28 83 84
43 5 1 0 12 1 4 0 0 0 12 386 
44 5 0 1 0 30 18 20 15 10 1 15 15 -0.341165 91 85 86
45 5 0 1 0 28 25 17 14 34 21 18 13 -0.329178 18 87 88
46 5 0 1 0 10 34 12 12 17 21 17 13 -0.0880657 44 89 90
47 5 0 1 0 15 25 16 16 16 14 18 17 -0.458233 -10 91 92
48 5 0 1 0 13 24 17 20 31 16 12 15 -0.356957 49 93 94
49 5 0 1 0 3 12 20 15 0 29 12 19 -0.180952 -35 95 96
50 5 1 0 5 1 4 3 2 0 0 459 
51 5 1 0 12 1 4 12 0 0 0 460 
52 5 0 1 0 17 10 20 15 20 6 19 15 -0.0355556 -12 97 98
53 5 0 1 0 27 22 19 13 1 4 14 14 -0.0666667 117 99 100
54 5 0 1 0 13 20 20 19 18 23 15 15 -0.72735 -2 101 102
55 5 0 1 0 24 28 14 17 20 33 13 19 -1.11411 -10 103 104
56 5 0 1 0 5 24 19 17 6 19 13 16 -0.320394 -3 105 106
57 5 0 1 0 12 4 20 20 15 0 12 18 -0.0666667 1 107 108
58 5 0 1 0 5 0 15 17 20 13 14 12 -0.299145 -6 109 110
59 5 0 1 0 29 31 16 13 21 29 18 15 -0.140047 -9 111 112
60 5 0 1 0 7 35 12 12 12 32 13 17 -0.152735 -2 113 114
61 5 0 1 0 1 1 18 15 20 2 17 12 -0.235466 1 115 116
62 5 0 1 0 19 14 14 14 16 10 13 20 -0.581159 20 117 118
63 6 1 0 6 1 4 1 2 2 1 0 
64 6 0 1 0 0 29 17 18 14 6 15 13 -0.0157398 -74 119 120
65 6 1 0 4 1 4 0 1 0 3 4 
66 6 0 1 0 16 6 20 17 16 31 12 20 -0.230334 -17 121 122
67 6 0 1 0 1 21 19 20 5 26 17 14 -0.133913 -9 123 124
68 6 0 1 0 18 23 15 18 24 20 17 13 -0.15 -4 125 126
69 6 0 1 0 18 26 12 20 26 20 20 18 -0.269059 26 127 128
70 6 0 1 0 15 14 20 15 28 18 20 15 -0.564942 9 129 130
71 6 0 1 0 17 16 19 13 14 27 18 12 -0.347657 -1 131 132
72 6 0 1 0 19 7 13 20 12 3 15 16 -0.0556774 -12 133 134
73 6 0 1 0 16 31 15 18 25 35 12 15 -0 4 135 136
74 6 0 1 0 5 16 16 14 27 6 16 12 -0.280863 -83 137 138
75 6 0 1 0 21 8 15 17 24 16 13 19 -0.533333 30 139 140
76 6 0 1 0 22 8 16 17 25 6 20 17 -0.183484 6 141 142
77 6 0 1 0 30 22 18 17 15 15 19 14 -0.644571 -56 143 144
78 6 0 1 0 5 32 13 17 10 15 14 13 -0.217148 -19 145 146
79 6 1 0 7 1 4 0 6 0 1 297 
80 6 1 0 11 1 4 11 0 0 0 298 
81 6 0 1 0 13 9 18 15 18 11 18 17 -0.762153 16 147 148
82 6 0 1 0 9 20 16 13 2 16 16 19 -0.340021 45 149 150
83 6 0 1 0 3 1 16 14 12 28 17 13 -0.276649 -132 151 152
84 6 0 1 0 22 0 14 15 9 7 13 16 -0.354277 -1 153 154
85 6 0 1 0 21 31 16 14 19 15 15 14 -0.272938 5 155 156
86 6 1 0 5 1 4 0 0 0 5 400 
87 6 0 1 0 22 11 16 12 0 16 12 14 -0.196491 89 157 158
88 6 0 1 0 21 13 20 17 32 0 16 14 -0.132913 28 159 160
89 6 0 1 0 5 2 15 19 14 20 15 15 -0.0666688 -2 161 162
90 6 0 1 0 25 2 14 20 28 33 14 19 -0.196825 -47 163 164
91 6 1 0 8 1 4 7 0 1 0 442 
92 6 0 1 0 18 11 20 12 13 16 17 15 -0.319741 8 165 166
93 6 0 1 0 1 28 18 12 13 24 16 19 -0.185714 -49 167 168
94 6 1 0 7 1 4 0 0 0 7 455 
95 6 1 0 3 1 4 3 0 0 0 456 
96 6 0 1 0 26 21 12 18 28 20 19 12 -0 -19 169 170
97 6 1 0 2 1 4 2 0 0 0 461 
98 6 0 1 0 0 7 19 16 8 32 14 15 -0.02 -20 171 172
99 6 1 0 7 1 4 0 0 0 7 464 
100 6 1 0 3 1 4 1 2 0 0 465 
101 6 0 1 0 4 26 18 14 5 27 14 14 -0.455978 -6 173 174
102 6 0 1 0 17 2 12 17 5 29 15 17 -0.685 4 175 176
103 6 0 1 0 14 29 12 17 7 35 12 20 -0.52793 -25 177 178
104 6 0 1 0 24 20 17 20 28 27 15 16 -0.0397727 40 179 180
105 6 0 1 0 4 28 14 16 13 21 15 12 -0.855655 -30 181 182
106 6 0 1 0 19 33 12 17 25 35 12 17 -0.267309 16 183 184
107 6 1 0 2 1 4 1 0 1 0 548 
108 6 1 0 28 1 4 28 0 0 0 549 
109 6 1 0 9 1 4 0 0 1 8 550 
110 6 1 0 4 1 4 1 0 3 0 551 
111 6 0 1 0 0 8 12 19 0 0 14 14 -0.0206897 1 185 186
112 6 0 1 0 4 30 15 19 26 24 14 20 -0.170455 0 187 188
113 6 0 1 0 24 2 15 15 29 24 13 13 -0.0758514 -2 189 190
114 6 0 1 0 23 4 17 19 24 20 12 12 -0.0458333 -2 191 192
115 6 0 1 0 25 5 13 13 31 16 17 14 -0.0263158 11 193 194
116 6 0 1 0 11 3 19 20 13 13 18 20 -0.161765 -3 195 196
117 6 0 1 0 4 12 15 14 1 6 12 13 -0.440788 -3 197 198
118 6 0 1 0 27 17 19 20 32 12 17 15 -0.161616 8 199 200
119 7 1 0 2 1 4 0 2 0 0 1 
120 7 0 1 0 2 18 18 15 0 15 12 18 -0 13 201 202
121 7 0 1 0 18 20 12 17 22 20 15 17 -0.147222 19 203 204
122 7 0 1 0 6 3 13 20 7 31 14 13 -0 2 205 206
123 7 0 1 0 8 30 15 17 5 13 14 18 -0.355 41 207 208
124 7 0 1 0 22 0 15 14 4 13 20 16 -0.0962152 -1 209 210
125 7 1 0 4 1 4 0 4 0 0 51 
126 7 0 1 0 1 28 12 13 26 19 12 14 -0 -64 211 212
127 7 1 0 2 1 4 1 1 0 0 54 
128 7 0 1 0 13 0 19 17 15 14 19 13 -0.0713287 -82 213 214
129 7 0 1 0 0 24 20 12 14 9 19 18 -0.357459 6 215 216
130 7 0 1 0 11 21 17 13 4 12 12 15 -0.668733 48 217 218
131 7 0 1 0 0 28 14 12 13 15 17 14 -0.311726 -35 219 220
132 7 0 1 0 20 2 12 18 28 14 14 19 -0.671349 -14 221 222
133 7 1 0 3 1 4 0 2 1 0 268 
134 7 0 1 0 10 32 12 15 6 22 14 14 -0.0265957 32 223 224
135 7 1 0 8 1 4 8 0 0 0 272 
136 7 1 0 2 1 4 0 2 0 0 273 
137 7 1 0 8 1 4 7 0 0 1 274 
138 7 0 1 0 30 30 16 15 22 32 14 20 -0.1 -4 225 226
139 7 0 1 0 7 3 14 13 32 31 13 15 -0.225 -122 227 228
140 7 1 0 8 1 4 0 0 0 8 279 
141 7 0 1 0 28 20 17 15 23 26 19 14 -0.229167 -12 229 230
142 7 0 1 0 26 22 18 14 25 19 13 12 -0.0624849 -20 231 232
143 7 0 1 0 26 25 17 14 16 17 19 20 -0.353016 -26 233 234
144 7 1 0 10 1 4 0 0 0 10 291 
145 7 1 0 2 1 4 1 1 0 0 292 
146 7 0 1 0 17 9 20 15 17 23 19 17 -0.136831 -19 235 236
147 7 0 1 0 32 1 17 14 1 20 18 15 -0.328704 8 237 238
148 7 0 1 0 20 28 19 15 12 7 20 12 -0.285714 3 239 240
149 7 0 1 0 34 32 12 13 30 27 13 12 -0.300497 5 241 242
150 7 0 1 0 33 5 12 14 14 19 14 18 -0 -125 243 244
151 7 1 0 8 1 4 0 1 0 7 367 
152 7 0 1 0 26 5 15 20 18 5 20 16 -0.194277 -19 245 246
153 7 0 1 0 20 25 12 19 6 29 16 20 -0.226833 -11 247 248
154 7 1 0 9 1 4 0 0 0 9 385 
155 7 0 1 0 19 28 14 19 15 23 17 18 -0.026208 11 249 250
156 7 0 1 0 25 2 20 13 28 24 16 17 -0.209831 3 251 252
157 7 0 1 0 21 1 16 16 27 21 16 17 -0.133333 -19 253 254
158 7 1 0 4 1 4 0 0 0 4 403 
159 7 1 0 7 1 4 0 1 6 0 404 
160 7 0 1 0 20 7 13 20 25 33 13 15 -0.0268817 -43 255 256
161 7 0 1 0 21 10 15 12 26 19 18 15 -0.0551542 -2 257 258
162 7 0 1 0 18 4 12 15 23 2 15 15 -0.0555556 9 259 260
163 7 1 0 5 1 4 3 2 0 0 440 
164 7 1 0 9 1 4 0 0 2 7 441 
165 7 0 1 0 27 3 13 13 24 3 20 18 -0.18152 -6 261 262
166 7 1 0 14 1 4 0 0 0 14 449 
167 7 0 1 0 6 15 14 16 3 12 19 15 -0.0714286 4 263 264
168 7 0 1 0 12 6 17 14 16 9 20 14 -0.108669 1 265 266
169 7 1 0 3 1 4 0 3 0 0 457 
170 7 1 0 57 1 4 0 0 0 57 458 
171 7 1 0 23 1 4 0 0 0 23 462 
172 7 1 0 2 1 4 0 0 1 1 463 
173 7 1 0 7 1 4 0 3 0 4 466 
174 7 0 1 0 19 13 14 18 25 26 16 16 -0.335043 1 267 268
175 7 0 1 0 19 12 20 20 19 14 15 16 -0.436364 -13 269 270
176 7 1 0 10 1 4 10 0 0 0 480 
177 7 1 0 7 1 4 0 1 1 5 481 
178 7 0 1 0 12 16 17 14 15 20 13 12 -0 -36 271 272
179 7 0 1 0 14 2 19 14 17 12 13 15 -0.0227273 -12 273 274
180 7 1 0 2 1 4 2 0 0 0 486 
181 7 0 1 0 4 1 13 13 24 3 12 17 -0.717897 -2 275 276
182 7 0 1 0 10 10 12 12 2 30 13 18 -0.05 -12 277 278
183 7 0 1 0 18 15 20 12 17 18 12 16 -1.09308 4 279 280
184 7 0 1 0 7 3 17 17 5 27 15 12 -0.134258 6 281 282
185 7 1 0 53 1 4 0 0 0 53 552 
186 7 1 0 5 1 4 0 0 2 3 553 
187 7 1 0 6 1 4 0 0 0 6 554 
188 7 0 1 0 12 30 14 16 24 0 17 13 -0.125 68 283 284
189 7 1 0 2 1 4 0 0 1 1 557 
190 7 0 1 0 28 24 17 19 3 22 16 19 -0.0294118 -24 285 286
191 7 1 0 2 1 4 0 0 1 1 560 
192 7 0 1 0 8 7 12 17 21 16 15 12 -0.0166667 0 287 288
193 7 1 0 17 1 4 0 0 0 17 563 
194 7 1 0 2 1 4 0 0 1 1 564 
195 7 0 1 0 25 5 13 13 31 16 17 14 -0.108392 -2 289 290
196 7 1 0 4 1 4 0 0 3 1 568 
197 7 1 0 8 1 4 0 1 1 6 569 
198 7 0 1 0 24 7 12 20 26 1 19 18 -0.308042 9 291 292
199 7 0 1 0 9 18 14 15 25 2 19 16 -0.0808081 -45 293 294
200 7 1 0 7 1 4 0 0 0 7 581 
201 8 1 0 121 1 4 121 0 0 0 2 
202 8 1 0 2 1 4 0 2 0 0 3 
203 8 1 0 4 1 4 0 2 0 2 5 
204 8 0 1 0 31 16 17 16 31 3 14 16 -0 11 295 296
205 8 1 0 10 1 4 10 0 0 0 8 
206 8 1 0 3 1 4 0 3 0 0 9 
207 8 0 1 0 20 25 16 16 28 28 19 17 -0.115133 24 297 298
208 8 0 1 0 19 0 20 20 2 27 18 12 -0.164583 -23 299 300
209 8 0 1 0 27 19 16 14 28 23 19 12 -0.0760581 1 301 302
210 8 0 1 0 5 31 12 19 26 9 12 20 -0.195238 11 303 304
211 8 1 0 3 1 4 0 0 0 3 52 
212 8 1 0 7 1 4 0 0 7 0 53 
213 8 1 0 3 1 4 0 3 0 0 55 
214 8 0 1 0 16 21 18 12 5 15 12 13 -0.0384615 101 305 306
215 8 0 1 0 8 11 18 13 18 17 18 13 -0.499373 -56 307 308
216 8 0 1 0 20 24 15 13 16 23 19 17 -0.163663 -3 309 310
217 8 0 1 0 30 33 12 16 14 34 12 17 -0.534245 -33 311 312
218 8 0 1 0 8 1 17 13 15 0 18 17 -0.507933 -9 313 314
219 8 0 1 0 24 6 20 19 2 2 18 12 -0.457633 9 315 316
220 8 0 1 0 14 5 16 18 2 18 15 17 -0.25198 18 317 318
221 8 0 1 0 23 11 20 16 28 0 19 13 -0.249166 77 319 320
222 8 0 1 0 5 27 20 14 5 11 19 20 -0.25 19 321 322
223 8 0 1 0 28 33 14 15 30 26 13 14 -0 -29 323 324
224 8 1 0 84 1 4 0 0 0 84 271 
225 8 1 0 63 1 4 0 0 0 63 275 
226 8 1 0 5 1 4 1 1 1 2 276 
227 8 1 0 4 1 4 0 0 3 1 277 
228 8 1 0 6 1 4 3 3 0 0 278 
229 8 1 0 8 1 4 0 0 4 4 280 
230 8 1 0 4 1 4 3 1 0 0 281 
231 8 1 0 2 1 4 0 0 0 2 282 
232 8 0 1 0 5 32 12 16 19 5 20 15 -0.0417031 44 325 326
233 8 1 0 7 1 4 0 2 0 5 288 
234 8 0 1 0 16 5 16 18 17 19 18 14 -0 -20 327 328
235 8 1 0 2 1 4 0 2 0 0 293 
236 8 0 1 0 27 21 15 17 21 26 19 18 -0.0929127 -76 329 330
237 8 0 1 0 26 30 12 14 27 33 13 17 -0.113333 3 331 332
238 8 1 0 3 1 4 3 0 0 0 302 
239 8 1 0 5 1 4 5 0 0 0 303 
240 8 1 0 7 1 4 0 6 0 1 304 
241 8 0 1 0 27 21 15 19 28 12 18 14 -0.252298 -3 333 334
242 8 0 1 0 18 26 19 18 28 34 12 13 -0.332789 -25 335 336
243 8 1 0 4 1 4 0 4 0 0 365 
244 8 1 0 17 1 4 0 0 0 17 366 
245 8 0 1 0 17 18 17 12 14 26 19 12 -0.148568 -28 337 338
246 8 1 0 8 1 4 0 1 5 2 378 
247 8 1 0 5 1 4 0 1 0 4 379 
248 8 0 1 0 7 0 17 19 22 10 16 12 -0.100446 -60 339 340
249 8 0 1 0 1 21 20 20 29 16 18 15 -0.0151515 41 341 342
250 8 1 0 4 1 4 0 4 0 0 389 
251 8 0 1 0 24 20 18 13 12 7 17 19 -0.130624 -3 343 344
252 8 1 0 4 1 4 0 0 0 4 399 
253 8 1 0 2 1 4 1 0 1 0 401 
254 8 1 0 13 1 4 0 0 13 0 402 
255 8 1 0 25 1 4 0 25 0 0 405 
256 8 1 0 6 1 4 5 1 0 0 406 
257 8 0 1 0 23 26 19 18 14 5 17 12 -0.223142 18 345 346
258 8 0 1 0 8 17 20 14 4 3 14 15 -0.0385546 100 347 348
259 8 1 0 9 1 4 0 0 9 0 438 
260 8 1 0 3 1 4 2 1 0 0 439 
261 8 1 0 4 1 4 4 0 0 0 443 
262 8 0 1 0 24 13 15 18 22 3 20 17 -0.0910135 7 349 350
263 8 1 0 2 1 4 0 1 0 1 450 
264 8 1 0 26 1 4 0 26 0 0 451 
265 8 0 1 0 8 14 12 17 28 5 15 16 -0.017094 22 351 352
266 8 1 0 3 1 4 1 0 2 0 454 
267 8 0 1 0 12 18 19 19 26 30 17 16 -0.0560897 -4 353 354
268 8 0 1 0 15 24 16 17 12 20 12 19 -0.251505 -16 355 356
269 8 1 0 9 1 4 0 0 0 9 477 
270 8 0 1 0 10 23 18 14 0 22 12 20 -0 3 357 358
271 8 1 0 2 1 4 0 0 0 2 482 
272 8 1 0 30 1 4 30 0 0 0 483 
273 8 1 0 20 1 4 0 0 0 20 484 
274 8 1 0 2 1 4 0 0 1 1 485 
275 8 0 1 0 16 15 16 20 19 9 12 13 -0.710407 0 359 360
276 8 0 1 0 8 26 13 17 18 11 14 13 -0.156614 3 361 362
277 8 1 0 2 1 4 0 0 1 1 494 
278 8 1 0 8 1 4 0 0 0 8 495 
279 8 0 1 0 26 1 19 15 29 2 17 16 -0.579594 10 363 364
280 8 0 1 0 1 33 14 19 4 31 16 20 -1.35638 -10 365 366
281 8 0 1 0 23 4 19 19 25 7 18 14 -0.108816 3 367 368
282 8 0 1 0 25 18 18 20 30 29 18 17 -0.534851 26 369 370
283 8 1 0 14 1 4 0 0 14 0 555 
284 8 1 0 2 1 4 1 0 1 0 556 
285 8 1 0 2 1 4 1 1 0 0 558 
286 8 1 0 15 1 4 0 15 0 0 559 
287 8 1 0 2 1 4 0 1 1 0 561 
288 8 1 0 28 1 4 0 0 28 0 562 
289 8 1 0 2 1 4 0 1 1 0 565 
290 8 0 1 0 27 22 14 18 3 4 18 20 -0.0454545 -45 371 372
291 8 0 1 0 24 33 12 20 24 23 16 13 -0.251642 -1 373 374
292 8 0 1 0 12 26 15 13 14 10 18 13 -0.0227273 61 375 376
293 8 1 0 2 1 4 0 2 0 0 579 
294 8 1 0 9 1 4 0 0 8 1 580 
295 9 1 0 34 1 4 0 34 0 0 6 
296 9 1 0 2 1 4 2 0 0 0 7 
297 9 0 1 0 3 27 19 19 21 25 14 14 -0 -43 377 378
298 9 0 1 0 7 30 13 16 6 5 17 17 -0.113782 27 379 380
299 9 0 1 0 7 6 14 17 3 32 13 20 -0.0472222 -85 381 382
300 9 1 0 4 1 4 0 0 2 2 19 
301 9 0 1 0 26 23 14 16 27 30 17 18 -0.0685709 25 383 384
302 9 1 0 9 1 4 8 1 0 0 48 
303 9 1 0 8 1 4 2 6 0 0 49 
304 9 1 0 7 1 4 0 0 2 5 50 
305 9 1 0 50 1 4 0 0 0 50 56 
306 9 1 0 2 1 4 0 1 0 1 57 
307 9 1 0 10 1 4 0 0 0 10 58 
308 9 0 1 0 0 19 16 15 6 20 16 17 -0.442254 1 385 386
309 9 0 1 0 4 16 18 20 14 31 16 19 -0.180328 -19 387 388
310 9 0 1 0 26 14 13 19 19 9 15 16 -0.0985622 -12 389 390
311 9 0 1 0 14 26 14 13 15 6 17 18 -0.368118 30 391 392
312 9 0 1 0 24 15 18 12 25 6 13 16 -0.389653 70 393 394
313 9 0 1 0 2 31 15 12 10 11 20 18 -0.686058 -1 395 396
314 9 0 1 0 28 3 18 13 33 17 17 12 -0.262052 -24 397 398
315 9 0 1 0 22 7 19 15 3 6 18 20 -0.0413043 9 399 400
316 9 0 1 0 21 7 17 19 20 19 16 18 -0.359345 -57 401 402
317 9 0 1 0 15 10 14 14 35 20 19 12 -0.220031 3 403 404
318 9 0 1 0 16 17 18 18 17 28 15 14 -0.612267 -28 405 406
319 9 0 1 0 17 19 15 14 14 24 12 16 -0.0973565 25 407 408
320 9 1 0 4 1 4 0 0 3 1 264 
321 9 1 0 4 1 4 2 2 0 0 265 
322 9 0 1 0 11 4 12 19 16 16 20 18 -0 -42 409 410
323 9 1 0 5 1 4 0 0 0 5 269 
324 9 1 0 5 1 4 0 0 5 0 270 
325 9 0 1 0 5 14 14 20 8 8 18 14 -0.031417 -1 411 412
326 9 1 0 6 1 4 0 6 0 0 287 
327 9 1 0 14 1 4 0 14 0 0 289 
328 9 1 0 4 1 4 4 0 0 0 290 
329 9 1 0 2 1 4 1 0 0 1 294 
330 9 0 1 0 11 4 13 16 7 24 15 17 -0.0299625 10 413 414
331 9 0 1 0 12 22 20 18 5 21 19 18 -0 7 415 416
332 9 1 0 5 1 4 0 4 0 1 301 
333 9 0 1 0 16 19 13 16 17 28 17 12 -0.736685 -6 417 418
334 9 0 1 0 9 26 19 16 14 33 12 19 -0.15918 -20 419 420
335 9 0 1 0 20 23 20 16 15 3 18 17 -0 8 421 422
336 9 0 1 0 26 10 15 16 26 19 13 12 -0.300499 -36 423 424
337 9 1 0 2 1 4 0 0 0 2 368 
338 9 0 1 0 2 30 15 18 3 31 16 15 -0.124735 4 425 426
339 9 0 1 0 11 21 19 17 15 27 13 18 -0 -24 427 428
340 9 0 1 0 3 14 20 18 1 14 13 13 -0.0579323 51 429 430
341 9 1 0 31 1 4 31 0 0 0 387 
342 9 1 0 2 1 4 1 1 0 0 388 
343 9 0 1 0 2 3 15 15 32 28 14 14 -0 1 431 432
344 9 0 1 0 24 27 19 12 19 9 18 15 -0.0961735 15 433 434
345 9 0 1 0 28 25 14 12 1 24 14 13 -0.0178571 -5 435 436
346 9 0 1 0 28 30 14 18 19 22 18 18 -0.18671 8 437 438
347 9 0 1 0 0 29 18 17 4 0 18 12 -0.0356427 7 439 440
348 9 1 0 3 1 4 0 0 3 0 437 
349 9 0 1 0 15 31 12 19 15 29 17 17 -0.0271185 -5 441 442
350 9 0 1 0 2 24 17 20 11 13 14 12 -0 9 443 444
351 9 1 0 36 1 4 36 0 0 0 452 
352 9 1 0 3 1 4 1 2 0 0 453 
353 9 0 1 0 20 21 20 20 11 11 14 15 -0.0208333 64 445 446
354 9 1 0 2 1 4 0 0 1 1 469 
355 9 1 0 2 1 4 0 0 0 2 470 
356 9 0 1 0 18 15 16 15 12 28 16 20 -0.205729 8 447 448
357 9 1 0 8 1 4 0 0 8 0 478 
358 9 1 0 3 1 4 3 0 0 0 479 
359 9 1 0 4 1 4 2 2 0 0 487 
360 9 0 1 0 21 5 18 16 21 9 12 18 -0.206294 0 449 450
361 9 1 0 9 1 4 8 1 0 0 491 
362 9 0 1 0 22 10 19 16 22 9 19 13 -0.0952381 -3 451 452
363 9 0 1 0 28 3 18 13 20 23 20 19 -0.144076 -41 453 454
364 9 0 1 0 16 32 13 15 25 34 12 18 -1.10972 24 455 456
365 9 0 1 0 16 32 13 19 22 20 18 19 -0 10 457 458
366 9 0 1 0 29 32 14 15 31 26 17 14 -0.431108 7 459 460
367 9 0 1 0 6 14 18 13 0 5 12 18 -0.0827633 -27 461 462
368 9 0 1 0 11 27 20 18 21 30 16 16 -0.328205 20 463 464
369 9 0 1 0 16 15 17 16 19 30 15 15 -0.0952381 1 465 466
370 9 0 1 0 0 31 15 13 14 18 19 18 -0.105263 -45 467 468
371 9 1 0 2 1 4 1 1 0 0 566 
372 9 1 0 9 1 4 0 9 0 0 567 
373 9 0 1 0 1 14 19 14 17 11 13 16 -0.342857 -8 469 470
374 9 0 1 0 30 24 20 15 33 29 18 13 -0.140093 -4 471 472
375 9 1 0 20 1 4 20 0 0 0 577 
376 9 1 0 2 1 4 1 1 0 0 578 
377 10 1 0 4 1 4 0 4 0 0 11 
378 10 1 0 45 1 4 45 0 0 0 12 
379 10 1 0 2 1 4 0 1 0 1 13 
380 10 0 1 0 16 26 19 14 15 2 16 19 -0.0208333 87 473 474
381 10 1 0 2 1 4 0 0 2 0 16 
382 10 0 1 0 5 13 16 17 22 16 20 17 -0.0277778 -53 475 476
383 10 0 1 0 2 25 14 16 4 28 18 12 -0.0644079 -8 477 478
384 10 1 0 2 1 4 0 0 0 2 47 
385 10 0 1 0 30 16 16 14 1 7 12 17 -0.422136 51 479 480
386 10 0 1 0 26 22 19 16 28 28 18 15 -0.158976 -24 481 482
387 10 0 1 0 29 2 17 17 7 5 12 19 -0.158854 -4 483 484
388 10 1 0 25 1 4 0 0 25 0 83 
389 10 1 0 6 1 4 3 1 2 0 84 
390 10 0 1 0 13 13 19 18 20 13 20 12 -0.0548255 -11 485 486
391 10 0 1 0 11 2 18 20 15 4 15 20 -0.262923 -1 487 488
392 10 0 1 0 22 31 16 19 31 20 20 15 -0.161164 33 489 490
393 10 0 1 0 19 8 18 15 26 7 17 13 -0.263083 9 491 492
394 10 1 0 9 1 4 0 1 8 0 112 
395 10 0 1 0 4 8 19 14 2 29 15 12 -0 3 493 494
396 10 0 1 0 8 8 14 14 3 27 19 12 -0.309091 -57 495 496
397 10 0 1 0 2 29 17 13 26 28 18 13 -0.0219156 -27 497 498
398 10 0 1 0 15 7 19 12 3 14 13 16 -0.207109 43 499 500
399 10 0 1 0 27 9 19 20 25 20 16 19 -0.025 -50 501 502
400 10 1 0 3 1 4 3 0 0 0 135 
401 10 0 1 0 32 2 19 13 28 31 16 19 -0.402728 -63 503 504
402 10 0 1 0 6 15 18 14 2 28 14 14 -0.118659 10 505 506
403 10 0 1 0 21 6 14 18 2 6 16 18 -0.143622 37 507 508
404 10 0 1 0 26 27 19 18 25 10 14 15 -0.6387 10 509 510
405 10 0 1 0 26 0 12 15 17 1 15 17 -0.227273 6 511 512
406 10 0 1 0 11 27 19 12 16 13 12 17 -0.268284 35 513 514
407 10 0 1 0 23 23 16 14 22 8 18 19 -0 71 515 516
408 10 1 0 3 1 4 0 2 0 1 263 
409 10 1 0 6 1 4 0 0 0 6 266 
410 10 1 0 6 1 4 0 0 6 0 267 
411 10 1 0 3 1 4 1 1 1 0 283 
412 10 0 1 0 23 26 14 14 30 34 13 16 -0.0149701 29 517 518
413 10 1 0 86 1 4 0 0 0 86 295 
414 10 1 0 3 1 4 0 1 0 2 296 
415 10 1 0 2 1 4 0 0 2 0 299 
416 10 1 0 38 1 4 0 0 0 38 300 
417 10 0 1 0 16 15 20 20 19 18 18 14 -0.478911 -1 519 520
418 10 0 1 0 21 2 19 15 19 1 20 19 -0.442553 17 521 522
419 10 0 1 0 25 8 16 18 29 32 15 15 -0.128274 -3 523 524
420 10 0 1 0 5 2 13 18 9 17 15 17 -0.238187 -1 525 526
421 10 1 0 7 1 4 0 0 7 0 353 
422 10 1 0 47 1 4 0 47 0 0 354 
423 10 0 1 0 3 10 16 15 0 4 15 17 -0.143541 4 527 528
424 10 0 1 0 23 20 12 14 17 30 13 15 -0.166848 -53 529 530
425 10 0 1 0 11 30 12 13 14 3 12 13 -0.0697225 88 531 532
426 10 1 0 9 1 4 3 4 0 2 377 
427 10 1 0 3 1 4 0 3 0 0 380 
428 10 1 0 13 1 4 13 0 0 0 381 
429 10 0 1 0 8 30 14 16 17 30 15 13 -0.020202 -18 533 534
430 10 1 0 2 1 4 0 1 0 1 384 
431 10 1 0 24 1 4 24 0 0 0 390 
432 10 1 0 4 1 4 0 4 0 0 391 
433 10 1 0 8 1 4 7 1 0 0 392 
434 10 0 1 0 32 22 15 15 30 21 12 13 -0.0611989 8 535 536
435 10 1 0 2 1 4 1 1 0 0 407 
436 10 1 0 26 1 4 26 0 0 0 408 
437 10 0 1 0 20 23 12 14 28 33 14 12 -0.0782961 -5 537 538
438 10 0 1 0 18 15 19 19 30 30 16 12 -0.0428571 -31 539 540
439 10 0 1 0 14 24 16 13 29 9 18 18 -0.285714 37 541 542
440 10 0 1 0 26 35 12 14 6 35 12 20 -0.0301766 38 543 544
441 10 1 0 6 1 4 0 5 1 0 444 
442 10 0 1 0 16 31 13 16 25 20 17 18 -0.00819672 -10 545 546
443 10 1 0 9 1 4 0 0 0 9 447 
444 10 1 0 2 1 4 0 0 2 0 448 
445 10 1 0 22 1 4 0 22 0 0 467 
446 10 1 0 2 1 4 1 1 0 0 468 
447 10 1 0 4 1 4 2 0 0 2 471 
448 10 0 1 0 8 11 13 13 6 11 20 16 -0.122675 -10 547 548
449 10 0 1 0 20 19 18 17 9 22 14 17 -0 -41 549 550
450 10 1 0 2 1 4 1 1 0 0 490 
451 10 1 0 2 1 4 0 1 0 1 492 
452 10 1 0 19 1 4 0 19 0 0 493 
453 10 1 0 4 1 4 2 0 0 2 496 
454 10 0 1 0 32 2 12 12 18 28 15 19 -0.0432441 -61 551 552
455 10 0 1 0 15 13 19 18 9 32 12 14 -0.208333 -4 553 554
456 10 0 1 0 25 26 18 18 23 24 13 12 -0 -33 555 556
457 10 1 0 2 1 4 2 0 0 0 504 
458 10 1 0 13 1 4 0 0 0 13 505 
459 10 0 1 0 4 22 18 17 8 31 14 17 -0.133333 -16 557 558
460 10 0 1 0 6 28 12 14 27 9 14 13 -0.0645161 33 559 560
461 10 1 0 2 1 4 1 0 1 0 511 
462 10 0 1 0 17 35 12 15 30 35 12 13 -0.0767558 25 561 562
463 10 1 0 9 1 4 6 3 0 0 539 
464 10 0 1 0 24 9 16 16 23 31 16 13 -0.128571 -35 563 564
465 10 0 1 0 22 18 17 13 24 29 12 16 -0 16 565 566
466 10 1 0 4 1 4 0 0 0 4 545 
467 10 1 0 17 1 4 0 0 0 17 546 
468 10 1 0 2 1 4 0 1 0 1 547 
469 10 1 0 3 1 4 0 0 0 3 570 
470 10 1 0 7 1 4 1 0 6 0 571 
471 10 1 0 8 1 4 8 0 0 0 572 
472 10 0 1 0 27 32 12 18 23 18 13 12 -0.0697699 -9 567 568
473 11 1 0 2 1 4 1 1 0 0 14 
474 11 1 0 22 1 4 0 22 0 0 15 
475 11 1 0 2 1 4 1 1 0 0 17 
476 11 1 0 16 1 4 0 16 0 0 18 
477 11 0 1 0 26 30 16 19 25 29 12 14 -0.141088 -5 569 570
478 11 0 1 0 28 0 14 13 28 5 13 19 -0.0502218 -17 571 572
479 11 0 1 0 28 3 15 17 24 3 12 14 -0.33022 -11 573 574
480 11 0 1 0 27 22 16 14 24 4 13 13 -0.0966184 106 575 576
481 11 1 0 8 1 4 0 7 1 0 74 
482 11 0 1 0 24 6 17 16 35 31 12 12 -0.0776353 1 577 578
483 11 1 0 4 1 4 0 0 3 1 79 
484 11 0 1 0 17 8 15 20 26 13 14 20 -0.0814732 0 579 580
485 11 1 0 3 1 4 2 1 0 0 85 
486 11 0 1 0 27 15 14 13 14 12 19 17 -0.036334 18 581 582
487 11 1 0 6 1 4 1 5 0 0 93 
488 11 0 1 0 11 18 13 18 22 28 18 15 -0.181818 -18 583 584
489 11 1 0 2 1 4 0 0 0 2 96 
490 11 0 1 0 15 25 20 18 8 8 13 20 -0.101367 23 585 586
491 11 0 1 0 33 32 13 14 3 9 13 19 -0.170588 25 587 588
492 11 0 1 0 11 30 15 19 20 31 16 18 -0.136566 -11 589 590
493 11 1 0 29 1 4 0 0 0 29 113 
494 11 1 0 3 1 4 0 3 0 0 114 
495 11 0 1 0 9 25 12 12 31 27 14 13 -0 25 591 592
496 11 1 0 9 1 4 7 1 1 0 117 
497 11 1 0 16 1 4 0 16 0 0 118 
498 11 0 1 0 1 5 12 20 25 21 13 18 -0.0178571 -34 593 594
499 11 0 1 0 13 5 12 17 22 12 12 16 -0.177587 -30 595 596
500 11 1 0 2 1 4 0 0 0 2 132 
501 11 1 0 2 1 4 0 1 1 0 133 
502 11 1 0 18 1 4 0 18 0 0 134 
503 11 0 1 0 0 31 16 15 17 19 12 15 -0.276338 -47 597 598
504 11 1 0 5 1 4 4 1 0 0 142 
505 11 0 1 0 18 33 14 14 26 26 12 12 -0.103008 19 599 600
506 11 1 0 2 1 4 0 2 0 0 147 
507 11 0 1 0 0 25 20 13 26 12 13 15 -0.117788 -10 601 602
508 11 0 1 0 0 6 18 14 32 24 20 15 -0.189922 -93 603 604
509 11 0 1 0 9 14 17 12 1 17 19 19 -0.268973 -11 605 606
510 11 0 1 0 24 24 20 19 34 30 17 13 -0.538924 2 607 608
511 11 1 0 9 1 4 0 0 3 6 255 
512 11 1 0 2 1 4 1 1 0 0 256 
513 11 0 1 0 0 16 16 20 3 19 17 13 -0.114165 -1 609 610
514 11 1 0 3 1 4 0 0 2 1 260 
515 11 1 0 42 1 4 42 0 0 0 261 
516 11 1 0 2 1 4 0 2 0 0 262 
517 11 0 1 0 24 2 15 12 29 26 19 12 -0 -80 611 612
518 11 1 0 7 1 4 3 4 0 0 286 
519 11 0 1 0 5 9 12 17 6 7 18 18 -0.227273 -10 613 614
520 11 1 0 4 1 4 1 3 0 0 307 
521 11 0 1 0 1 33 14 12 2 23 15 12 -0.304762 5 615 616
522 11 1 0 2 1 4 0 0 0 2 313 
523 11 0 1 0 24 6 19 17 24 21 14 18 -0.121223 -14 617 618
524 11 1 0 4 1 4 0 1 0 3 346 
525 11 0 1 0 28 21 17 12 27 18 20 17 -0.134537 12 619 620
526 11 1 0 4 1 4 0 0 1 3 352 
527 11 1 0 3 1 4 0 0 0 3 355 
528 11 0 1 0 0 5 18 14 15 22 17 16 -0 -108 621 622
529 11 1 0 7 1 4 1 4 1 1 358 
530 11 0 1 0 15 1 12 17 0 34 13 15 -0.0991987 46 623 624
531 11 0 1 0 5 33 14 18 6 30 14 19 -0.0348721 -10 625 626
532 11 1 0 8 1 4 2 4 0 2 376 
533 11 1 0 60 1 4 0 60 0 0 382 
534 11 1 0 6 1 4 2 4 0 0 383 
535 11 0 1 0 22 22 16 19 25 20 18 12 -0.0438312 5 627 628
536 11 1 0 3 1 4 0 0 2 1 398 
537 11 0 1 0 0 14 15 20 15 20 13 18 -0.0229885 -80 629 630
538 11 1 0 5 1 4 0 1 4 0 411 
539 11 1 0 7 1 4 1 6 0 0 412 
540 11 1 0 13 1 4 13 0 0 0 413 
541 11 1 0 7 1 4 0 6 0 1 414 
542 11 1 0 5 1 4 5 0 0 0 415 
543 11 0 1 0 4 3 18 17 1 5 12 20 -0.0245358 20 631 632
544 11 0 1 0 2 29 17 12 26 7 13 20 -0.0859729 0 633 634
545 11 1 0 2 1 4 0 1 1 0 445 
546 11 1 0 59 1 4 0 0 59 0 446 
547 11 1 0 3 1 4 1 1 0 1 472 
548 11 0 1 0 7 27 19 12 28 4 16 12 -0.0700947 12 635 636
549 11 1 0 3 1 4 0 0 3 0 488 
550 11 1 0 8 1 4 0 0 0 8 489 
551 11 1 0 2 1 4 1 0 0 1 497 
552 11 0 1 0 8 13 17 20 5 17 19 13 -0.004 -12 637 638
553 11 1 0 10 1 4 10 0 0 0 500 
554 11 1 0 6 1 4 0 1 2 3 501 
555 11 1 0 2 1 4 2 0 0 0 502 
556 11 1 0 18 1 4 0 0 0 18 503 
557 11 0 1 0 31 0 19 14 15 13 16 17 -0 -14 639 640
558 11 1 0 2 1 4 2 0 0 0 508 
559 11 1 0 29 1 4 29 0 0 0 509 
560 11 1 0 2 1 4 1 0 1 0 510 
561 11 1 0 3 1 4 2 0 0 1 512 
562 11 0 1 0 35 32 15 12 22 20 12 20 -0.0715121 -1 641 642
563 11 1 0 2 1 4 0 2 0 0 540 
564 11 0 1 0 8 17 18 16 1 9 13 12 -0.0714286 25 643 644
565 11 1 0 12 1 4 0 12 0 0 543 
566 11 1 0 2 1 4 2 0 0 0 544 
567 11 1 0 2 1 4 0 0 0 2 573 
568 11 0 1 0 5 28 16 13 11 26 17 12 -0.0287565 -4 645 646
569 12 0 1 0 29 20 12 16 1 1 19 16 -0.0676275 28 647 648
570 12 0 1 0 22 1 14 20 11 16 20 13 -0 -40 649 650
571 12 1 0 6 1 4 5 1 0 0 26 
572 12 0 1 0 27 20 17 15 25 27 12 14 -0.0447981 -6 651 652
573 12 0 1 0 8 16 12 16 31 13 16 13 -0.0357143 30 653 654
574 12 0 1 0 7 15 19 14 2 27 18 20 -0.276546 -9 655 656
575 12 0 1 0 7 2 18 13 1 24 15 14 -0 -29 657 658
576 12 1 0 4 1 4 0 4 0 0 73 
577 12 0 1 0 22 24 20 14 13 25 12 16 -0.0188383 39 659 660
578 12 1 0 2 1 4 1 1 0 0 78 
579 12 0 1 0 31 16 14 13 24 9 14 15 -0 26 661 662
580 12 1 0 4 1 4 0 1 3 0 82 
581 12 0 1 0 5 5 19 14 33 30 16 13 -0.0171429 -3 663 664
582 12 0 1 0 8 5 12 16 23 7 14 14 -0 -2 665 666
583 12 1 0 2 1 4 0 1 0 1 94 
584 12 1 0 9 1 4 0 0 0 9 95 
585 12 1 0 8 1 4 8 0 0 0 97 
586 12 0 1 0 13 29 15 17 16 16 17 15 -0.0612245 3 667 668
587 12 0 1 0 32 1 18 13 28 18 17 16 -0.0875 -13 669 670
588 12 1 0 7 1 4 0 0 7 0 104 
589 12 0 1 0 3 5 16 15 31 26 20 14 -0.0410628 -41 671 672
590 12 0 1 0 0 7 18 12 1 30 13 16 -0.0537032 -73 673 674
591 12 1 0 8 1 4 0 0 8 0 115 
592 12 1 0 3 1 4 0 0 0 3 116 
593 12 1 0 26 1 4 0 0 26 0 119 
594 12 1 0 2 1 4 0 0 1 1 120 
595 12 1 0 5 1 4 5 0 0 0 121 
596 12 0 1 0 10 20 15 13 29 9 13 12 -0.152874 32 675 676
597 12 0 1 0 27 9 12 16 18 22 16 12 -0.0803922 -124 677 678
598 12 0 1 0 12 14 15 18 11 21 13 20 -0.0897436 -13 679 680
599 12 0 1 0 27 27 12 13 25 3 19 13 -0.266667 50 681 682
600 12 0 1 0 13 23 14 12 5 27 12 19 -0.018018 37 683 684
601 12 0 1 0 12 21 19 20 15 30 16 13 -0.40012 -23 685 686
602 12 0 1 0 20 31 15 15 12 23 20 19 -0.0873535 72 687 688
603 12 0 1 0 18 17 20 18 8 28 15 18 -0.127122 -19 689 690
604 12 1 0 13 1 4 13 0 0 0 226 
605 12 1 0 4 1 4 3 0 0 1 227 
606 12 0 1 0 23 1 19 19 18 9 15 16 -0 -4 691 692
607 12 0 1 0 8 32 15 14 0 24 20 17 -0.372 35 693 694
608 12 0 1 0 19 26 15 12 19 16 20 14 -0.447475 14 695 696
609 12 1 0 32 1 4 32 0 0 0 257 
610 12 0 1 0 33 16 12 12 30 9 15 14 -0.136364 -6 697 698
611 12 1 0 2 1 4 0 2 0 0 284 
612 12 1 0 238 1 4 238 0 0 0 285 
613 12 1 0 8 1 4 0 5 0 3 305 
614 12 1 0 25 1 4 0 0 0 25 306 
615 12 0 1 0 9 25 17 19 10 22 16 20 -0.238949 -4 699 700
616 12 0 1 0 6 3 17 19 16 7 17 17 -0 -66 701 702
617 12 0 1 0 16 13 18 13 21 30 13 20 -0.0485818 50 703 704
618 12 0 1 0 6 17 13 20 12 25 12 17 -0.467718 -26 705 706
619 12 0 1 0 6 3 18 17 9 5 15 19 -0.0737173 -8 707 708
620 12 1 0 16 1 4 0 16 0 0 351 
621 12 1 0 4 1 4 4 0 0 0 356 
622 12 1 0 15 1 4 0 15 0 0 357 
623 12 0 1 0 34 21 17 12 22 26 12 12 -0.0334043 17 709 710
624 12 1 0 3 1 4 1 1 0 1 364 
625 12 1 0 2 1 4 1 0 0 1 369 
626 12 0 1 0 17 15 15 15 22 24 20 13 -0.0175567 -28 711 712
627 12 0 1 0 12 10 14 20 29 24 13 13 -0.0264865 53 713 714
628 12 1 0 4 1 4 3 1 0 0 397 
629 12 1 0 3 1 4 2 1 0 0 409 
630 12 1 0 26 1 4 0 26 0 0 410 
631 12 0 1 0 0 25 18 20 0 28 18 13 -0.0209007 14 715 716
632 12 1 0 5 1 4 3 0 2 0 432 
633 12 1 0 21 1 4 21 0 0 0 433 
634 12 0 1 0 17 17 12 16 28 32 14 17 -0.0699301 -20 717 718
635 12 0 1 0 20 17 16 14 20 29 15 17 -0.0118572 -1 719 720
636 12 1 0 6 1 4 3 2 0 1 476 
637 12 1 0 2 1 4 0 0 1 1 498 
638 12 1 0 123 1 4 0 0 0 123 499 
639 12 1 0 8 1 4 0 0 0 8 506 
640 12 1 0 2 1 4 0 0 2 0 507 
641 12 0 1 0 0 27 14 20 2 26 18 17 -0.0664566 4 721 722
642 12 1 0 4 1 4 1 1 0 2 538 
643 12 1 0 2 1 4 0 1 0 1 541 
644 12 1 0 26 1 4 0 0 0 26 542 
645 12 0 1 0 29 1 17 17 31 21 12 13 -0 -30 723 724
646 12 1 0 6 1 4 5 1 0 0 576 
647 13 0 1 0 6 22 17 20 13 23 20 18 -0.0237649 -9 725 726
648 13 1 0 3 1 4 3 0 0 0 23 
649 13 1 0 14 1 4 14 0 0 0 24 
650 13 1 0 4 1 4 0 4 0 0 25 
651 13 0 1 0 14 9 13 14 12 16 14 12 -0.0366753 2 727 728
652 13 0 1 0 30 28 13 13 22 16 19 16 -0.109127 3 729 730
653 13 1 0 12 1 4 12 0 0 0 59 
654 13 1 0 2 1 4 1 1 0 0 60 
655 13 0 1 0 18 4 19 12 2 13 13 19 -0.207708 20 731 732
656 13 0 1 0 28 5 18 12 24 6 18 20 -0.143981 -9 733 734
657 13 1 0 20 1 4 0 0 20 0 71 
658 13 1 0 3 1 4 0 0 0 3 72 
659 13 0 1 0 20 9 13 17 31 14 15 14 -0.0102041 -18 735 736
660 13 1 0 3 1 4 0 0 0 3 77 
661 13 1 0 26 1 4 0 26 0 0 80 
662 13 1 0 2 1 4 2 0 0 0 81 
663 13 0 1 0 25 28 16 20 21 27 18 16 -0.0120671 -15 737 738
664 13 1 0 5 1 4 0 0 1 4 90 
665 13 1 0 4 1 4 0 0 4 0 91 
666 13 1 0 8 1 4 0 0 0 8 92 
667 13 1 0 5 1 4 5 0 0 0 98 
668 13 0 1 0 19 7 16 17 27 20 19 17 -0.0425381 18 739 740
669 13 1 0 2 1 4 2 0 0 0 102 
670 13 1 0 8 1 4 0 7 1 0 103 
671 13 1 0 5 1 4 5 0 0 0 105 
672 13 0 1 0 28 4 12 19 17 25 15 12 -0.0277778 -21 741 742
673 13 1 0 3 1 4 1 0 2 0 108 
674 13 0 1 0 2 15 16 18 19 9 15 13 -0.0179235 65 743 744
675 13 1 0 2 1 4 0 0 1 1 122 
676 13 0 1 0 10 22 15 18 18 3 20 16 -0.129719 45 745 746
677 13 1 0 3 1 4 0 1 2 0 136 
678 13 0 1 0 13 12 15 12 15 0 13 19 -0.0294118 13 747 748
679 13 0 1 0 23 22 12 18 24 10 15 20 -0 44 749 750
680 13 1 0 2 1 4 1 1 0 0 141 
681 13 1 0 3 1 4 1 0 2 0 143 
682 13 1 0 7 1 4 0 0 0 7 144 
683 13 1 0 109 1 4 0 0 0 109 145 
684 13 1 0 2 1 4 0 1 0 1 146 
685 13 0 1 0 25 17 16 19 29 25 16 17 -0.168699 -55 751 752
686 13 0 1 0 30 32 15 14 8 7 17 17 -0.300699 59 753 754
687 13 0 1 0 13 25 18 14 19 17 12 14 -0.0814772 0 755 756
688 13 0 1 0 1 4 19 13 1 25 15 15 -0.02 3 757 758
689 13 1 0 7 1 4 0 6 1 0 222 
690 13 0 1 0 20 33 12 14 0 34 13 20 -0.0414079 39 759 760
691 13 1 0 26 1 4 0 0 0 26 228 
692 13 1 0 2 1 4 0 0 2 0 229 
693 13 0 1 0 10 7 17 19 10 33 14 13 -0.155556 -55 761 762
694 13 0 1 0 18 25 15 19 11 19 17 20 -0 8 763 764
695 13 0 1 0 10 24 17 18 0 29 18 18 -0.294643 20 765 766
696 13 0 1 0 7 3 20 20 30 8 16 13 -0.303145 7 767 768
697 13 1 0 3 1 4 3 0 0 0 258 
698 13 1 0 8 1 4 0 6 2 0 259 
699 13 0 1 0 28 25 17 12 26 24 15 14 -0 -1 769 770
700 13 1 0 4 1 4 0 2 0 2 310 
701 13 1 0 2 1 4 0 2 0 0 311 
702 13 1 0 12 1 4 12 0 0 0 312 
703 13 0 1 0 27 7 18 20 29 28 13 18 -0.0459903 -7 771 772
704 13 1 0 5 1 4 5 0 0 0 333 
705 13 0 1 0 4 2 16 14 0 22 14 18 -0.434046 -4 773 774
706 13 0 1 0 16 32 13 16 8 29 14 17 -0.318454 26 775 776
707 13 0 1 0 5 1 15 12 24 0 14 17 -0.0131579 14 777 778
708 13 0 1 0 30 2 20 17 33 7 16 12 -0.0533333 2 779 780
709 13 0 1 0 16 33 13 18 22 31 15 13 -0.0152597 -19 781 782
710 13 1 0 2 1 4 0 1 1 0 363 
711 13 1 0 4 1 4 1 3 0 0 370 
712 13 0 1 0 23 29 12 15 30 28 19 16 -0.0142192 34 783 784
713 13 0 1 0 2 9 15 16 17 16 20 18 -0.0100889 -124 785 786
714 13 1 0 2 1 4 0 1 0 1 396 
715 13 0 1 0 19 19 15 18 21 21 18 20 -0.0166532 -12 787 788
716 13 1 0 3 1 4 2 0 0 1 431 
717 13 1 0 2 1 4 2 0 0 0 434 
718 13 0 1 0 2 27 18 16 12 10 20 15 -0.0454545 -32 789 790
719 13 1 0 4 1 4 1 3 0 0 473 
720 13 0 1 0 2 4 20 20 10 6 17 18 -0.0034965 -60 791 792
721 13 0 1 0 22 20 14 13 4 27 19 20 -0.0589348 94 793 794
722 13 1 0 7 1 4 2 0 0 5 537 
723 13 1 0 2 1 4 0 0 2 0 574 
724 13 1 0 89 1 4 0 89 0 0 575 
725 14 0 1 0 10 16 16 12 4 27 18 13 -0.0128205 -6 795 796
726 14 1 0 2 1 4 2 0 0 0 22 
727 14 0 1 0 0 2 16 17 2 4 15 14 -0.0316463 4 797 798
728 14 1 0 5 1 4 4 1 0 0 44 
729 14 1 0 7 1 4 0 0 6 1 45 
730 14 1 0 9 1 4 0 8 1 0 46 
731 14 0 1 0 8 28 13 12 13 29 16 16 -0.0908046 -39 799 800
732 14 1 0 5 1 4 2 3 0 0 64 
733 14 1 0 6 1 4 6 0 0 0 65 
734 14 0 1 0 11 23 13 13 14 21 19 20 -0.0868148 1 801 802
735 14 1 0 2 1 4 0 0 1 1 75 
736 14 1 0 47 1 4 0 0 47 0 76 
737 14 1 0 6 1 4 0 2 4 0 86 
738 14 0 1 0 18 0 18 14 30 12 13 17 -0.00556229 8 803 804
739 14 0 1 0 24 11 19 19 7 7 17 19 -0.021978 16 805 806
740 14 1 0 2 1 4 2 0 0 0 101 
741 14 1 0 16 1 4 0 16 0 0 106 
742 14 1 0 2 1 4 0 1 1 0 107 
743 14 0 1 0 13 21 19 18 13 12 19 15 -0.00617284 -4 807 808
744 14 1 0 2 1 4 1 1 0 0 111 
745 14 1 0 8 1 4 5 3 0 0 123 
746 14 0 1 0 30 33 14 17 34 31 14 12 -0.0912409 2 809 810
747 14 1 0 2 1 4 0 0 1 1 137 
748 14 1 0 15 1 4 0 0 0 15 138 
749 14 1 0 2 1 4 0 0 0 2 139 
750 14 1 0 22 1 4 0 0 22 0 140 
751 14 1 0 4 1 4 0 2 2 0 148 
752 14 0 1 0 5 0 16 14 1 2 18 19 -0.10666 0 811 812
753 14 1 0 4 1 4 4 0 0 0 154 
754 14 0 1 0 27 17 16 13 26 28 14 19 -0.171717 -4 813 814
755 14 0 1 0 25 24 12 14 20 14 18 17 -0.136364 7 815 816
756 14 0 1 0 5 16 20 19 0 28 19 13 -0.0739365 21 817 818
757 14 1 0 23 1 4 0 23 0 0 220 
758 14 1 0 2 1 4 0 1 1 0 221 
759 14 0 1 0 1 25 16 13 29 25 12 17 -0.0238095 17 819 820
760 14 1 0 2 1 4 0 0 0 2 225 
761 14 0 1 0 27 25 12 15 10 33 14 19 -0.0354267 -77 821 822
762 14 1 0 3 1 4 3 0 0 0 233 
763 14 1 0 14 1 4 0 0 0 14 234 
764 14 1 0 11 1 4 0 0 11 0 235 
765 14 0 1 0 7 18 20 12 0 20 16 17 -0.0327381 8 823 824
766 14 1 0 4 1 4 0 1 1 2 239 
767 14 0 1 0 7 14 19 17 20 18 19 17 -0.303558 -59 825 826
768 14 0 1 0 10 11 13 17 30 27 19 17 -0.11817 -18 827 828
769 14 1 0 4 1 4 4 0 0 0 308 
770 14 1 0 23 1 4 0 23 0 0 309 
771 14 0 1 0 1 26 19 12 1 11 17 14 -0.0381469 9 829 830
772 14 1 0 6 1 4 0 4 0 2 332 
773 14 1 0 6 1 4 1 5 0 0 334 
774 14 0 1 0 2 35 12 12 6 8 20 15 -0 5 831 832
775 14 1 0 7 1 4 7 0 0 0 337 
776 14 0 1 0 8 33 12 15 12 26 19 12 -0.277876 4 833 834
777 14 1 0 36 1 4 36 0 0 0 347 
778 14 1 0 2 1 4 1 1 0 0 348 
779 14 1 0 10 1 4 0 10 0 0 349 
780 14 1 0 5 1 4 4 1 0 0 350 
781 14 1 0 2 1 4 0 2 0 0 359 
782 14 0 1 0 14 7 18 20 1 0 12 17 -0.011748 20 835 836
783 14 0 1 0 32 3 18 15 21 9 13 13 -0.00691736 -26 837 838
784 14 0 1 0 35 23 17 12 15 19 16 18 -0 -99 839 840
785 14 1 0 2 1 4 1 1 0 0 393 
786 14 0 1 0 26 14 19 12 24 8 14 13 -0.00342466 -2 841 842
787 14 1 0 3 1 4 1 1 1 0 416 
788 14 0 1 0 4 23 13 20 0 35 12 13 -0.014307 -102 843 844
789 14 1 0 9 1 4 0 9 0 0 435 
790 14 1 0 2 1 4 0 1 1 0 436 
791 14 1 0 2 1 4 1 1 0 0 474 
792 14 1 0 141 1 4 141 0 0 0 475 
793 14 0 1 0 19 9 13 18 0 19 14 20 -0.0550042 120 845 846
794 14 1 0 2 1 4 1 0 0 1 536 
795 15 1 0 2 1 4 0 1 1 0 20 
796 15 1 0 37 1 4 0 37 0 0 21 
797 15 0 1 0 4 24 19 12 0 18 20 20 -0.0289077 2 847 848
798 15 1 0 2 1 4 0 0 1 1 43 
799 15 1 0 5 1 4 0 4 1 0 61 
800 15 0 1 0 14 11 12 20 21 8 19 19 -0 -7 849 850
801 15 0 1 0 6 8 19 19 0 17 13 12 -0.0359944 0 851 852
802 15 0 1 0 32 25 15 14 2 31 15 19 -0.0533333 6 853 854
803 15 0 1 0 30 31 12 14 23 33 12 15 -0.00187266 -30 855 856
804 15 1 0 2 1 4 0 0 1 1 89 
805 15 1 0 89 1 4 0 89 0 0 99 
806 15 1 0 2 1 4 0 1 0 1 100 
807 15 1 0 2 1 4 1 1 0 0 109 
808 15 1 0 79 1 4 79 0 0 0 110 
809 15 1 0 2 1 4 0 0 1 1 124 
810 15 0 1 0 1 10 13 12 16 1 15 14 -0.0738513 -20 857 858
811 15 1 0 6 1 4 0 1 4 1 149 
812 15 0 1 0 1 28 16 20 1 33 14 14 -0.0509121 -6 859 860
813 15 0 1 0 16 20 14 16 10 29 17 18 -0.111111 6 861 862
814 15 1 0 4 1 4 0 0 0 4 157 
815 15 1 0 5 1 4 5 0 0 0 158 
816 15 1 0 6 1 4 0 3 3 0 159 
817 15 0 1 0 33 27 18 12 23 8 13 16 -0.0662578 5 863 864
818 15 0 1 0 20 1 17 18 26 1 18 18 -0.111538 0 865 866
819 15 1 0 19 1 4 0 0 19 0 223 
820 15 1 0 2 1 4 0 1 1 0 224 
821 15 1 0 4 1 4 0 4 0 0 230 
822 15 0 1 0 1 10 15 20 0 2 19 20 -0.0217391 36 867 868
823 15 0 1 0 14 14 20 18 6 30 17 20 -0.0416667 -12 869 870
824 15 1 0 16 1 4 16 0 0 0 238 
825 15 1 0 4 1 4 4 0 0 0 240 
826 15 0 1 0 14 21 18 16 1 25 20 13 -0.230453 50 871 872
827 15 0 1 0 14 15 18 20 8 19 14 15 -0.105572 5 873 874
828 15 0 1 0 29 14 17 15 24 3 17 18 -0.0181402 -11 875 876
829 15 0 1 0 8 12 14 14 10 24 20 12 -0.0291496 -35 877 878
830 15 0 1 0 22 20 18 20 26 15 15 19 -0.0775862 37 879 880
831 15 1 0 9 1 4 0 0 0 9 335 
832 15 1 0 2 1 4 0 2 0 0 336 
833 15 0 1 0 21 11 17 13 23 16 16 13 -0.226708 -6 881 882
834 15 1 0 4 1 4 0 1 0 3 345 
835 15 1 0 2 1 4 1 1 0 0 360 
836 15 0 1 0 29 23 17 18 31 22 19 12 -0.004 -8 883 884
837 15 0 1 0 32 19 18 15 29 25 17 14 -0.00141643 -63 885 886
838 15 1 0 8 1 4 6 2 0 0 373 
839 15 1 0 11 1 4 11 0 0 0 374 
840 15 1 0 3 1 4 0 3 0 0 375 
841 15 1 0 2 1 4 1 1 0 0 394 
842 15 1 0 144 1 4 0 144 0 0 395 
843 15 1 0 3 1 4 0 3 0 0 417 
844 15 0 1 0 29 4 12 12 22 14 15 19 -0.0133831 19 887 888
845 15 0 1 0 17 27 15 19 33 26 20 13 -0.0510631 0 889 890
846 15 1 0 2 1 4 1 0 0 1 535 
847 16 0 1 0 16 11 17 17 19 22 18 15 -0.0231572 -1 891 892
848 16 1 0 7 1 4 0 4 2 1 42 
849 16 1 0 2 1 4 0 0 0 2 62 
850 16 1 0 22 1 4 0 0 22 0 63 
851 16 1 0 7 1 4 0 3 4 0 66 
852 16 0 1 0 0 24 14 12 15 18 16 18 -0.00735294 -61 893 894
853 16 1 0 5 1 4 0 4 1 0 69 
854 16 1 0 10 1 4 0 0 10 0 70 
855 16 1 0 2 1 4 0 0 1 1 87 
856 16 1 0 265 1 4 0 0 265 0 88 
857 16 1 0 2 1 4 0 1 0 1 125 
858 16 0 1 0 3 5 12 15 28 10 17 19 -0.0451128 35 895 896
859 16 1 0 5 1 4 0 0 4 1 150 
860 16 0 1 0 7 14 16 18 30 14 17 13 -0.0246424 -3 897 898
861 16 1 0 16 1 4 0 0 16 0 155 
862 16 1 0 2 1 4 1 0 1 0 156 
863 16 0 1 0 32 35 12 15 24 2 19 12 -0.104 16 899 900
864 16 0 1 0 0 26 15 17 30 13 14 13 -0.0612004 -9 901 902
865 16 0 1 0 27 20 18 13 23 24 20 13 -0.05 -28 903 904
866 16 0 1 0 27 20 18 13 23 24 20 13 -0.0892857 -17 905 906
867 16 1 0 21 1 4 0 0 21 0 231 
868 16 1 0 2 1 4 0 0 1 1 232 
869 16 1 0 10 1 4 0 10 0 0 236 
870 16 1 0 2 1 4 1 1 0 0 237 
871 16 0 1 0 4 25 20 19 14 20 19 13 -0.180513 -6 907 908
872 16 1 0 6 1 4 0 0 0 6 248 
873 16 0 1 0 0 5 14 19 2 7 17 19 -0.0363636 -21 909 910
874 16 1 0 9 1 4 0 9 0 0 251 
875 16 1 0 2 1 4 0 0 1 1 252 
876 16 0 1 0 20 10 12 18 12 4 19 20 -0.00625 -28 911 912
877 16 0 1 0 11 26 18 16 1 14 20 19 -0 79 913 914
878 16 0 1 0 25 12 13 17 6 31 12 13 -0.0180623 -58 915 916
879 16 0 1 0 14 2 15 19 17 2 12 16 -0 -8 917 918
880 16 1 0 17 1 4 0 17 0 0 331 
881 16 1 0 3 1 4 0 1 0 2 338 
882 16 0 1 0 27 26 14 16 21 1 20 18 -0.182347 -5 919 920
883 16 1 0 2 1 4 1 1 0 0 361 
884 16 1 0 123 1 4 123 0 0 0 362 
885 16 1 0 2 1 4 1 1 0 0 371 
886 16 1 0 351 1 4 351 0 0 0 372 
887 16 0 1 0 7 17 20 20 10 12 17 20 -0.0114876 19 921 922
888 16 1 0 2 1 4 1 0 1 0 430 
889 16 1 0 2 1 4 1 0 0 1 513 
890 16 0 1 0 6 12 17 19 6 29 14 16 -0.0475206 -4 923 924
891 17 0 1 0 24 24 19 20 29 20 18 12 -0.0186094 50 925 926
892 17 1 0 4 1 4 0 2 1 1 41 
893 17 1 0 2 1 4 1 1 0 0 67 
894 17 1 0 66 1 4 0 66 0 0 68 
895 17 0 1 0 17 16 19 16 25 21 16 16 -0.0353849 4 927 928
896 17 1 0 2 1 4 2 0 0 0 131 
897 17 0 1 0 19 2 15 20 25 3 16 12 -0.0078125 3 929 930
898 17 1 0 3 1 4 0 0 2 1 153 
899 17 0 1 0 25 11 14 15 12 34 12 18 -0 -48 931 932
900 17 1 0 5 1 4 0 1 4 0 162 
901 17 0 1 0 32 15 20 15 17 21 12 13 -0.116639 19 933 934
902 17 0 1 0 5 33 14 12 30 4 13 17 -0.0543815 13 935 936
903 17 1 0 2 1 4 0 1 1 0 215 
904 17 1 0 8 1 4 0 0 8 0 216 
905 17 0 1 0 4 22 16 15 10 25 12 18 -0.0357143 -20 937 938
906 17 1 0 2 1 4 1 1 0 0 219 
907 17 0 1 0 18 25 13 20 8 7 15 18 -0 72 939 940
908 17 0 1 0 0 24 17 16 7 25 13 17 -0.118166 -1 941 942
909 17 1 0 5 1 4 0 4 1 0 249 
910 17 1 0 17 1 4 0 0 17 0 250 
911 17 1 0 2 1 4 0 1 1 0 253 
912 17 1 0 78 1 4 0 78 0 0 254 
913 17 1 0 3 1 4 0 0 0 3 314 
914 17 1 0 8 1 4 0 8 0 0 315 
915 17 1 0 2 1 4 2 0 0 0 316 
916 17 0 1 0 20 28 12 18 16 21 20 18 -0.016001 -21 943 944
917 17 1 0 3 1 4 0 3 0 0 329 
918 17 1 0 9 1 4 9 0 0 0 330 
919 17 1 0 4 1 4 0 2 0 2 339 
920 17 0 1 0 2 25 20 15 1 28 13 17 -0.132156 -1 945 946
921 17 0 1 0 10 5 17 20 1 0 15 15 -0.0108663 18 947 948
922 17 1 0 2 1 4 0 2 0 0 429 
923 17 0 1 0 3 20 12 14 3 15 20 13 -0.036664 -12 949 950
924 17 0 1 0 24 7 19 19 29 7 16 18 -0.356745 9 951 952
925 18 0 1 0 9 27 20 20 1 10 16 14 -0.0174452 92 953 954
926 18 1 0 2 1 4 2 0 0 0 40 
927 18 1 0 3 1 4 0 1 2 0 126 
928 18 0 1 0 3 24 18 15 2 27 13 16 -0.0260417 7 955 956
929 18 1 0 62 1 4 0 0 0 62 151 
930 18 1 0 2 1 4 0 0 1 1 152 
931 18 1 0 18 1 4 0 0 0 18 160 
932 18 1 0 2 1 4 0 0 2 0 161 
933 18 0 1 0 2 3 18 14 27 8 14 19 -0.0266667 -1 957 958
934 18 0 1 0 11 0 16 14 6 6 17 16 -0 -1 959 960
935 18 0 1 0 27 29 15 16 27 34 12 20 -0.0703871 -11 961 962
936 18 0 1 0 17 25 12 17 29 32 13 14 -0.0475277 27 963 964
937 18 1 0 2 1 4 0 1 1 0 217 
938 18 1 0 12 1 4 0 12 0 0 218 
939 18 1 0 8 1 4 0 8 0 0 241 
940 18 1 0 2 1 4 0 0 2 0 242 
941 18 0 1 0 4 6 16 12 21 5 15 19 -0.0677966 -27 965 966
942 18 1 0 6 1 4 0 5 1 0 247 
943 18 1 0 2 1 4 2 0 0 0 317 
944 18 0 1 0 21 31 12 14 5 32 15 18 -0.0149969 28 967 968
945 18 0 1 0 28 2 16 12 28 9 16 14 -0 -4 969 970
946 18 0 1 0 8 27 17 20 14 28 19 19 -0.0450999 -15 971 972
947 18 0 1 0 12 11 15 19 11 10 18 20 -0.0716403 2 973 974
948 18 0 1 0 22 15 20 19 23 19 14 17 -0.00294743 17 975 976
949 18 1 0 3 1 4 1 0 0 2 514 
950 18 0 1 0 0 21 20 12 2 20 19 15 -0.0326481 8 977 978
951 18 1 0 3 1 4 1 2 0 0 532 
952 18 0 1 0 29 20 19 15 23 23 16 19 -0.195652 -12 979 980
953 19 0 1 0 21 32 13 20 23 30 17 16 -0.0127258 4 981 982
954 19 0 1 0 18 34 13 19 21 20 20 12 -0.0438596 10 983 984
955 19 0 1 0 4 27 19 17 11 13 20 14 -0.0122268 23 985 986
956 19 1 0 6 1 4 2 4 0 0 130 
957 19 1 0 22 1 4 0 0 22 0 163 
958 19 1 0 3 1 4 0 0 1 2 164 
959 19 1 0 4 1 4 0 0 4 0 165 
960 19 1 0 13 1 4 0 0 0 13 166 
961 19 1 0 9 1 4 0 0 8 1 167 
962 19 0 1 0 11 13 14 20 3 26 14 16 -0.0294118 -4 987 988
963 19 0 1 0 0 23 17 19 4 32 14 17 -0.0408587 8 989 990
964 19 0 1 0 30 33 14 16 4 34 12 19 -0.153782 -41 991 992
965 19 1 0 3 1 4 0 0 0 3 243 
966 19 0 1 0 6 17 16 13 4 31 14 12 -0.0343915 -5 993 994
967 19 1 0 4 1 4 2 2 0 0 318 
968 19 0 1 0 12 8 13 14 2 15 20 16 -0.012794 114 995 996
969 19 1 0 3 1 4 0 0 0 3 340 
970 19 1 0 9 1 4 0 9 0 0 341 
971 19 0 1 0 26 28 17 13 21 9 14 15 -0.0140187 -1 997 998
972 19 1 0 2 1 4 0 1 0 1 344 
973 19 1 0 2 1 4 0 0 1 1 418 
974 19 0 1 0 23 35 12 14 18 8 16 14 -0 45 999 1000
975 19 0 1 0 11 27 16 19 9 30 12 19 -0.00172111 18 1001 1002
976 19 1 0 2 1 4 1 0 1 0 428 
977 19 0 1 0 16 2 12 18 1 12 20 15 -0.0308904 114 1003 1004
978 19 1 0 3 1 4 0 1 1 1 531 
979 19 1 0 21 1 4 0 0 0 21 533 
980 19 1 0 2 1 4 1 0 0 1 534 
981 20 0 1 0 23 23 17 18 33 29 18 12 -0.00776234 -51 1005 1006
982 20 0 1 0 21 9 16 20 29 20 14 12 -0.032967 5 1007 1008
983 20 1 0 6 1 4 5 1 0 0 38 
984 20 1 0 13 1 4 0 13 0 0 39 
985 20 0 1 0 5 11 17 14 6 28 13 13 -0.00666667 -9 1009 1010
986 20 1 0 2 1 4 0 1 1 0 129 
987 20 1 0 15 1 4 0 15 0 0 168 
988 20 1 0 2 1 4 0 1 1 0 169 
989 20 0 1 0 26 23 16 12 18 13 14 12 -0.0388938 -6 1011 1012
990 20 1 0 4 1 4 0 4 0 0 211 
991 20 0 1 0 22 12 15 15 0 17 15 18 -0.05 -43 1013 1014
992 20 1 0 7 1 4 4 3 0 0 214 
993 20 0 1 0 10 24 19 18 17 23 12 14 -0 35 1015 1016
994 20 1 0 2 1 4 0 2 0 0 246 
995 20 0 1 0 31 4 12 14 32 0 14 15 -0.00931536 -7 1017 1018
996 20 0 1 0 24 24 18 12 1 30 17 13 -0 130 1019 1020
997 20 1 0 6 1 4 3 3 0 0 342 
998 20 1 0 101 1 4 0 101 0 0 343 
999 20 1 0 41 1 4 41 0 0 0 419 
1000 20 1 0 3 1 4 0 3 0 0 420 
1001 20 0 1 0 18 0 19 15 18 5 19 12 -0.00123116 5 1021 1022
1002 20 1 0 2 1 4 1 1 0 0 427 
1003 20 0 1 0 8 22 13 12 13 10 19 19 -0.02901 -73 1023 1024
1004 20 1 0 2 1 4 0 1 0 1 530 
1005 21 1 0 2 1 4 0 1 1 0 27 
1006 21 0 1 0 28 20 15 15 27 33 12 17 -0.00674542 3 1025 1026
1007 21 1 0 19 1 4 0 19 0 0 36 
1008 21 1 0 7 1 4 6 1 0 0 37 
1009 21 1 0 115 1 4 0 115 0 0 127 
1010 21 1 0 5 1 4 1 4 0 0 128 
1011 21 1 0 2 1 4 1 1 0 0 170 
1012 21 0 1 0 10 28 13 13 6 27 19 12 -0.0367886 34 1027 1028
1013 21 1 0 2 1 4 0 1 1 0 212 
1014 21 1 0 8 1 4 0 0 8 0 213 
1015 21 1 0 52 1 4 0 0 52 0 244 
1016 21 1 0 2 1 4 0 0 0 2 245 
1017 21 1 0 2 1 4 1 1 0 0 319 
1018 21 0 1 0 35 28 13 12 28 18 20 19 -0.0086194 29 1029 1030
1019 21 1 0 4 1 4 4 0 0 0 327 
1020 21 1 0 10 1 4 0 10 0 0 328 
1021 21 0 1 0 1 25 19 19 0 20 19 12 -0.000941586 73 1031 1032
1022 21 1 0 2 1 4 1 1 0 0 426 
1023 21 1 0 4 1 4 1 0 0 3 515 
1024 21 0 1 0 29 9 16 15 26 30 16 20 -0.0254567 -10 1033 1034
1025 22 0 1 0 5 16 16 20 7 14 13 17 -0.00589555 -26 1035 1036
1026 22 1 0 2 1 4 1 1 0 0 35 
1027 22 0 1 0 29 30 15 17 29 31 16 16 -0.0342317 4 1037 1038
1028 22 1 0 6 1 4 0 0 1 5 210 
1029 22 0 1 0 24 22 15 16 24 8 12 17 -0.00572903 27 1039 1040
1030 22 0 1 0 16 15 17 20 23 20 14 14 -0 -5 1041 1042
1031 22 0 1 0 13 30 12 20 23 33 14 13 -0.000480031 -30 1043 1044
1032 22 0 1 0 19 18 19 19 29 7 19 14 -0.0454545 83 1045 1046
1033 22 0 1 0 9 15 16 14 9 5 15 19 -0.13784 -9 1047 1048
1034 22 0 1 0 29 27 20 15 31 12 17 13 -0.0106405 12 1049 1050
1035 23 1 0 3 1 4 1 2 0 0 28 
1036 23 0 1 0 25 25 19 12 18 11 17 19 -0.00495825 9 1051 1052
1037 23 0 1 0 23 11 19 19 3 14 17 18 -0.0320688 -79 1053 1054
1038 23 0 1 0 22 2 18 18 6 4 19 15 -0 0 1055 1056
1039 23 0 1 0 32 18 16 14 28 16 12 18 -0.0588235 -9 1057 1058
1040 23 0 1 0 17 26 17 15 14 27 14 18 -0.00114609 3 1059 1060
1041 23 1 0 55 1 4 0 55 0 0 325 
1042 23 1 0 3 1 4 3 0 0 0 326 
1043 23 0 1 0 0 3 17 20 25 7 18 17 -0.016129 -26 1061 1062
1044 23 1 0 1985 1 4 1985 0 0 0 423 
1045 23 1 0 2 1 4 1 1 0 0 424 
1046 23 1 0 9 1 4 9 0 0 0 425 
1047 23 1 0 6 1 4 0 3 0 3 516 
1048 23 0 1 0 25 6 17 20 19 29 17 17 -0.102225 -51 1063 1064
1049 23 0 1 0 19 27 20 12 23 32 15 15 -0.00435476 -12 1065 1066
1050 23 0 1 0 3 14 13 17 12 22 19 20 -0.0192308 -54 1067 1068
1051 24 1 0 4 1 4 1 3 0 0 29 
1052 24 0 1 0 14 6 17 13 10 12 20 19 -0.00366766 5 1069 1070
1053 24 1 0 3 1 4 0 3 0 0 171 
1054 24 0 1 0 34 19 13 13 23 13 12 15 -0.0311816 -69 1071 1072
1055 24 1 0 3 1 4 0 0 3 0 208 
1056 24 1 0 7 1 4 0 0 0 7 209 
1057 24 1 0 2 1 4 0 1 0 1 320 
1058 24 1 0 32 1 4 0 32 0 0 321 
1059 24 0 1 0 33 2 20 12 22 22 19 14 -0.03125 -86 1073 1074
1060 24 1 0 802 1 4 0 802 0 0 324 
1061 24 1 0 29 1 4 29 0 0 0 421 
1062 24 1 0 2 1 4 1 1 0 0 422 
1063 24 0 1 0 19 3 14 20 31 1 14 14 -0.00396825 -3 1075 1076
1064 24 0 1 0 20 29 15 20 27 0 17 17 -0.248958 46 1077 1078
1065 24 1 0 2 1 4 0 0 1 1 522 
1066 24 0 1 0 33 15 18 12 28 28 14 19 -0.0039346 -20 1079 1080
1067 24 1 0 24 1 4 0 0 0 24 528 
1068 24 1 0 2 1 4 1 1 0 0 529 
1069 25 0 1 0 26 24 17 17 26 34 13 19 -0.00280112 12 1081 1082
1070 25 1 0 2 1 4 1 1 0 0 34 
1071 25 1 0 2 1 4 0 0 0 2 172 
1072 25 0 1 0 2 26 19 13 24 4 18 12 -0.0303335 6 1083 1084
1073 25 1 0 14 1 4 0 14 0 0 322 
1074 25 1 0 2 1 4 1 1 0 0 323 
1075 25 1 0 3 1 4 0 0 2 1 517 
1076 25 1 0 165 1 4 0 0 0 165 518 
1077 25 0 1 0 3 13 12 15 4 6 13 18 -0 4 1085 1086
1078 25 1 0 2 1 4 1 1 0 0 521 
1079 25 0 1 0 5 24 18 20 3 16 17 18 -0.166667 36 1087 1088
1080 25 0 1 0 28 24 16 15 27 26 16 20 -0.00204606 -2 1089 1090
1081 26 0 1 0 10 30 13 19 7 34 13 12 -0.00189562 10 1091 1092
1082 26 1 0 3 1 4 0 2 1 0 33 
1083 26 0 1 0 22 6 12 12 30 3 19 17 -0 1 1093 1094
1084 26 0 1 0 33 28 19 12 24 18 19 16 -0.0277174 1 1095 1096
1085 26 1 0 28 1 4 0 0 0 28 519 
1086 26 1 0 2 1 4 0 2 0 0 520 
1087 26 1 0 2 1 4 0 1 0 1 523 
1088 26 1 0 10 1 4 0 0 0 10 524 
1089 26 0 1 0 30 13 16 14 28 18 17 13 -0.0194175 -7 1097 1098
1090 26 1 0 1833 1 4 0 0 0 1833 527 
1091 27 1 0 5 1 4 1 4 0 0 30 
1092 27 0 1 0 25 32 13 12 26 20 14 20 -0.000847458 24 1099 1100
1093 27 1 0 6 1 4 0 0 0 6 173 
1094 27 1 0 14 1 4 0 0 14 0 174 
1095 27 0 1 0 22 20 19 17 11 5 16 16 -0.199779 58 1101 1102
1096 27 0 1 0 25 14 13 14 16 27 19 18 -0.0221637 -3 1103 1104
1097 27 1 0 2 1 4 0 1 0 1 525 
1098 27 1 0 101 1 4 0 0 0 101 526 
1099 28 1 0 5 1 4 0 4 1 0 31 
1100 28 1 0 939 1 4 0 939 0 0 32 
1101 28 0 1 0 31 31 13 15 31 10 19 15 -0.0986111 28 1105 1106
1102 28 0 1 0 25 27 17 18 20 2 14 13 -0.0263158 58 1107 1108
1103 28 0 1 0 7 28 16 15 11 15 13 12 -0.0205212 23 1109 1110
1104 28 1 0 2 1 4 1 0 1 0 207 
1105 29 0 1 0 27 26 17 16 24 11 12 12 -0.05 18 1111 1112
1106 29 1 0 8 1 4 1 7 0 0 177 
1107 29 1 0 2 1 4 0 0 1 1 178 
1108 29 1 0 17 1 4 0 0 17 0 179 
1109 29 0 1 0 19 27 19 20 23 22 20 19 -0.108006 21 1113 1114
1110 29 0 1 0 0 31 15 12 26 9 12 12 -0.0172845 0 1115 1116
1111 30 1 0 2 1 4 0 1 1 0 175 
1112 30 1 0 8 1 4 0 0 8 0 176 
1113 30 0 1 0 29 3 15 12 10 7 20 19 -0.0357143 -7 1117 1118
1114 30 1 0 9 1 4 0 7 2 0 182 
1115 30 1 0 5 1 4 0 0 3 2 183 
1116 30 0 1 0 9 25 14 15 8 24 19 17 -0.015786 10 1119 1120
1117 31 1 0 2 1 4 0 0 1 1 180 
1118 31 1 0 12 1 4 0 0 12 0 181 
1119 31 0 1 0 13 20 12 12 16 33 12 14 -0.0155009 -110 1121 1122
1120 31 1 0 2 1 4 0 0 0 2 206 
1121 32 0 1 0 24 20 14 20 21 15 14 16 -0.0439206 0 1123 1124
1122 32 0 1 0 5 26 13 14 1 25 17 18 -0.0128235 24 1125 1126
1123 33 1 0 3 1 4 0 0 0 3 184 
1124 33 0 1 0 20 34 13 14 10 18 17 19 -0.033871 100 1127 1128
1125 33 0 1 0 7 3 20 14 35 28 15 12 -0.0120724 -1 1129 1130
1126 33 1 0 4 1 4 0 2 2 0 205 
1127 34 0 1 0 27 23 12 12 31 28 12 13 -0 -19 1131 1132
1128 34 1 0 52 1 4 0 0 52 0 187 
1129 34 0 1 0 28 14 14 19 30 8 14 12 -0.010709 -17 1133 1134
1130 34 0 1 0 5 22 13 20 6 23 16 20 -0 -11 1135 1136
1131 35 1 0 3 1 4 0 0 0 3 185 
1132 35 1 0 7 1 4 0 0 7 0 186 
1133 35 1 0 2 1 4 0 0 1 1 188 
1134 35 0 1 0 26 25 14 20 32 27 14 15 -0.010214 24 1137 1138
1135 35 1 0 3 1 4 0 3 0 0 203 
1136 35 1 0 12 1 4 0 0 12 0 204 
1137 36 0 1 0 4 15 16 17 5 17 20 18 -0.00972942 -48 1139 1140
1138 36 1 0 2 1 4 0 0 1 1 202 
1139 37 1 0 2 1 4 0 1 1 0 189 
1140 37 0 1 0 25 28 17 19 21 16 17 14 -0.00923014 10 1141 1142
1141 38 0 1 0 26 9 13 12 25 4 19 12 -0 -1 1143 1144
1142 38 0 1 0 33 25 15 12 29 17 18 16 -0.00532152 -5 1145 1146
1143 39 1 0 2 1 4 2 0 0 0 190 
1144 39 1 0 27 1 4 0 0 27 0 191 
1145 39 1 0 2 1 4 0 0 1 1 192 
1146 39 0 1 0 20 29 17 17 24 33 13 19 -0.00467259 19 1147 1148
1147 40 0 1 0 34 26 19 13 7 12 19 16 -0.00382002 -5 1149 1150
1148 40 1 0 5 1 4 0 2 3 0 201 
1149 41 1 0 2 1 4 0 1 1 0 193 
1150 41 0 1 0 9 1 14 13 26 0 16 17 -0.0035046 14 1151 1152
1151 42 0 1 0 3 25 17 14 33 32 12 14 -0.00254041 60 1153 1154
1152 42 0 1 0 17 34 13 15 32 30 17 12 -0 25 1155 1156
1153 43 0 1 0 33 30 15 13 16 11 19 12 -0.00202758 14 1157 1158
1154 43 0 1 0 6 11 18 20 23 10 15 20 -0.05 5 1159 1160
1155 43 1 0 28 1 4 0 0 28 0 199 
1156 43 1 0 2 1 4 0 2 0 0 200 
1157 44 0 1 0 22 4 14 15 18 8 15 13 -0.0555556 1 1161 1162
1158 44 1 0 1882 1 4 0 0 1882 0 196 
1159 44 1 0 2 1 4 0 1 1 0 197 
1160 44 1 0 8 1 4 0 0 8 0 198 
1161 45 1 0 34 1 4 0 0 34 0 194 
1162 45 1 0 2 1 4 1 0 1 0 195 
