-2147483648 -2147483648 data/trees_headpose/tree_004.txt
100 10 5000 30 30000 1 48 1 data/trees_headpose ./data/Cropped_HBO_Data_4view.txt
1 0
0 0 0 1 0 31 28 18 16 30 14 20 16 -0.953825 2 1 2
1 1 0 1 0 9 29 17 14 10 12 18 16 -0.766521 21 3 4
2 1 0 1 0 10 18 20 17 15 13 20 14 -0.689778 -4 5 6
3 2 0 1 0 11 35 12 16 18 29 15 20 -1.45241 25 7 8
4 2 0 1 0 1 27 17 14 8 24 17 12 -0.407052 5 9 10
5 2 0 1 0 3 31 16 12 4 22 18 18 -0.543656 1 11 12
6 2 0 1 0 0 24 16 12 5 10 16 13 -0.550521 -8 13 14
7 3 0 1 0 11 27 20 12 12 10 12 18 -1.44247 0 15 16
8 3 0 1 0 21 13 18 18 26 29 15 18 -0.494794 10 17 18
9 3 0 1 0 2 12 13 13 24 14 12 15 -0.274779 -4 19 20
10 3 0 1 0 21 33 14 20 7 27 19 13 -1.01904 -21 21 22
11 3 0 1 0 11 30 15 12 11 12 14 15 -0.507968 29 23 24
12 3 0 1 0 22 32 15 18 10 26 19 14 -0.354283 -17 25 26
13 3 0 1 0 24 13 15 19 35 24 20 12 -0.342695 29 27 28
14 3 0 1 0 9 17 17 14 18 6 15 16 -0.553581 -23 29 30
15 4 0 1 0 32 26 13 12 33 27 15 13 -0.933101 22 31 32
16 4 0 1 0 1 15 17 19 14 2 15 19 -1.34388 9 33 34
17 4 0 1 0 9 16 20 14 6 24 15 13 -0.146703 2 35 36
18 4 0 1 0 2 26 13 15 6 20 15 18 -0.312476 -50 37 38
19 4 0 1 0 15 33 14 15 30 30 17 16 -0.20332 32 39 40
20 4 0 1 0 3 16 19 18 0 30 17 15 -0.738375 2 41 42
21 4 0 1 0 34 23 18 12 5 1 15 18 -0.24537 -15 43 44
22 4 0 1 0 8 20 12 17 20 8 16 15 -0.361818 -24 45 46
23 4 0 1 0 23 26 20 12 19 23 14 13 -0.37926 -7 47 48
24 4 0 1 0 26 25 14 19 22 11 20 17 -0.953081 -11 49 50
25 4 0 1 0 12 10 19 20 10 27 19 13 -0.848772 -19 51 52
26 4 0 1 0 27 22 16 13 20 8 13 13 -0.283436 5 53 54
27 4 0 1 0 4 17 16 20 9 9 14 20 -0.261194 -7 55 56
28 4 0 1 0 0 9 19 18 2 29 15 13 -0.429602 5 57 58
29 4 0 1 0 18 25 12 14 12 23 16 17 -0.804857 -1 59 60
30 4 0 1 0 15 4 13 18 22 3 18 15 -0.47187 13 61 62
31 5 0 1 0 1 10 17 15 13 22 18 13 -0.738682 -1 63 64
32 5 0 1 0 9 19 19 15 30 8 16 14 -0.409091 -49 65 66
33 5 0 1 0 1 35 12 12 2 21 13 13 -1.29156 5 67 68
34 5 0 1 0 21 10 19 19 25 29 18 19 -0.697917 20 69 70
35 5 1 0 4 1 4 0 0 1 3 53 
36 5 0 1 0 15 12 20 19 12 24 17 20 -0.0848485 3 71 72
37 5 1 0 7 1 4 4 2 1 0 57 
38 5 0 1 0 33 17 19 14 31 22 15 13 -0.23047 2 73 74
39 5 0 1 0 15 2 15 14 9 9 16 14 -0.831796 4 75 76
40 5 0 1 0 1 4 15 14 9 4 12 19 -0.152445 37 77 78
41 5 0 1 0 35 2 15 12 28 14 13 13 -0.433152 1 79 80
42 5 0 1 0 21 11 19 17 23 15 13 15 -0.287006 -1 81 82
43 5 1 0 4 1 4 3 0 0 1 118 
44 5 0 1 0 14 16 13 19 3 16 16 19 -0.0329078 -6 83 84
45 5 0 1 0 12 22 18 20 5 0 16 17 -0.0957447 138 85 86
46 5 0 1 0 1 29 12 12 24 18 14 18 -0.282759 -12 87 88
47 5 0 1 0 9 19 19 20 10 28 15 13 -0.368047 -8 89 90
48 5 0 1 0 25 13 17 20 29 23 18 16 -0.314547 7 91 92
49 5 0 1 0 0 1 14 14 16 29 17 14 -0.313103 -69 93 94
50 5 0 1 0 8 22 16 14 5 26 19 14 -1.01958 -3 95 96
51 5 0 1 0 16 30 15 17 12 29 13 12 -0.171849 1 97 98
52 5 0 1 0 21 27 20 14 15 11 20 19 -0.442105 -28 99 100
53 5 0 1 0 17 26 13 14 8 34 13 19 -0.174837 -35 101 102
54 5 0 1 0 15 0 15 18 32 25 15 14 -0.567939 -109 103 104
55 5 0 1 0 24 28 15 17 31 34 12 13 -0.154005 5 105 106
56 5 0 1 0 19 26 17 18 10 0 18 16 -0.230238 8 107 108
57 5 0 1 0 14 0 13 15 34 19 12 13 -0.103448 21 109 110
58 5 0 1 0 27 29 16 19 27 27 15 17 -0.311111 7 111 112
59 5 0 1 0 20 12 16 13 9 3 18 18 -0 9 113 114
60 5 0 1 0 11 25 20 16 5 31 12 14 -0.514506 23 115 116
61 5 0 1 0 0 28 18 14 1 14 18 18 -0.385545 -3 117 118
62 5 0 1 0 29 31 14 14 14 0 13 18 -0.655683 3 119 120
63 6 0 1 0 16 18 19 13 15 30 12 15 -0.648777 3 121 122
64 6 0 1 0 25 16 17 15 16 10 18 20 -0 20 123 124
65 6 1 0 2 1 4 1 0 0 1 14 
66 6 1 0 9 1 4 0 0 0 9 15 
67 6 0 1 0 7 12 16 15 15 0 20 17 -0.803097 6 125 126
68 6 0 1 0 25 29 16 19 15 25 14 19 -1.28651 -43 127 128
69 6 0 1 0 15 29 14 16 27 21 15 18 -0.568215 7 129 130
70 6 1 0 5 1 4 0 0 0 5 52 
71 6 0 1 0 22 22 17 12 0 31 13 19 -0.0151515 -25 131 132
72 6 1 0 2 1 4 0 1 0 1 56 
73 6 0 1 0 8 27 17 12 4 29 14 17 -0.0404901 -4 133 134
74 6 0 1 0 15 24 13 15 10 27 18 20 -0.159615 2 135 136
75 6 0 1 0 10 4 12 16 4 15 20 17 -0.305048 -16 137 138
76 6 0 1 0 12 12 18 18 35 20 15 12 -0.454386 -31 139 140
77 6 0 1 0 11 17 15 19 5 21 16 12 -0.141527 96 141 142
78 6 1 0 4 1 4 4 0 0 0 106 
79 6 0 1 0 22 28 15 20 25 17 18 18 -0.23302 19 143 144
80 6 0 1 0 3 21 14 18 9 4 19 17 -0.099359 47 145 146
81 6 1 0 7 1 4 0 0 4 3 114 
82 6 0 1 0 22 25 17 17 14 22 20 17 -0.0967742 -8 147 148
83 6 1 0 3 1 4 0 1 2 0 119 
84 6 0 1 0 16 34 13 13 28 23 18 17 -0.0106383 -4 149 150
85 6 1 0 45 1 4 45 0 0 0 122 
86 6 1 0 2 1 4 1 0 0 1 123 
87 6 1 0 9 1 4 0 0 0 9 124 
88 6 0 1 0 26 34 13 20 29 31 15 16 -0.05 9 151 152
89 6 0 1 0 27 28 18 20 12 18 17 17 -0.0416667 -35 153 154
90 6 0 1 0 25 19 17 20 8 35 12 17 -0.260851 6 155 156
91 6 0 1 0 1 30 17 17 4 22 18 13 -0.2362 14 157 158
92 6 0 1 0 9 27 18 19 6 12 17 20 -0.859058 13 159 160
93 6 0 1 0 4 26 13 12 9 13 14 19 -0.219729 -61 161 162
94 6 1 0 3 1 4 3 0 0 0 220 
95 6 0 1 0 3 26 14 15 12 12 19 18 -0 -36 163 164
96 6 0 1 0 3 8 18 20 1 23 14 13 -0.857432 18 165 166
97 6 0 1 0 9 31 14 14 18 10 12 15 -0.0882353 6 167 168
98 6 1 0 5 1 4 1 4 0 0 235 
99 6 1 0 4 1 4 0 0 0 4 236 
100 6 0 1 0 15 5 13 13 5 12 19 15 -0.3 56 169 170
101 6 0 1 0 13 31 12 17 20 30 17 17 -0.353846 -3 171 172
102 6 0 1 0 10 23 16 14 14 5 20 17 -0.144225 41 173 174
103 6 0 1 0 18 3 16 20 19 16 20 15 -0.0857143 -98 175 176
104 6 0 1 0 25 34 13 20 27 34 12 14 -0.47648 -7 177 178
105 6 0 1 0 21 29 15 16 2 32 12 18 -0.0143329 69 179 180
106 6 0 1 0 12 29 13 20 15 29 13 15 -0.293056 -3 181 182
107 6 0 1 0 0 18 18 12 5 22 15 16 -0.358696 -32 183 184
108 6 0 1 0 31 22 13 14 24 21 12 17 -0.196526 12 185 186
109 6 1 0 4 1 4 0 3 0 1 375 
110 6 1 0 25 1 4 0 0 0 25 376 
111 6 1 0 9 1 4 0 8 0 1 377 
112 6 1 0 5 1 4 4 1 0 0 378 
113 6 1 0 4 1 4 0 0 4 0 379 
114 6 1 0 20 1 4 0 0 0 20 380 
115 6 0 1 0 28 17 19 12 34 32 14 13 -0.377962 23 187 188
116 6 1 0 9 1 4 0 0 0 9 388 
117 6 0 1 0 14 6 17 18 2 10 20 16 -0.352501 19 189 190
118 6 0 1 0 0 32 15 13 7 30 16 15 -0.352151 -44 191 192
119 6 0 1 0 3 26 19 18 2 27 18 20 -0.0208333 -1 193 194
120 6 0 1 0 11 28 12 18 16 7 20 12 -0.450706 22 195 196
121 7 0 1 0 2 30 17 14 6 15 17 20 -0.728186 -6 197 198
122 7 0 1 0 32 28 15 14 6 5 13 18 -0.294446 28 199 200
123 7 1 0 12 1 4 0 0 12 0 12 
124 7 1 0 3 1 4 0 0 0 3 13 
125 7 0 1 0 6 0 18 16 1 12 18 17 -0.615797 2 201 202
126 7 0 1 0 15 15 17 16 18 23 17 12 -0.162963 -4 203 204
127 7 0 1 0 6 26 20 12 22 5 17 12 -0.0277778 -44 205 206
128 7 0 1 0 23 20 19 13 21 22 13 18 -1.03101 4 207 208
129 7 0 1 0 31 19 15 12 27 29 17 17 -0.120513 2 209 210
130 7 0 1 0 17 0 14 12 0 27 20 12 -0.410953 -15 211 212
131 7 1 0 2 1 4 1 1 0 0 54 
132 7 1 0 31 1 4 0 31 0 0 55 
133 7 1 0 2 1 4 1 1 0 0 58 
134 7 0 1 0 22 19 15 20 22 27 15 20 -0.0213675 -3 213 214
135 7 1 0 8 1 4 0 0 1 7 61 
136 7 1 0 5 1 4 3 2 0 0 62 
137 7 0 1 0 10 15 20 18 25 12 12 16 -0.158025 -36 215 216
138 7 0 1 0 11 16 20 12 23 12 20 14 -0.0263158 -6 217 218
139 7 1 0 5 1 4 0 0 1 4 68 
140 7 0 1 0 0 25 15 17 9 23 14 12 -0.198142 8 219 220
141 7 0 1 0 1 28 19 18 7 24 20 14 -0.136806 8 221 222
142 7 1 0 3 1 4 3 0 0 0 105 
143 7 0 1 0 18 26 18 19 27 28 16 18 -0.0441392 10 223 224
144 7 1 0 8 1 4 0 4 3 1 110 
145 7 0 1 0 19 31 13 18 2 26 12 12 -0.0384615 6 225 226
146 7 1 0 3 1 4 0 0 2 1 113 
147 7 0 1 0 2 14 16 17 1 29 13 14 -0.0645161 -14 227 228
148 7 1 0 9 1 4 9 0 0 0 117 
149 7 1 0 2 1 4 0 0 1 1 120 
150 7 1 0 45 1 4 0 0 0 45 121 
151 7 1 0 16 1 4 0 0 16 0 125 
152 7 1 0 4 1 4 2 2 0 0 126 
153 7 1 0 13 1 4 0 0 0 13 127 
154 7 1 0 3 1 4 2 1 0 0 128 
155 7 0 1 0 10 24 18 12 12 13 14 19 -0.200375 2 229 230
156 7 0 1 0 3 31 16 15 12 7 17 16 -0.044477 -20 231 232
157 7 0 1 0 13 23 12 18 10 34 12 13 -0.210159 -28 233 234
158 7 0 1 0 35 26 17 12 27 23 16 15 -0.17073 -11 235 236
159 7 0 1 0 5 3 19 12 0 7 15 12 -0.218182 -1 237 238
160 7 0 1 0 19 16 12 18 15 29 13 19 -0.569794 -26 239 240
161 7 1 0 2 1 4 1 1 0 0 215 
162 7 0 1 0 11 3 18 14 9 7 17 20 -0.151762 -1 241 242
163 7 1 0 5 1 4 0 5 0 0 221 
164 7 1 0 15 1 4 15 0 0 0 222 
165 7 0 1 0 21 0 15 17 17 0 12 20 -0.552941 1 243 244
166 7 0 1 0 15 30 12 16 24 31 13 13 -0.503106 28 245 246
167 7 1 0 2 1 4 1 0 0 1 233 
168 7 1 0 49 1 4 0 0 0 49 234 
169 7 1 0 13 1 4 13 0 0 0 237 
170 7 1 0 2 1 4 1 0 0 1 238 
171 7 0 1 0 22 25 16 18 3 8 20 15 -0.102564 33 247 248
172 7 1 0 7 1 4 0 0 0 7 241 
173 7 0 1 0 22 33 13 17 28 29 18 16 -0.126074 42 249 250
174 7 0 1 0 2 0 20 12 30 12 13 16 -0.186869 -15 251 252
175 7 1 0 5 1 4 0 2 3 0 284 
176 7 1 0 9 1 4 0 0 0 9 285 
177 7 0 1 0 30 21 16 16 31 24 20 14 -0.292615 -1 253 254
178 7 0 1 0 5 20 18 15 3 1 18 13 -0.432535 0 255 256
179 7 0 1 0 32 31 12 13 21 25 12 17 -0.00409836 -26 257 258
180 7 1 0 7 1 4 1 6 0 0 319 
181 7 0 1 0 12 27 16 18 8 23 19 19 -0.0347222 14 259 260
182 7 1 0 6 1 4 0 2 1 3 322 
183 7 1 0 11 1 4 0 0 0 11 323 
184 7 0 1 0 16 22 15 16 2 22 20 20 -0.125 -19 261 262
185 7 0 1 0 20 9 14 17 15 25 19 13 -0.175997 -19 263 264
186 7 0 1 0 5 23 12 13 4 25 17 15 -0.224458 15 265 266
187 7 0 1 0 1 22 20 17 12 20 19 13 -0.219654 -36 267 268
188 7 1 0 7 1 4 0 3 0 4 387 
189 7 0 1 0 31 18 15 15 12 16 15 19 -0.215415 -1 269 270
190 7 0 1 0 8 13 17 13 8 24 12 16 -0 -42 271 272
191 7 0 1 0 24 22 13 18 20 13 14 14 -0.379008 -6 273 274
192 7 0 1 0 18 6 15 14 8 15 16 14 -0.309805 16 275 276
193 7 1 0 4 1 4 2 2 0 0 566 
194 7 1 0 44 1 4 0 0 0 44 567 
195 7 0 1 0 21 8 16 20 20 16 16 14 -0.23987 -56 277 278
196 7 0 1 0 30 24 15 15 32 26 15 14 -0.383359 -6 279 280
197 8 0 1 0 16 16 13 20 17 20 19 19 -0.670732 5 281 282
198 8 0 1 0 27 16 13 19 6 20 20 12 -0.0238095 5 283 284
199 8 0 1 0 12 32 15 13 19 1 18 17 -0.122806 51 285 286
200 8 0 1 0 5 3 16 15 25 27 14 20 -0.203463 -75 287 288
201 8 0 1 0 26 18 20 18 0 21 19 15 -0.226222 1 289 290
202 8 0 1 0 16 7 16 19 15 23 12 14 -0.810174 -25 291 292
203 8 0 1 0 27 20 13 15 14 27 19 20 -0 -19 293 294
204 8 1 0 3 1 4 0 0 0 3 26 
205 8 1 0 2 1 4 1 1 0 0 27 
206 8 1 0 16 1 4 0 0 0 16 28 
207 8 0 1 0 20 18 19 14 21 27 16 12 -0.492424 2 295 296
208 8 0 1 0 30 11 20 13 33 25 13 14 -0.802402 13 297 298
209 8 1 0 3 1 4 1 2 0 0 41 
210 8 0 1 0 5 4 20 15 19 23 15 13 -0.05 -3 299 300
211 8 1 0 28 1 4 28 0 0 0 44 
212 8 0 1 0 17 9 17 20 16 16 12 14 -0.424143 -59 301 302
213 8 1 0 6 1 4 0 1 2 3 59 
214 8 1 0 150 1 4 0 0 0 150 60 
215 8 1 0 3 1 4 2 1 0 0 63 
216 8 0 1 0 18 5 14 15 1 4 14 20 -0.0308642 14 303 304
217 8 1 0 17 1 4 0 0 0 17 66 
218 8 1 0 2 1 4 0 0 1 1 67 
219 8 0 1 0 6 22 12 20 25 3 13 17 -0 -54 305 306
220 8 1 0 2 1 4 0 1 0 1 71 
221 8 0 1 0 20 31 15 13 26 32 13 12 -0.107139 7 307 308
222 8 0 1 0 26 26 17 20 31 34 12 12 -0.202142 5 309 310
223 8 1 0 4 1 4 0 1 3 0 107 
224 8 0 1 0 10 2 13 12 28 9 17 17 -0.0142857 -29 311 312
225 8 1 0 2 1 4 1 1 0 0 111 
226 8 1 0 11 1 4 0 11 0 0 112 
227 8 1 0 2 1 4 0 1 0 1 115 
228 8 1 0 29 1 4 0 29 0 0 116 
229 8 0 1 0 22 27 13 18 27 28 19 19 -0.133696 17 313 314
230 8 1 0 6 1 4 0 3 0 3 138 
231 8 0 1 0 21 30 16 15 9 13 16 14 -0.016129 54 315 316
232 8 1 0 2 1 4 0 0 1 1 141 
233 8 1 0 7 1 4 0 0 1 6 142 
234 8 0 1 0 0 22 20 17 6 29 12 12 -0.196807 -34 317 318
235 8 0 1 0 28 29 14 14 28 31 14 16 -0.112958 -3 319 320
236 8 0 1 0 19 27 18 14 16 16 13 14 -0.0708626 17 321 322
237 8 1 0 3 1 4 0 0 0 3 207 
238 8 0 1 0 0 22 12 18 1 34 12 16 -0.0857143 -2 323 324
239 8 1 0 8 1 4 0 8 0 0 211 
240 8 0 1 0 0 35 12 14 2 33 12 14 -0.128483 1 325 326
241 8 0 1 0 33 26 13 13 21 33 14 20 -0.100104 -48 327 328
242 8 1 0 2 1 4 0 2 0 0 219 
243 8 1 0 6 1 4 3 1 1 1 223 
244 8 0 1 0 26 3 18 20 20 10 19 12 -0.113852 -25 329 330
245 8 0 1 0 25 5 20 16 29 11 20 14 -0.285714 17 331 332
246 8 1 0 4 1 4 0 0 0 4 232 
247 8 1 0 7 1 4 0 0 7 0 239 
248 8 1 0 6 1 4 2 4 0 0 240 
249 8 0 1 0 16 20 17 14 6 2 13 14 -0.0891837 11 333 334
250 8 0 1 0 1 27 17 20 4 26 19 13 -0.571558 -2 335 336
251 8 1 0 9 1 4 0 0 2 7 282 
252 8 1 0 2 1 4 1 1 0 0 283 
253 8 0 1 0 22 27 13 12 19 26 19 18 -0.237626 -11 337 338
254 8 1 0 4 1 4 0 0 1 3 295 
255 8 0 1 0 11 30 15 17 9 23 18 20 -0.417582 15 339 340
256 8 0 1 0 12 24 14 20 7 3 20 15 -0.301982 114 341 342
257 8 1 0 2 1 4 1 1 0 0 317 
258 8 1 0 120 1 4 120 0 0 0 318 
259 8 1 0 6 1 4 5 1 0 0 320 
260 8 1 0 18 1 4 0 18 0 0 321 
261 8 1 0 6 1 4 0 0 6 0 324 
262 8 1 0 6 1 4 3 3 0 0 325 
263 8 0 1 0 23 3 18 13 29 24 20 17 -0.163869 22 343 344
264 8 0 1 0 21 3 19 18 22 0 13 15 -0.0242424 7 345 346
265 8 0 1 0 13 15 12 17 2 9 20 12 -0.0546218 62 347 348
266 8 1 0 2 1 4 1 1 0 0 374 
267 8 1 0 3 1 4 0 0 1 2 381 
268 8 0 1 0 21 9 18 18 28 27 19 13 -0.0940466 -42 349 350
269 8 0 1 0 13 0 20 17 22 4 15 19 -0.149605 -16 351 352
270 8 0 1 0 15 10 18 19 7 1 13 16 -0.0933333 43 353 354
271 8 1 0 2 1 4 0 2 0 0 404 
272 8 1 0 11 1 4 0 0 0 11 405 
273 8 0 1 0 25 32 13 13 23 4 18 13 -0.126849 105 355 356
274 8 0 1 0 27 30 12 20 30 35 12 14 -0.382003 5 357 358
275 8 0 1 0 33 27 18 13 12 15 13 12 -0.224286 -3 359 360
276 8 0 1 0 16 28 16 16 23 22 16 14 -1.03061 29 361 362
277 8 0 1 0 26 6 12 16 29 4 16 17 -0.0727273 15 363 364
278 8 0 1 0 23 21 19 17 33 30 16 12 -0.107111 -36 365 366
279 8 0 1 0 13 25 16 16 5 13 16 20 -0.245536 17 367 368
280 8 0 1 0 22 14 12 20 27 6 19 20 -0.201592 -5 369 370
281 9 0 1 0 8 24 12 18 5 11 17 18 -0.206481 19 371 372
282 9 1 0 9 1 4 1 0 0 8 3 
283 9 1 0 2 1 4 1 1 0 0 4 
284 9 1 0 19 1 4 19 0 0 0 5 
285 9 0 1 0 13 25 18 17 18 28 19 20 -0.00446429 -29 373 374
286 9 1 0 6 1 4 3 0 0 3 8 
287 9 0 1 0 4 33 13 13 12 13 13 14 -0 -64 375 376
288 9 1 0 3 1 4 0 0 1 2 11 
289 9 1 0 4 1 4 1 0 3 0 16 
290 9 0 1 0 11 32 14 13 13 14 12 17 -0.147783 -6 377 378
291 9 1 0 5 1 4 5 0 0 0 19 
292 9 0 1 0 26 5 19 17 16 22 17 13 -0.498554 8 379 380
293 9 1 0 11 1 4 0 11 0 0 24 
294 9 1 0 4 1 4 4 0 0 0 25 
295 9 0 1 0 20 11 13 13 20 33 13 16 -0.33249 -6 381 382
296 9 0 1 0 21 23 18 14 3 32 15 12 -0 -13 383 384
297 9 1 0 8 1 4 1 2 1 4 36 
298 9 0 1 0 11 15 14 12 9 14 19 19 -0.296525 -19 385 386
299 9 1 0 8 1 4 0 0 8 0 42 
300 9 1 0 2 1 4 0 0 1 1 43 
301 9 0 1 0 5 4 20 15 19 23 15 13 -0.0384615 -105 387 388
302 9 0 1 0 4 35 12 15 0 5 20 17 -0.311712 34 389 390
303 9 1 0 21 1 4 0 0 21 0 64 
304 9 1 0 6 1 4 0 0 1 5 65 
305 9 1 0 2 1 4 0 2 0 0 69 
306 9 1 0 15 1 4 15 0 0 0 70 
307 9 0 1 0 33 17 12 14 2 31 15 13 -0.31803 -24 391 392
308 9 0 1 0 28 24 13 19 29 20 16 12 -0.0781084 3 393 394
309 9 1 0 8 1 4 7 1 0 0 102 
310 9 0 1 0 5 33 13 14 32 2 12 14 -0.0454545 56 395 396
311 9 1 0 2 1 4 0 0 1 1 108 
312 9 1 0 33 1 4 0 0 0 33 109 
313 9 0 1 0 6 34 12 17 16 34 13 15 -0.0139667 -68 397 398
314 9 0 1 0 16 24 18 18 16 26 19 19 -0.195609 3 399 400
315 9 1 0 29 1 4 0 29 0 0 139 
316 9 1 0 2 1 4 1 1 0 0 140 
317 9 0 1 0 24 3 17 16 17 19 18 16 -0 -89 401 402
318 9 0 1 0 22 15 20 15 9 13 12 20 -0.177012 77 403 404
319 9 0 1 0 19 16 13 20 25 31 15 17 -0.0857143 -45 405 406
320 9 0 1 0 16 10 17 16 19 27 20 13 -0.0592443 -4 407 408
321 9 0 1 0 23 31 15 16 29 27 17 17 -0.00537634 0 409 410
322 9 0 1 0 5 29 12 12 3 5 20 17 -0.197368 2 411 412
323 9 1 0 9 1 4 9 0 0 0 208 
324 9 0 1 0 22 27 15 14 25 34 12 13 -0 -3 413 414
325 9 0 1 0 13 16 19 18 18 5 19 14 -0.0588235 -16 415 416
326 9 1 0 4 1 4 2 2 0 0 214 
327 9 0 1 0 17 15 15 15 12 20 13 16 -0.0194175 37 417 418
328 9 1 0 4 1 4 1 1 0 2 218 
329 9 0 1 0 24 19 17 18 4 10 18 20 -0.0645161 4 419 420
330 9 1 0 3 1 4 0 3 0 0 226 
331 9 0 1 0 19 9 17 14 9 4 18 18 -0.193407 61 421 422
332 9 1 0 3 1 4 0 0 0 3 231 
333 9 0 1 0 4 22 16 20 21 23 19 12 -0.116667 -14 423 424
334 9 0 1 0 10 19 18 14 12 7 20 16 -0.0779993 33 425 426
335 9 1 0 5 1 4 0 0 0 5 276 
336 9 0 1 0 29 12 19 14 17 10 17 18 -0.360955 -72 427 428
337 9 1 0 2 1 4 0 0 0 2 286 
338 9 0 1 0 18 15 20 19 24 22 19 12 -0.178081 -7 429 430
339 9 0 1 0 12 24 20 15 9 15 19 17 -0.153846 16 431 432
340 9 1 0 7 1 4 0 0 2 5 298 
341 9 0 1 0 12 9 12 17 5 8 19 12 -0.267823 5 433 434
342 9 1 0 9 1 4 0 0 9 0 316 
343 9 0 1 0 35 32 15 12 28 25 18 18 -0.153119 8 435 436
344 9 1 0 3 1 4 0 0 0 3 368 
345 9 1 0 5 1 4 0 4 1 0 369 
346 9 1 0 28 1 4 28 0 0 0 370 
347 9 0 1 0 9 27 13 17 18 30 14 19 -0.0357143 -41 437 438
348 9 1 0 3 1 4 0 0 0 3 373 
349 9 0 1 0 22 7 19 19 4 4 17 12 -0 20 439 440
350 9 0 1 0 28 29 12 14 10 0 19 13 -0.0228416 15 441 442
351 9 1 0 11 1 4 11 0 0 0 389 
352 9 0 1 0 7 10 19 16 27 15 18 20 -0.127909 -8 443 444
353 9 0 1 0 22 17 15 17 15 23 15 16 -0.0406619 11 445 446
354 9 1 0 3 1 4 2 1 0 0 403 
355 9 0 1 0 9 16 13 20 9 16 20 18 -0.107241 -3 447 448
356 9 1 0 3 1 4 0 3 0 0 409 
357 9 0 1 0 8 20 15 16 21 10 20 15 -0.362775 -47 449 450
358 9 0 1 0 18 28 15 19 1 18 19 20 -0.018018 52 451 452
359 9 0 1 0 18 9 18 15 18 24 15 20 -0.649727 -1 453 454
360 9 0 1 0 5 26 18 17 29 31 16 14 -0.15985 -100 455 456
361 9 0 1 0 11 33 13 14 1 29 16 19 -0.733183 33 457 458
362 9 0 1 0 17 3 18 19 9 13 14 13 -0.135642 10 459 460
363 9 1 0 5 1 4 1 4 0 0 568 
364 9 1 0 6 1 4 0 0 6 0 569 
365 9 1 0 3 1 4 0 0 2 1 570 
366 9 0 1 0 8 6 19 20 9 17 13 14 -0.0596604 14 461 462
367 9 1 0 2 1 4 1 1 0 0 575 
368 9 0 1 0 0 26 17 14 4 18 17 14 -0 7 463 464
369 9 1 0 6 1 4 0 0 6 0 578 
370 9 0 1 0 15 27 16 18 11 3 13 16 -0.113712 43 465 466
371 10 0 1 0 16 13 20 12 30 22 19 12 -0 43 467 468
372 10 1 0 5 1 4 0 1 0 4 2 
373 10 1 0 2 1 4 1 1 0 0 6 
374 10 1 0 110 1 4 110 0 0 0 7 
375 10 1 0 8 1 4 0 8 0 0 9 
376 10 1 0 3 1 4 3 0 0 0 10 
377 10 1 0 7 1 4 2 0 0 5 17 
378 10 1 0 80 1 4 0 0 0 80 18 
379 10 0 1 0 16 7 14 17 16 14 19 15 -0.0758514 -22 469 470
380 10 1 0 7 1 4 0 6 1 0 23 
381 10 0 1 0 27 25 14 19 25 29 18 20 -0.163377 -13 471 472
382 10 0 1 0 21 23 18 14 3 32 15 12 -0 71 473 474
383 10 1 0 2 1 4 0 0 2 0 34 
384 10 1 0 10 1 4 0 0 0 10 35 
385 10 1 0 2 1 4 0 0 0 2 37 
386 10 0 1 0 13 5 19 18 25 5 19 17 -0.110823 13 475 476
387 10 1 0 11 1 4 11 0 0 0 45 
388 10 1 0 2 1 4 1 1 0 0 46 
389 10 0 1 0 10 10 14 13 15 4 18 18 -0.180405 6 477 478
390 10 1 0 5 1 4 0 1 1 3 51 
391 10 1 0 8 1 4 6 1 1 0 72 
392 10 0 1 0 3 13 14 19 1 18 13 18 -0.114247 21 479 480
393 10 0 1 0 30 28 16 17 32 23 18 12 -0.0663599 12 481 482
394 10 0 1 0 15 32 12 12 0 34 13 15 -0.184 15 483 484
395 10 1 0 2 1 4 1 0 1 0 103 
396 10 1 0 42 1 4 0 0 0 42 104 
397 10 1 0 5 1 4 1 4 0 0 129 
398 10 0 1 0 5 3 14 18 8 5 13 20 -0 0 485 486
399 10 0 1 0 27 23 20 15 20 16 15 20 -0.11088 -38 487 488
400 10 0 1 0 22 13 14 12 14 22 20 19 -0 -50 489 490
401 10 1 0 7 1 4 0 7 0 0 143 
402 10 1 0 9 1 4 0 0 0 9 144 
403 10 0 1 0 5 32 15 14 9 9 17 17 -0.169553 4 491 492
404 10 1 0 4 1 4 0 0 0 4 194 
405 10 1 0 6 1 4 0 6 0 0 195 
406 10 0 1 0 9 29 14 14 13 26 19 15 -0 -48 493 494
407 10 0 1 0 0 15 12 19 17 30 12 15 -0.0274372 -56 495 496
408 10 1 0 9 1 4 6 3 0 0 201 
409 10 1 0 2 1 4 1 1 0 0 202 
410 10 1 0 91 1 4 91 0 0 0 203 
411 10 0 1 0 19 20 15 18 26 17 14 20 -0.125 12 497 498
412 10 1 0 3 1 4 3 0 0 0 206 
413 10 1 0 18 1 4 0 18 0 0 209 
414 10 1 0 3 1 4 3 0 0 0 210 
415 10 1 0 2 1 4 0 1 0 1 212 
416 10 1 0 32 1 4 0 0 0 32 213 
417 10 1 0 101 1 4 0 0 0 101 216 
418 10 1 0 2 1 4 0 1 0 1 217 
419 10 1 0 2 1 4 0 1 0 1 224 
420 10 1 0 29 1 4 0 0 0 29 225 
421 10 0 1 0 21 16 18 14 19 24 16 19 -0.0276786 3 499 500
422 10 1 0 4 1 4 0 2 0 2 230 
423 10 0 1 0 6 15 20 13 1 9 17 12 -0 -2 501 502
424 10 1 0 8 1 4 0 0 8 0 244 
425 10 0 1 0 8 21 13 20 30 35 12 16 -0.0724617 30 503 504
426 10 1 0 2 1 4 0 0 0 2 275 
427 10 0 1 0 25 26 14 17 17 20 20 12 -0 -51 505 506
428 10 0 1 0 22 23 16 17 19 8 16 16 -0.0966184 -19 507 508
429 10 0 1 0 11 3 12 13 29 4 18 18 -0.129712 -16 509 510
430 10 1 0 9 1 4 9 0 0 0 294 
431 10 1 0 9 1 4 0 6 3 0 296 
432 10 1 0 4 1 4 4 0 0 0 297 
433 10 1 0 3 1 4 0 0 2 1 299 
434 10 0 1 0 2 27 20 16 15 8 20 18 -0.233791 30 511 512
435 10 0 1 0 19 32 12 12 8 8 12 14 -0.0754764 -7 513 514
436 10 0 1 0 11 5 20 18 20 9 19 15 -0.334636 24 515 516
437 10 1 0 2 1 4 0 1 1 0 371 
438 10 1 0 12 1 4 0 0 12 0 372 
439 10 1 0 4 1 4 0 0 4 0 382 
440 10 1 0 7 1 4 0 7 0 0 383 
441 10 1 0 2 1 4 0 1 0 1 384 
442 10 0 1 0 3 13 14 17 29 28 14 15 -0.00387597 -140 517 518
443 10 1 0 4 1 4 0 0 3 1 390 
444 10 0 1 0 12 3 18 16 0 4 13 17 -0.103442 -10 519 520
445 10 0 1 0 26 25 13 20 19 26 14 16 -0 -10 521 522
446 10 1 0 2 1 4 0 0 0 2 402 
447 10 0 1 0 21 11 14 12 8 21 14 20 -0.0487805 33 523 524
448 10 1 0 5 1 4 0 2 0 3 408 
449 10 1 0 3 1 4 3 0 0 0 410 
450 10 0 1 0 26 6 15 15 13 14 20 12 -0.290006 -5 525 526
451 10 1 0 3 1 4 0 1 2 0 433 
452 10 1 0 34 1 4 0 0 0 34 434 
453 10 0 1 0 0 15 20 19 5 19 18 14 -0.520087 -25 527 528
454 10 0 1 0 10 33 14 12 0 10 19 17 -0.113852 48 529 530
455 10 0 1 0 5 1 17 16 18 2 14 15 -0.055814 4 531 532
456 10 0 1 0 27 23 20 19 20 10 15 16 -0.15161 -12 533 534
457 10 0 1 0 23 17 17 20 26 25 19 13 -0.514173 -33 535 536
458 10 0 1 0 18 22 19 16 24 10 13 18 -0.0882353 34 537 538
459 10 1 0 5 1 4 1 4 0 0 563 
460 10 0 1 0 6 0 17 13 17 9 18 16 -0 -15 539 540
461 10 0 1 0 8 19 19 20 11 2 19 17 -0.0165119 43 541 542
462 10 1 0 4 1 4 0 3 1 0 574 
463 10 1 0 6 1 4 0 0 0 6 576 
464 10 1 0 8 1 4 0 0 8 0 577 
465 10 1 0 6 1 4 6 0 0 0 579 
466 10 0 1 0 26 11 15 12 23 2 18 14 -0.0869565 -8 543 544
467 11 1 0 23 1 4 0 23 0 0 0 
468 11 1 0 4 1 4 4 0 0 0 1 
469 11 1 0 2 1 4 1 1 0 0 20 
470 11 0 1 0 19 4 16 14 34 10 18 13 -0.0294118 -14 545 546
471 11 1 0 3 1 4 0 0 2 1 29 
472 11 0 1 0 15 23 19 16 16 19 12 16 -0 -1 547 548
473 11 1 0 11 1 4 0 0 11 0 32 
474 11 1 0 2 1 4 0 0 0 2 33 
475 11 0 1 0 5 5 16 12 27 0 18 20 -0 -34 549 550
476 11 1 0 2 1 4 0 1 0 1 40 
477 11 1 0 5 1 4 4 1 0 0 47 
478 11 0 1 0 17 14 15 17 10 12 20 17 -0.0926724 10 551 552
479 11 0 1 0 23 7 16 16 25 3 18 15 -0.0274854 0 553 554
480 11 1 0 2 1 4 1 1 0 0 76 
481 11 0 1 0 12 33 12 13 16 0 20 17 -0.0482573 23 555 556
482 11 0 1 0 8 14 12 16 6 26 15 14 -0.112599 1 557 558
483 11 1 0 5 1 4 1 4 0 0 99 
484 11 0 1 0 9 33 13 15 15 20 19 19 -0.1 11 559 560
485 11 1 0 192 1 4 192 0 0 0 130 
486 11 1 0 2 1 4 0 2 0 0 131 
487 11 1 0 2 1 4 0 0 0 2 132 
488 11 0 1 0 7 0 20 13 26 26 16 17 -0.026208 -47 561 562
489 11 1 0 2 1 4 0 2 0 0 136 
490 11 1 0 35 1 4 35 0 0 0 137 
491 11 0 1 0 13 0 12 19 20 22 14 17 -0.157147 1 563 564
492 11 0 1 0 19 10 18 14 21 23 18 12 -0.122888 -17 565 566
493 11 1 0 2 1 4 0 2 0 0 196 
494 11 1 0 12 1 4 12 0 0 0 197 
495 11 0 1 0 0 21 20 19 1 31 14 18 -0.0046729 -24 567 568
496 11 1 0 2 1 4 0 1 0 1 200 
497 11 1 0 2 1 4 0 1 0 1 204 
498 11 1 0 14 1 4 0 14 0 0 205 
499 11 0 1 0 6 1 14 19 20 11 20 18 -0.015625 -21 569 570
500 11 1 0 3 1 4 3 0 0 0 229 
501 11 1 0 3 1 4 3 0 0 0 242 
502 11 1 0 7 1 4 0 7 0 0 243 
503 11 0 1 0 26 32 15 20 27 32 14 12 -0.0653973 -17 571 572
504 11 1 0 6 1 4 1 3 0 2 274 
505 11 1 0 31 1 4 31 0 0 0 277 
506 11 1 0 6 1 4 0 6 0 0 278 
507 11 1 0 4 1 4 0 0 0 4 279 
508 11 0 1 0 29 25 15 18 16 28 17 13 -0 -98 573 574
509 11 1 0 2 1 4 0 0 0 2 287 
510 11 0 1 0 23 21 19 15 29 4 15 14 -0.0972143 46 575 576
511 11 0 1 0 12 30 13 15 21 32 15 18 -0.184351 2 577 578
512 11 0 1 0 24 13 19 20 25 3 13 19 -0.15 66 579 580
513 11 1 0 2 1 4 0 0 0 2 326 
514 11 0 1 0 18 10 20 13 15 22 17 13 -0.0679275 -6 581 582
515 11 0 1 0 2 26 18 15 35 18 16 12 -0.303144 86 583 584
516 11 0 1 0 10 24 18 12 10 28 12 17 -0.0327273 -2 585 586
517 11 1 0 2 1 4 1 1 0 0 385 
518 11 1 0 127 1 4 127 0 0 0 386 
519 11 0 1 0 0 1 12 16 1 7 15 19 -0.05 -20 587 588
520 11 0 1 0 22 32 14 19 18 14 20 18 -0.0693761 6 589 590
521 11 1 0 2 1 4 0 2 0 0 400 
522 11 1 0 43 1 4 0 0 43 0 401 
523 11 1 0 120 1 4 0 0 0 120 406 
524 11 1 0 3 1 4 1 0 0 2 407 
525 11 0 1 0 20 0 19 20 14 3 17 17 -0.260171 -7 591 592
526 11 0 1 0 23 5 18 13 8 21 17 18 -0.0525132 -24 593 594
527 11 0 1 0 9 18 13 16 23 13 20 20 -0.227273 75 595 596
528 11 0 1 0 8 27 15 14 10 17 19 14 -0.460613 8 597 598
529 11 1 0 3 1 4 3 0 0 0 457 
530 11 0 1 0 19 25 19 12 9 25 20 19 -0.0645161 0 599 600
531 11 0 1 0 16 18 12 13 32 13 17 15 -0.0226886 -3 601 602
532 11 1 0 7 1 4 0 0 7 0 463 
533 11 1 0 9 1 4 8 0 0 1 464 
534 11 0 1 0 2 28 19 12 29 14 20 17 -0.142948 -12 603 604
535 11 0 1 0 25 23 13 12 21 19 12 18 -0.15731 21 605 606
536 11 0 1 0 7 23 17 12 5 21 15 18 -0.261858 24 607 608
537 11 1 0 9 1 4 0 0 0 9 561 
538 11 1 0 8 1 4 0 2 6 0 562 
539 11 1 0 27 1 4 0 0 0 27 564 
540 11 1 0 5 1 4 0 0 5 0 565 
541 11 0 1 0 6 23 13 15 3 21 19 13 -0 -5 609 610
542 11 1 0 5 1 4 0 5 0 0 573 
543 11 1 0 2 1 4 0 0 2 0 580 
544 11 0 1 0 31 12 15 15 12 1 13 16 -0.04329 20 611 612
545 12 1 0 2 1 4 0 0 1 1 21 
546 12 1 0 15 1 4 0 0 0 15 22 
547 12 1 0 3 1 4 3 0 0 0 30 
548 12 1 0 13 1 4 0 13 0 0 31 
549 12 1 0 2 1 4 0 2 0 0 38 
550 12 1 0 31 1 4 31 0 0 0 39 
551 12 0 1 0 8 28 16 14 23 2 15 13 -0.0172414 65 613 614
552 12 1 0 3 1 4 0 1 1 1 50 
553 12 1 0 3 1 4 0 1 2 0 73 
554 12 0 1 0 2 12 15 14 4 20 19 18 -0.00877193 -87 615 616
555 12 0 1 0 7 17 13 17 4 18 20 20 -0.05 -6 617 618
556 12 0 1 0 8 30 17 16 0 22 12 14 -0.0366346 -2 619 620
557 12 0 1 0 18 29 12 13 16 6 20 20 -0.047619 89 621 622
558 12 1 0 6 1 4 3 3 0 0 98 
559 12 1 0 2 1 4 0 1 0 1 100 
560 12 1 0 18 1 4 0 0 0 18 101 
561 12 1 0 4 1 4 4 0 0 0 133 
562 12 0 1 0 25 29 18 18 15 18 19 16 -0.0151515 -70 623 624
563 12 0 1 0 3 27 19 12 2 22 13 16 -0.148152 4 625 626
564 12 1 0 9 1 4 0 0 7 2 189 
565 12 0 1 0 9 23 18 20 11 5 19 18 -0.1375 34 627 628
566 12 0 1 0 17 12 13 12 9 22 18 14 -0 35 629 630
567 12 1 0 2 1 4 1 1 0 0 198 
568 12 1 0 105 1 4 0 105 0 0 199 
569 12 1 0 30 1 4 0 30 0 0 227 
570 12 1 0 2 1 4 1 1 0 0 228 
571 12 0 1 0 19 20 18 13 18 22 20 17 -0.290676 3 631 632
572 12 0 1 0 21 30 17 18 23 34 13 16 -0.0390561 -19 633 634
573 12 1 0 3 1 4 3 0 0 0 280 
574 12 1 0 20 1 4 0 20 0 0 281 
575 12 1 0 6 1 4 0 1 5 0 288 
576 12 0 1 0 34 25 15 12 27 24 13 13 -0.0647674 -10 635 636
577 12 0 1 0 25 26 19 16 11 32 12 16 -0.127266 30 637 638
578 12 0 1 0 19 7 20 13 7 25 16 19 -0.15 5 639 640
579 12 0 1 0 12 4 20 19 27 10 12 13 -0 14 641 642
580 12 1 0 4 1 4 0 0 4 0 315 
581 12 0 1 0 25 31 12 15 27 27 20 18 -0.0616667 5 643 644
582 12 1 0 7 1 4 7 0 0 0 352 
583 12 0 1 0 26 27 20 16 17 7 20 12 -0.219411 21 645 646
584 12 1 0 5 1 4 0 0 2 3 364 
585 12 0 1 0 1 32 12 12 24 27 15 19 -0 -54 647 648
586 12 1 0 39 1 4 39 0 0 0 367 
587 12 1 0 8 1 4 0 8 0 0 391 
588 12 0 1 0 29 2 19 16 13 34 13 20 -0.05 -71 649 650
589 12 1 0 5 1 4 4 1 0 0 394 
590 12 0 1 0 21 12 12 14 28 30 13 12 -0.0469318 -2 651 652
591 12 0 1 0 14 6 13 15 17 19 13 18 -0.184359 -59 653 654
592 12 0 1 0 31 26 12 16 14 20 20 15 -0.192437 -81 655 656
593 12 1 0 8 1 4 0 0 7 1 430 
594 12 0 1 0 11 23 17 18 31 25 15 16 -0.0185185 -63 657 658
595 12 0 1 0 19 12 17 19 21 29 18 19 -0.0819805 -70 659 660
596 12 1 0 6 1 4 0 6 0 0 438 
597 12 0 1 0 8 30 16 20 0 25 15 16 -0.215438 7 661 662
598 12 0 1 0 0 28 19 15 8 14 16 18 -0.397015 -1 663 664
599 12 1 0 29 1 4 0 0 0 29 458 
600 12 1 0 2 1 4 0 1 0 1 459 
601 12 0 1 0 11 0 20 13 30 3 15 17 -0.0121951 -9 665 666
602 12 1 0 2 1 4 0 0 2 0 462 
603 12 0 1 0 11 11 19 20 29 8 16 14 -0.321233 -14 667 668
604 12 0 1 0 12 24 18 14 16 18 12 15 -0.125972 -3 669 670
605 12 0 1 0 10 19 15 17 2 28 14 19 -0 3 671 672
606 12 1 0 9 1 4 1 8 0 0 554 
607 12 0 1 0 13 12 18 13 13 5 15 12 -0.145292 -2 673 674
608 12 1 0 4 1 4 0 0 2 2 560 
609 12 1 0 2 1 4 0 2 0 0 571 
610 12 1 0 112 1 4 112 0 0 0 572 
611 12 0 1 0 12 10 14 12 21 25 18 14 -0.0238095 1 675 676
612 12 1 0 2 1 4 0 0 2 0 583 
613 13 1 0 27 1 4 0 27 0 0 48 
614 13 1 0 2 1 4 1 1 0 0 49 
615 13 1 0 2 1 4 0 0 1 1 74 
616 13 1 0 55 1 4 0 0 0 55 75 
617 13 1 0 4 1 4 2 2 0 0 77 
618 13 1 0 16 1 4 0 0 0 16 78 
619 13 1 0 2 1 4 1 0 0 1 79 
620 13 0 1 0 10 1 12 16 4 15 15 14 -0.0333105 47 677 678
621 13 1 0 40 1 4 0 0 0 40 96 
622 13 1 0 2 1 4 0 1 0 1 97 
623 13 1 0 2 1 4 1 1 0 0 134 
624 13 1 0 31 1 4 0 31 0 0 135 
625 13 0 1 0 0 26 16 19 1 14 17 16 -0.131953 9 679 680
626 13 0 1 0 20 13 19 19 21 20 15 16 -0.0907936 -8 681 682
627 13 1 0 8 1 4 1 7 0 0 190 
628 13 1 0 2 1 4 0 1 1 0 191 
629 13 1 0 19 1 4 19 0 0 0 192 
630 13 1 0 2 1 4 0 2 0 0 193 
631 13 0 1 0 10 1 13 17 1 4 15 19 -0.436071 7 683 684
632 13 0 1 0 6 12 18 17 10 23 15 15 -0.0108612 -7 685 686
633 13 1 0 4 1 4 1 0 2 1 254 
634 13 0 1 0 20 22 13 14 16 27 13 14 -0.0331828 48 687 688
635 13 0 1 0 12 13 19 18 15 17 18 15 -0.0419444 -29 689 690
636 13 1 0 4 1 4 4 0 0 0 293 
637 13 0 1 0 24 8 16 14 25 7 12 14 -0.104263 -1 691 692
638 13 0 1 0 28 27 15 15 24 5 19 16 -0.0364583 52 693 694
639 13 1 0 8 1 4 2 6 0 0 311 
640 13 1 0 2 1 4 0 0 0 2 312 
641 13 1 0 3 1 4 3 0 0 0 313 
642 13 1 0 7 1 4 0 7 0 0 314 
643 13 0 1 0 5 28 18 20 10 19 15 13 -0.225771 -8 695 696
644 13 0 1 0 2 31 14 18 13 29 16 12 -0.0416763 -11 697 698
645 13 0 1 0 12 10 20 20 6 17 12 15 -0.0946691 11 699 700
646 13 0 1 0 5 16 20 20 1 24 19 19 -0.11916 7 701 702
647 13 1 0 9 1 4 0 9 0 0 365 
648 13 1 0 2 1 4 2 0 0 0 366 
649 13 1 0 8 1 4 0 0 8 0 392 
650 13 1 0 2 1 4 0 1 1 0 393 
651 13 0 1 0 24 22 13 20 25 22 17 20 -0.0187104 4 703 704
652 13 1 0 5 1 4 0 2 2 1 399 
653 13 0 1 0 4 6 15 13 2 26 18 14 -0 -111 705 706
654 13 0 1 0 9 4 20 17 6 6 16 13 -0.075 33 707 708
655 13 1 0 5 1 4 1 4 0 0 416 
656 13 0 1 0 22 12 14 14 28 15 18 16 -0.152158 6 709 710
657 13 1 0 2 1 4 0 0 1 1 431 
658 13 1 0 25 1 4 0 0 0 25 432 
659 13 0 1 0 20 18 14 16 9 9 13 17 -0.0357143 54 711 712
660 13 1 0 8 1 4 0 0 1 7 437 
661 13 1 0 6 1 4 0 0 6 0 439 
662 13 0 1 0 19 27 18 12 15 21 18 17 -0.0893773 14 713 714
663 13 0 1 0 22 0 19 20 8 1 13 14 -0.0673077 0 715 716
664 13 0 1 0 22 9 17 12 11 25 19 17 -0.251727 -38 717 718
665 13 1 0 2 1 4 0 1 1 0 460 
666 13 1 0 39 1 4 0 39 0 0 461 
667 13 0 1 0 20 29 17 18 18 17 12 20 -0.0227273 77 719 720
668 13 0 1 0 35 2 13 12 3 4 13 16 -0.284909 2 721 722
669 13 0 1 0 11 22 19 12 5 6 14 12 -0.239568 35 723 724
670 13 0 1 0 0 31 16 18 34 0 14 12 -0.11043 7 725 726
671 13 1 0 7 1 4 0 0 7 0 552 
672 13 1 0 3 1 4 0 0 0 3 553 
673 13 1 0 4 1 4 0 1 3 0 555 
674 13 0 1 0 29 22 20 15 24 0 17 20 -0.0462798 75 727 728
675 13 1 0 38 1 4 0 38 0 0 581 
676 13 1 0 4 1 4 2 2 0 0 582 
677 14 0 1 0 20 26 20 13 15 33 13 12 -0.0297795 12 729 730
678 14 1 0 6 1 4 0 2 0 4 95 
679 14 0 1 0 26 17 20 15 26 21 13 12 -0.0824421 -30 731 732
680 14 0 1 0 6 2 14 20 23 21 15 17 -0.442091 -28 733 734
681 14 0 1 0 14 11 15 19 16 20 20 19 -0.0624769 -4 735 736
682 14 0 1 0 31 0 16 14 12 23 13 19 -0 -55 737 738
683 14 1 0 6 1 4 0 3 0 3 245 
684 14 0 1 0 26 19 12 12 24 9 17 17 -0.225156 13 739 740
685 14 0 1 0 26 30 16 14 22 22 18 16 -0.00581395 -11 741 742
686 14 1 0 5 1 4 0 5 0 0 253 
687 14 0 1 0 7 17 16 18 5 20 14 15 -0.0301923 -9 743 744
688 14 1 0 2 1 4 0 1 0 1 273 
689 14 1 0 3 1 4 3 0 0 0 289 
690 14 0 1 0 8 18 18 13 15 13 14 13 -0.0315329 -17 745 746
691 14 1 0 2 1 4 0 1 1 0 300 
692 14 0 1 0 28 34 12 19 26 26 18 13 -0.0885877 -6 747 748
693 14 1 0 8 1 4 7 1 0 0 309 
694 14 1 0 16 1 4 0 16 0 0 310 
695 14 0 1 0 7 0 12 17 19 0 16 19 -0.0495356 16 749 750
696 14 0 1 0 15 25 13 13 5 22 15 17 -0.0857143 8 751 752
697 14 0 1 0 24 29 16 15 31 30 13 14 -0.0360857 9 753 754
698 14 1 0 9 1 4 6 3 0 0 351 
699 14 0 1 0 33 8 13 14 3 34 13 16 -0 -18 755 756
700 14 1 0 2 1 4 0 0 1 1 355 
701 14 0 1 0 10 24 13 14 33 20 19 12 -0 49 757 758
702 14 0 1 0 3 13 20 13 0 34 12 12 -0.0600363 5 759 760
703 14 0 1 0 9 14 20 12 1 31 14 19 -0.00628854 -11 761 762
704 14 1 0 2 1 4 2 0 0 0 398 
705 14 1 0 2 1 4 0 2 0 0 411 
706 14 1 0 11 1 4 0 0 11 0 412 
707 14 0 1 0 9 4 20 17 6 6 16 13 -0.05 9 763 764
708 14 1 0 2 1 4 2 0 0 0 415 
709 14 0 1 0 24 3 18 19 10 26 20 12 -0.107094 -51 765 766
710 14 0 1 0 22 9 12 18 19 5 19 16 -0.0789474 -2 767 768
711 14 1 0 12 1 4 0 0 12 0 435 
712 14 1 0 2 1 4 0 1 1 0 436 
713 14 0 1 0 4 20 16 18 10 33 12 14 -0.0367133 -37 769 770
714 14 0 1 0 5 12 12 15 7 16 19 17 -0.0166667 0 771 772
715 14 1 0 5 1 4 0 5 0 0 445 
716 14 1 0 8 1 4 0 0 1 7 446 
717 14 0 1 0 9 27 14 13 2 21 20 13 -0.180925 43 773 774
718 14 0 1 0 27 25 15 13 27 26 17 15 -0 1 775 776
719 14 1 0 20 1 4 0 0 0 20 465 
720 14 1 0 2 1 4 0 0 1 1 466 
721 14 0 1 0 29 34 12 14 26 26 16 17 -0.162892 -4 777 778
722 14 0 1 0 23 25 12 13 23 25 12 19 -0.19848 9 779 780
723 14 0 1 0 26 2 18 16 10 2 17 20 -0.0263158 -5 781 782
724 14 0 1 0 29 6 15 16 30 22 18 16 -0.0416667 -70 783 784
725 14 0 1 0 20 23 18 15 19 30 16 17 -0.174278 -26 785 786
726 14 0 1 0 23 26 14 16 23 33 14 14 -0.0946127 7 787 788
727 14 0 1 0 21 13 15 18 24 22 18 12 -0.0123397 -32 789 790
728 14 1 0 4 1 4 0 2 2 0 559 
729 15 0 1 0 29 7 16 15 23 9 20 16 -0.0215511 -64 791 792
730 15 0 1 0 6 26 14 14 8 10 13 15 -0 2 793 794
731 15 1 0 4 1 4 0 1 0 3 145 
732 15 0 1 0 13 11 14 20 24 24 18 13 -0.0733337 18 795 796
733 15 0 1 0 16 23 19 17 19 33 14 19 -0.0834499 1 797 798
734 15 0 1 0 15 14 17 13 11 30 17 19 -0.319649 -13 799 800
735 15 0 1 0 15 27 20 13 27 20 17 12 -0.0138889 52 801 802
736 15 1 0 7 1 4 4 3 0 0 186 
737 15 1 0 2 1 4 0 2 0 0 187 
738 15 1 0 24 1 4 24 0 0 0 188 
739 15 0 1 0 16 26 18 17 15 23 12 18 -0 22 803 804
740 15 0 1 0 10 8 12 12 12 11 20 16 -0.179272 -46 805 806
741 15 1 0 2 1 4 1 1 0 0 251 
742 15 1 0 84 1 4 84 0 0 0 252 
743 15 1 0 2 1 4 0 1 1 0 255 
744 15 0 1 0 19 12 15 12 12 35 12 16 -0.0276395 -37 807 808
745 15 0 1 0 17 21 17 14 10 22 17 18 -0.00442478 9 809 810
746 15 1 0 3 1 4 0 2 0 1 292 
747 15 0 1 0 16 33 13 16 17 16 15 17 -0.0634921 25 811 812
748 15 0 1 0 17 14 14 18 29 25 17 17 -0.0601257 -33 813 814
749 15 0 1 0 17 30 12 12 30 14 16 15 -0.0294118 94 815 816
750 15 1 0 2 1 4 0 0 2 0 329 
751 15 1 0 7 1 4 0 1 6 0 330 
752 15 1 0 3 1 4 0 0 0 3 331 
753 15 1 0 5 1 4 4 1 0 0 332 
754 15 0 1 0 8 1 14 12 10 5 18 13 -0.0317712 19 817 818
755 15 1 0 29 1 4 29 0 0 0 353 
756 15 1 0 3 1 4 0 3 0 0 354 
757 15 1 0 9 1 4 0 0 9 0 356 
758 15 1 0 3 1 4 0 3 0 0 357 
759 15 0 1 0 9 1 16 16 25 5 16 17 -0.0533333 0 819 820
760 15 0 1 0 13 25 20 18 20 9 18 12 -0.0249721 15 821 822
761 15 1 0 2 1 4 2 0 0 0 395 
762 15 0 1 0 22 15 19 13 14 22 17 20 -0.00320513 -4 823 824
763 15 1 0 2 1 4 0 1 1 0 413 
764 15 1 0 8 1 4 0 8 0 0 414 
765 15 0 1 0 14 12 19 19 3 33 12 12 -0.0866776 15 825 826
766 15 1 0 5 1 4 0 5 0 0 427 
767 15 1 0 11 1 4 0 0 0 11 428 
768 15 1 0 8 1 4 0 0 6 2 429 
769 15 1 0 4 1 4 0 4 0 0 440 
770 15 0 1 0 27 25 18 17 32 3 12 13 -0.0227273 10 827 828
771 15 1 0 28 1 4 0 28 0 0 443 
772 15 1 0 2 1 4 1 1 0 0 444 
773 15 0 1 0 31 21 13 12 20 29 12 12 -0.123948 -65 829 830
774 15 1 0 2 1 4 0 0 0 2 454 
775 15 1 0 7 1 4 7 0 0 0 455 
776 15 1 0 4 1 4 0 4 0 0 456 
777 15 1 0 13 1 4 0 0 0 13 467 
778 15 0 1 0 9 31 14 18 30 23 12 15 -0.115646 16 831 832
779 15 0 1 0 18 28 15 16 28 20 12 17 -0.0846154 32 833 834
780 15 1 0 8 1 4 1 5 2 0 475 
781 15 1 0 2 1 4 0 0 1 1 476 
782 15 1 0 17 1 4 0 0 17 0 477 
783 15 1 0 3 1 4 0 1 2 0 478 
784 15 1 0 13 1 4 13 0 0 0 479 
785 15 0 1 0 25 5 12 15 25 10 20 19 -0.0733173 -4 835 836
786 15 0 1 0 27 25 14 12 27 22 19 19 -0.096652 11 837 838
787 15 0 1 0 23 15 16 13 24 22 16 16 -0.0886174 8 839 840
788 15 0 1 0 11 27 18 16 5 23 17 17 -0 18 841 842
789 15 1 0 2 1 4 0 2 0 0 556 
790 15 0 1 0 32 23 17 13 0 29 12 14 -0.00641026 -52 843 844
791 16 1 0 2 1 4 0 1 0 1 80 
792 16 0 1 0 22 22 19 19 29 27 20 18 -0.0199843 -2 845 846
793 16 1 0 2 1 4 2 0 0 0 93 
794 16 1 0 13 1 4 0 0 0 13 94 
795 16 0 1 0 2 15 15 16 0 13 12 14 -0.065349 -6 847 848
796 16 0 1 0 0 21 12 19 3 16 12 13 -0 -4 849 850
797 16 0 1 0 25 25 13 18 22 28 17 16 -0 -2 851 852
798 16 1 0 3 1 4 0 1 0 2 180 
799 16 1 0 6 1 4 1 5 0 0 181 
800 16 0 1 0 1 31 14 12 33 24 15 14 -0 5 853 854
801 16 1 0 34 1 4 0 34 0 0 184 
802 16 1 0 2 1 4 1 1 0 0 185 
803 16 1 0 25 1 4 25 0 0 0 246 
804 16 1 0 4 1 4 0 4 0 0 247 
805 16 1 0 4 1 4 4 0 0 0 248 
806 16 0 1 0 1 19 17 17 22 27 19 19 -0.117647 -55 855 856
807 16 1 0 7 1 4 3 3 0 1 256 
808 16 0 1 0 12 19 20 16 2 0 19 19 -0.0234472 121 857 858
809 16 1 0 2 1 4 1 1 0 0 290 
810 16 1 0 111 1 4 0 111 0 0 291 
811 16 0 1 0 6 19 16 15 16 10 13 12 -0 -63 859 860
812 16 1 0 10 1 4 0 10 0 0 303 
813 16 1 0 4 1 4 1 3 0 0 304 
814 16 0 1 0 11 25 20 13 2 27 13 16 -0.0492572 -8 861 862
815 16 1 0 15 1 4 0 15 0 0 327 
816 16 1 0 2 1 4 1 1 0 0 328 
817 16 0 1 0 22 8 16 12 30 5 17 16 -0.0283799 -25 863 864
818 16 1 0 3 1 4 0 0 3 0 350 
819 16 1 0 5 1 4 1 4 0 0 358 
820 16 1 0 10 1 4 10 0 0 0 359 
821 16 1 0 2 1 4 0 0 2 0 360 
822 16 0 1 0 5 35 12 17 16 24 19 20 -0.0200669 -33 865 866
823 16 1 0 154 1 4 0 154 0 0 396 
824 16 1 0 2 1 4 0 1 1 0 397 
825 16 0 1 0 17 24 19 14 30 24 17 13 -0.0696119 71 867 868
826 16 1 0 4 1 4 0 0 0 4 426 
827 16 1 0 2 1 4 1 1 0 0 441 
828 16 1 0 20 1 4 20 0 0 0 442 
829 16 0 1 0 7 23 12 16 2 19 17 19 -0.0813266 21 869 870
830 16 0 1 0 10 11 12 20 26 30 16 20 -0 -22 871 872
831 16 0 1 0 17 19 13 20 25 16 16 20 -0 -19 873 874
832 16 1 0 7 1 4 0 0 0 7 470 
833 16 0 1 0 7 19 19 17 18 12 15 15 -0.024948 -15 875 876
834 16 1 0 6 1 4 0 0 1 5 474 
835 16 1 0 4 1 4 0 0 2 2 480 
836 16 0 1 0 1 20 18 15 7 25 16 19 -0.0203804 6 877 878
837 16 0 1 0 3 19 16 18 27 14 14 13 -0.0646769 -10 879 880
838 16 1 0 5 1 4 0 5 0 0 489 
839 16 0 1 0 2 24 19 12 23 11 13 14 -0.0840094 -26 881 882
840 16 0 1 0 20 0 17 12 2 10 14 20 -0 12 883 884
841 16 1 0 4 1 4 0 0 4 0 550 
842 16 1 0 14 1 4 0 0 0 14 551 
843 16 1 0 2 1 4 1 1 0 0 557 
844 16 1 0 76 1 4 76 0 0 0 558 
845 17 1 0 3 1 4 0 1 0 2 81 
846 17 0 1 0 26 27 12 15 28 20 13 12 -0.0182864 8 885 886
847 17 1 0 2 1 4 0 0 0 2 146 
848 17 0 1 0 25 24 19 12 15 10 14 18 -0.0617647 -16 887 888
849 17 1 0 4 1 4 0 4 0 0 176 
850 17 1 0 12 1 4 12 0 0 0 177 
851 17 1 0 50 1 4 0 50 0 0 178 
852 17 1 0 2 1 4 2 0 0 0 179 
853 17 1 0 17 1 4 0 0 0 17 182 
854 17 1 0 2 1 4 0 2 0 0 183 
855 17 1 0 15 1 4 0 15 0 0 249 
856 17 1 0 2 1 4 0 1 0 1 250 
857 17 0 1 0 0 24 20 14 19 0 18 17 -0.0211421 -81 889 890
858 17 1 0 4 1 4 2 1 1 0 272 
859 17 1 0 2 1 4 0 2 0 0 301 
860 17 1 0 16 1 4 16 0 0 0 302 
861 17 1 0 2 1 4 0 2 0 0 305 
862 17 0 1 0 29 34 12 17 15 8 18 20 -0.0409065 79 891 892
863 17 1 0 3 1 4 3 0 0 0 333 
864 17 0 1 0 4 20 14 20 21 11 12 19 -0.0260774 6 893 894
865 17 1 0 102 1 4 0 102 0 0 361 
866 17 0 1 0 25 13 19 12 28 14 18 15 -0 15 895 896
867 17 0 1 0 7 33 14 12 5 28 18 15 -0.0556635 -2 897 898
868 17 1 0 3 1 4 0 0 0 3 425 
869 17 0 1 0 9 27 14 13 2 21 20 13 -0.0459096 41 899 900
870 17 1 0 4 1 4 0 1 3 0 451 
871 17 1 0 11 1 4 0 0 11 0 452 
872 17 1 0 4 1 4 0 4 0 0 453 
873 17 1 0 4 1 4 0 0 0 4 468 
874 17 1 0 17 1 4 0 0 17 0 469 
875 17 1 0 2 1 4 0 2 0 0 471 
876 17 0 1 0 15 20 19 17 4 26 15 17 -0.0135135 -3 901 902
877 17 0 1 0 15 6 20 18 18 8 14 19 -0.0108696 -4 903 904
878 17 1 0 2 1 4 0 0 2 0 483 
879 17 1 0 5 1 4 0 0 1 4 484 
880 17 0 1 0 21 27 19 12 19 29 14 16 -0.0240964 11 905 906
881 17 1 0 3 1 4 3 0 0 0 490 
882 17 0 1 0 30 28 16 17 16 12 15 12 -0.0800123 1 907 908
883 17 1 0 15 1 4 0 0 0 15 548 
884 17 1 0 2 1 4 0 0 2 0 549 
885 18 0 1 0 9 20 15 16 9 23 19 14 -0.00846398 -1 909 910
886 18 0 1 0 17 17 19 15 14 26 12 12 -0.138152 6 911 912
887 18 1 0 2 1 4 0 0 1 1 147 
888 18 0 1 0 31 16 14 12 35 12 18 12 -0.058281 -16 913 914
889 18 1 0 7 1 4 3 4 0 0 257 
890 18 0 1 0 12 15 20 13 13 10 17 16 -0.0188877 10 915 916
891 18 0 1 0 25 31 14 15 12 32 14 20 -0.0368664 -11 917 918
892 18 1 0 2 1 4 0 2 0 0 308 
893 18 1 0 2 1 4 0 1 0 1 334 
894 18 0 1 0 27 15 17 20 32 29 12 12 -0.0214058 19 919 920
895 18 1 0 10 1 4 0 10 0 0 362 
896 18 1 0 3 1 4 3 0 0 0 363 
897 18 1 0 2 1 4 0 2 0 0 417 
898 18 0 1 0 10 27 13 20 7 30 15 19 -0.0429305 12 921 922
899 18 0 1 0 20 18 20 19 21 23 14 15 -0.0261905 -21 923 924
900 18 1 0 2 1 4 0 0 2 0 450 
901 18 1 0 2 1 4 0 0 1 1 472 
902 18 1 0 35 1 4 0 0 35 0 473 
903 18 1 0 2 1 4 0 1 1 0 481 
904 18 1 0 44 1 4 0 44 0 0 482 
905 18 0 1 0 9 0 17 13 33 3 14 12 -0.0185897 7 925 926
906 18 1 0 3 1 4 0 3 0 0 488 
907 18 0 1 0 31 21 16 14 18 0 14 17 -0.246667 2 927 928
908 18 0 1 0 14 14 18 12 15 11 14 14 -0.0706134 -8 929 930
909 19 0 1 0 29 17 15 12 25 28 12 19 -0.00401106 -6 931 932
910 19 0 1 0 7 0 18 14 24 0 12 19 -0.125 5 933 934
911 19 0 1 0 11 15 18 20 7 15 14 16 -0.0734274 50 935 936
912 19 1 0 3 1 4 1 1 0 1 92 
913 19 1 0 4 1 4 4 0 0 0 148 
914 19 0 1 0 3 24 15 18 15 28 18 15 -0.0559856 -5 937 938
915 19 0 1 0 2 27 14 15 24 25 15 19 -0.0112991 -113 939 940
916 19 0 1 0 26 1 14 13 6 15 20 12 -0 -18 941 942
917 19 1 0 9 1 4 8 0 0 1 306 
918 19 1 0 208 1 4 208 0 0 0 307 
919 19 0 1 0 34 30 16 12 21 26 20 19 -0.0204735 -12 943 944
920 19 1 0 2 1 4 2 0 0 0 349 
921 19 0 1 0 20 26 15 18 19 32 13 17 -0.0294069 -50 945 946
922 19 1 0 2 1 4 0 0 0 2 424 
923 19 1 0 3 1 4 0 1 2 0 447 
924 19 0 1 0 24 28 18 13 0 5 16 14 -0.00833333 36 947 948
925 19 0 1 0 30 4 20 17 28 8 20 19 -0.00854701 -1 949 950
926 19 1 0 2 1 4 0 0 1 1 487 
927 19 1 0 5 1 4 0 0 3 2 491 
928 19 0 1 0 12 12 19 19 18 29 13 13 -0 -32 951 952
929 19 0 1 0 0 25 16 16 17 13 14 15 -0.1375 33 953 954
930 19 0 1 0 3 31 16 15 12 23 17 15 -0.0663751 -30 955 956
931 20 0 1 0 17 17 16 15 15 20 16 14 -0.0913743 3 957 958
932 20 1 0 1866 1 4 0 0 0 1866 85 
933 20 1 0 34 1 4 0 0 0 34 86 
934 20 1 0 2 1 4 1 0 0 1 87 
935 20 0 1 0 7 28 16 13 13 16 13 15 -0.0433547 -8 959 960
936 20 1 0 2 1 4 0 1 0 1 91 
937 20 0 1 0 25 28 19 12 4 21 17 14 -0.0540996 52 961 962
938 20 1 0 3 1 4 0 0 3 0 175 
939 20 1 0 3 1 4 1 2 0 0 258 
940 20 0 1 0 13 4 16 18 12 0 19 16 -0.0101604 4 963 964
941 20 1 0 9 1 4 9 0 0 0 270 
942 20 1 0 2 1 4 0 0 0 2 271 
943 20 0 1 0 17 30 17 14 12 9 14 16 -0.0167836 7 965 966
944 20 1 0 5 1 4 0 3 2 0 348 
945 20 1 0 2 1 4 0 0 0 2 418 
946 20 0 1 0 19 31 16 18 7 31 15 12 -0.0257992 80 967 968
947 20 1 0 2 1 4 1 1 0 0 448 
948 20 1 0 58 1 4 0 58 0 0 449 
949 20 1 0 3 1 4 0 1 2 0 485 
950 20 1 0 75 1 4 0 0 75 0 486 
951 20 1 0 5 1 4 0 5 0 0 492 
952 20 1 0 5 1 4 5 0 0 0 493 
953 20 1 0 8 1 4 1 7 0 0 494 
954 20 1 0 2 1 4 0 1 1 0 495 
955 20 1 0 5 1 4 2 3 0 0 496 
956 20 0 1 0 22 15 16 16 20 12 15 14 -0.0631687 -15 969 970
957 21 0 1 0 17 17 16 15 15 20 16 14 -0.0444444 -14 971 972
958 21 1 0 4 1 4 0 1 0 3 84 
959 21 1 0 4 1 4 0 1 0 3 88 
960 21 0 1 0 8 26 17 13 4 22 15 20 -0.00568182 5 973 974
961 21 0 1 0 33 27 20 12 0 11 20 16 -0.0872276 18 975 976
962 21 0 1 0 9 12 19 13 10 19 20 12 -0.0434582 -10 977 978
963 21 0 1 0 35 25 20 12 28 23 18 17 -0.0649832 -5 979 980
964 21 0 1 0 12 32 12 13 20 18 18 13 -0.00640856 37 981 982
965 21 1 0 2 1 4 2 0 0 0 335 
966 21 0 1 0 32 21 18 15 31 1 20 16 -0.0159432 -2 983 984
967 21 0 1 0 18 16 17 15 30 29 14 17 -0.0188473 -95 985 986
968 21 1 0 2 1 4 0 1 1 0 423 
969 21 1 0 7 1 4 0 0 0 7 497 
970 21 0 1 0 26 4 13 14 20 1 13 17 -0.059595 -18 987 988
971 22 1 0 5 1 4 0 1 0 4 82 
972 22 1 0 67 1 4 0 0 0 67 83 
973 22 1 0 2 1 4 0 0 1 1 89 
974 22 1 0 86 1 4 0 0 0 86 90 
975 22 0 1 0 27 28 14 16 26 27 18 17 -0.00847458 2 989 990
976 22 0 1 0 18 6 19 12 21 14 18 17 -0.0873016 10 991 992
977 22 0 1 0 15 1 14 17 30 3 19 14 -0 18 993 994
978 22 0 1 0 0 22 17 13 2 22 19 14 -0.0337446 2 995 996
979 22 1 0 5 1 4 0 4 1 0 259 
980 22 0 1 0 21 2 14 17 22 4 16 14 -0.0227273 -11 997 998
981 22 0 1 0 16 4 19 12 13 3 12 18 -0.00219773 -3 999 1000
982 22 0 1 0 17 1 20 13 28 17 15 19 -0.409091 29 1001 1002
983 22 0 1 0 14 4 17 15 9 13 15 17 -0 -34 1003 1004
984 22 0 1 0 11 29 18 20 10 29 16 17 -0.0128145 -12 1005 1006
985 22 1 0 2 1 4 0 0 1 1 419 
986 22 0 1 0 20 20 12 19 18 17 18 16 -0.0115669 17 1007 1008
987 22 1 0 5 1 4 3 1 1 0 498 
988 22 0 1 0 17 25 12 16 22 31 12 16 -0.056402 18 1009 1010
989 23 1 0 57 1 4 0 57 0 0 149 
990 23 1 0 2 1 4 0 1 1 0 150 
991 23 0 1 0 27 0 17 15 2 15 17 12 -0 -1 1011 1012
992 23 1 0 13 1 4 13 0 0 0 153 
993 23 1 0 12 1 4 0 12 0 0 154 
994 23 1 0 3 1 4 0 0 0 3 155 
995 23 0 1 0 25 13 13 20 27 22 17 17 -0.0320706 -3 1013 1014
996 23 1 0 2 1 4 2 0 0 0 174 
997 23 1 0 2 1 4 1 1 0 0 260 
998 23 1 0 20 1 4 20 0 0 0 261 
999 23 1 0 2 1 4 1 1 0 0 262 
1000 23 0 1 0 1 32 14 13 1 2 16 17 -0.00171185 1 1015 1016
1001 23 1 0 2 1 4 1 0 0 1 268 
1002 23 1 0 9 1 4 9 0 0 0 269 
1003 23 1 0 3 1 4 3 0 0 0 336 
1004 23 1 0 9 1 4 0 9 0 0 337 
1005 23 1 0 2 1 4 0 1 1 0 338 
1006 23 0 1 0 21 14 20 18 21 20 20 18 -0.0115163 -6 1017 1018
1007 23 0 1 0 6 31 12 12 11 18 16 17 -0.00393701 -8 1019 1020
1008 23 1 0 2 1 4 0 0 1 1 422 
1009 23 0 1 0 10 15 12 14 10 14 17 14 -0.0540313 7 1021 1022
1010 23 1 0 3 1 4 1 2 0 0 547 
1011 24 1 0 11 1 4 0 11 0 0 151 
1012 24 1 0 3 1 4 3 0 0 0 152 
1013 24 0 1 0 18 11 16 17 26 25 20 20 -0.0162075 42 1023 1024
1014 24 0 1 0 4 21 16 13 6 23 19 15 -0.315789 -16 1025 1026
1015 24 1 0 2 1 4 1 1 0 0 263 
1016 24 0 1 0 5 33 13 16 8 22 14 20 -0.00122453 72 1027 1028
1017 24 0 1 0 28 26 15 17 18 27 19 19 -0.00677637 -5 1029 1030
1018 24 1 0 7 1 4 0 6 0 1 347 
1019 24 1 0 2 1 4 0 0 1 1 420 
1020 24 1 0 125 1 4 0 0 125 0 421 
1021 24 0 1 0 9 21 18 20 17 18 17 20 -0.0497086 -22 1031 1032
1022 24 0 1 0 28 6 20 17 5 10 12 17 -0.120635 -18 1033 1034
1023 25 0 1 0 1 33 14 13 28 11 18 15 -0.0138163 9 1035 1036
1024 25 1 0 2 1 4 0 1 0 1 169 
1025 25 1 0 3 1 4 0 0 0 3 170 
1026 25 0 1 0 26 4 13 17 26 23 14 19 -0.232143 -23 1037 1038
1027 25 0 1 0 1 27 16 13 1 27 13 12 -0.000735775 28 1039 1040
1028 25 1 0 2 1 4 1 1 0 0 267 
1029 25 0 1 0 24 26 12 19 20 26 18 14 -0.00554474 -5 1041 1042
1030 25 1 0 2 1 4 1 1 0 0 346 
1031 25 1 0 2 1 4 1 1 0 0 499 
1032 25 0 1 0 28 6 16 16 24 4 16 19 -0.0477891 -15 1043 1044
1033 25 1 0 9 1 4 1 8 0 0 545 
1034 25 1 0 5 1 4 0 0 4 1 546 
1035 26 0 1 0 29 26 19 14 28 26 20 19 -0.0107495 3 1045 1046
1036 26 0 1 0 32 26 18 14 7 22 15 14 -0 3 1047 1048
1037 26 1 0 2 1 4 0 1 0 1 171 
1038 26 0 1 0 25 24 19 15 17 6 18 20 -0 6 1049 1050
1039 26 0 1 0 16 1 18 19 11 6 20 20 -0.000436586 28 1051 1052
1040 26 1 0 2 1 4 1 1 0 0 266 
1041 26 0 1 0 23 18 13 14 24 20 20 15 -0.00432854 7 1053 1054
1042 26 1 0 2 1 4 0 1 1 0 345 
1043 26 1 0 2 1 4 1 1 0 0 500 
1044 26 0 1 0 32 16 16 13 27 9 12 13 -0.0464036 -35 1055 1056
1045 27 0 1 0 9 7 19 14 1 2 20 16 -0.0406891 66 1057 1058
1046 27 0 1 0 30 20 14 14 29 16 18 18 -0.0066906 -2 1059 1060
1047 27 1 0 18 1 4 0 18 0 0 167 
1048 27 1 0 4 1 4 4 0 0 0 168 
1049 27 1 0 2 1 4 2 0 0 0 172 
1050 27 1 0 12 1 4 0 12 0 0 173 
1051 27 1 0 2027 1 4 2027 0 0 0 264 
1052 27 1 0 9 1 4 8 1 0 0 265 
1053 27 0 1 0 3 29 12 17 4 25 16 17 -0.00331054 4 1061 1062
1054 27 1 0 2 1 4 1 1 0 0 344 
1055 27 1 0 3 1 4 0 0 0 3 501 
1056 27 0 1 0 17 33 13 19 9 25 20 16 -0.0452933 80 1063 1064
1057 28 0 1 0 15 27 15 17 7 31 15 20 -0.0107527 17 1065 1066
1058 28 1 0 4 1 4 3 1 0 0 158 
1059 28 0 1 0 25 26 17 17 28 21 15 15 -0.1 35 1067 1068
1060 28 0 1 0 1 27 17 20 2 28 14 18 -0.00250851 12 1069 1070
1061 28 0 1 0 3 25 18 18 2 31 12 14 -0.0021832 1 1071 1072
1062 28 1 0 3 1 4 1 2 0 0 343 
1063 28 0 1 0 3 29 18 16 4 27 12 12 -0.0437868 -23 1073 1074
1064 28 1 0 3 1 4 0 3 0 0 544 
1065 29 1 0 3 1 4 2 1 0 0 156 
1066 29 1 0 59 1 4 0 59 0 0 157 
1067 29 1 0 2 1 4 0 1 0 1 159 
1068 29 1 0 18 1 4 0 18 0 0 160 
1069 29 0 1 0 28 6 13 16 35 5 15 12 -0.00195383 43 1075 1076
1070 29 1 0 2 1 4 1 1 0 0 166 
1071 29 1 0 4 1 4 1 3 0 0 339 
1072 29 0 1 0 7 12 12 17 8 20 18 17 -0.00112923 21 1077 1078
1073 29 1 0 4 1 4 0 4 0 0 502 
1074 29 0 1 0 22 22 16 18 24 15 13 12 -0.0422887 -6 1079 1080
1075 30 0 1 0 31 26 17 14 34 32 12 12 -0.000956284 -28 1081 1082
1076 30 0 1 0 4 30 12 13 31 3 12 14 -0.0294118 -6 1083 1084
1077 30 1 0 787 1 4 0 787 0 0 340 
1078 30 0 1 0 22 30 13 12 19 5 19 18 -0.05 79 1085 1086
1079 30 1 0 4 1 4 2 0 2 0 503 
1080 30 0 1 0 33 4 15 14 29 11 16 14 -0.0398544 4 1087 1088
1081 31 0 1 0 6 18 14 20 15 27 16 12 -0.0333333 -7 1089 1090
1082 31 1 0 961 1 4 0 961 0 0 163 
1083 31 1 0 15 1 4 0 15 0 0 164 
1084 31 1 0 2 1 4 1 1 0 0 165 
1085 31 1 0 2 1 4 1 1 0 0 341 
1086 31 1 0 8 1 4 0 8 0 0 342 
1087 31 0 1 0 22 34 13 12 22 31 15 20 -0.0321839 42 1091 1092
1088 31 0 1 0 31 26 16 13 23 28 19 17 -0.0459806 -27 1093 1094
1089 32 1 0 2 1 4 1 1 0 0 161 
1090 32 1 0 13 1 4 0 13 0 0 162 
1091 32 0 1 0 7 1 19 18 1 29 18 12 -0.0301065 -3 1095 1096
1092 32 1 0 9 1 4 0 0 3 6 537 
1093 32 0 1 0 10 33 12 17 13 13 13 20 -0.041958 104 1097 1098
1094 32 0 1 0 20 30 17 13 8 33 13 15 -0.00894744 28 1099 1100
1095 33 0 1 0 3 27 15 18 20 12 15 15 -0.0278156 -5 1101 1102
1096 33 1 0 9 1 4 0 0 4 5 536 
1097 33 0 1 0 18 2 12 15 19 0 16 14 -0 2 1103 1104
1098 33 1 0 18 1 4 0 0 18 0 540 
1099 33 0 1 0 27 5 18 12 35 33 12 12 -0.0018315 -3 1105 1106
1100 33 1 0 6 1 4 0 3 3 0 543 
1101 34 1 0 3 1 4 1 1 1 0 504 
1102 34 0 1 0 15 14 16 13 19 20 13 15 -0.0259947 19 1107 1108
1103 34 1 0 24 1 4 0 24 0 0 538 
1104 34 1 0 2 1 4 0 0 2 0 539 
1105 34 1 0 271 1 4 0 0 271 0 541 
1106 34 1 0 2 1 4 0 1 1 0 542 
1107 35 0 1 0 17 26 14 20 24 34 13 15 -0.0250791 6 1109 1110
1108 35 1 0 2 1 4 0 0 0 2 535 
1109 36 0 1 0 24 30 12 16 30 10 15 13 -0.0233131 166 1111 1112
1110 36 1 0 8 1 4 0 0 4 4 534 
1111 37 0 1 0 35 32 15 12 17 9 20 17 -0.0219401 -9 1113 1114
1112 37 1 0 2 1 4 0 2 0 0 533 
1113 38 1 0 3 1 4 0 3 0 0 505 
1114 38 0 1 0 13 26 14 18 20 19 13 12 -0.0210376 -6 1115 1116
1115 39 1 0 2 1 4 1 0 1 0 506 
1116 39 0 1 0 9 20 16 19 19 23 13 14 -0.0191856 -66 1117 1118
1117 40 1 0 2 1 4 1 0 1 0 507 
1118 40 0 1 0 6 25 15 16 4 25 20 14 -0.01733 17 1119 1120
1119 41 0 1 0 26 12 18 20 1 29 12 14 -0.0170319 16 1121 1122
1120 41 1 0 2 1 4 0 0 0 2 532 
1121 42 0 1 0 26 16 17 14 24 11 16 14 -0.0161361 -6 1123 1124
1122 42 1 0 6 1 4 0 0 4 2 531 
1123 43 1 0 6 1 4 0 0 4 2 508 
1124 43 0 1 0 23 24 17 15 23 18 18 12 -0.0152873 -2 1125 1126
1125 44 1 0 7 1 4 1 0 6 0 509 
1126 44 0 1 0 17 18 18 19 21 24 13 18 -0.013478 9 1127 1128
1127 45 0 1 0 14 20 14 15 13 18 16 18 -0.0130152 -6 1129 1130
1128 45 1 0 2 1 4 0 0 1 1 530 
1129 46 1 0 2 1 4 0 0 1 1 510 
1130 46 0 1 0 13 6 12 19 4 28 19 12 -0.0125556 -1 1131 1132
1131 47 0 1 0 3 15 18 20 7 18 13 12 -0.0120947 28 1133 1134
1132 47 1 0 2 1 4 0 1 1 0 529 
1133 48 0 1 0 8 19 14 18 14 13 17 12 -0.0117117 -10 1135 1136
1134 48 1 0 2 1 4 0 1 1 0 528 
1135 49 1 0 3 1 4 0 1 2 0 511 
1136 49 0 1 0 33 25 16 12 28 8 13 18 -0.0112517 -4 1137 1138
1137 50 1 0 3 1 4 0 0 2 1 512 
1138 50 0 1 0 32 35 12 12 24 5 12 20 -0.0107134 6 1139 1140
1139 51 1 0 2 1 4 0 1 1 0 513 
1140 51 0 1 0 31 30 17 15 15 12 15 19 -0.0103539 33 1141 1142
1141 52 0 1 0 25 15 14 16 11 12 20 18 -0.0454323 -22 1143 1144
1142 52 0 1 0 16 28 12 19 17 26 19 13 -0.00404674 -30 1145 1146
1143 53 1 0 6 1 4 2 0 4 0 514 
1144 53 0 1 0 17 17 17 16 22 19 14 13 -0.0216762 -7 1147 1148
1145 53 1 0 2 1 4 0 0 1 1 519 
1146 53 0 1 0 19 32 15 15 23 30 13 14 -0.00368683 31 1149 1150
1147 54 0 1 0 18 17 16 19 27 29 18 20 -0.0416667 -9 1151 1152
1148 54 0 1 0 24 22 18 20 25 19 18 12 -0.00289855 11 1153 1154
1149 54 0 1 0 5 3 17 12 31 27 18 16 -0.00264214 -15 1155 1156
1150 54 0 1 0 4 13 15 13 13 32 15 16 -0 -96 1157 1158
1151 55 1 0 2 1 4 1 1 0 0 515 
1152 55 1 0 10 1 4 0 0 10 0 516 
1153 55 1 0 227 1 4 0 0 227 0 517 
1154 55 1 0 3 1 4 0 1 2 0 518 
1155 55 0 1 0 25 13 13 20 28 18 16 19 -0.00201193 10 1159 1160
1156 55 1 0 6 1 4 0 1 5 0 525 
1157 55 1 0 20 1 4 0 0 20 0 526 
1158 55 1 0 2 1 4 0 0 0 2 527 
1159 56 0 1 0 1 27 19 12 9 9 17 16 -0.0015349 6 1161 1162
1160 56 1 0 3 1 4 0 0 2 1 524 
1161 57 0 1 0 23 8 13 20 22 6 19 16 -0 -4 1163 1164
1162 57 0 1 0 30 29 14 16 35 32 15 12 -0.000370782 30 1165 1166
1163 58 1 0 2 1 4 0 0 0 2 520 
1164 58 1 0 17 1 4 0 0 17 0 521 
1165 58 1 0 1795 1 4 0 0 1795 0 522 
1166 58 1 0 3 1 4 0 0 2 1 523 
